Feature ID,Feature Name,Feature count topic 1,Feature log2 fold change topic 1,Feature count topic 2to9,Feature log2 fold change topic 2to9
ENSG00000228794,LINC01128,7,-2.2863,35,2.28633
ENSG00000188976,NOC2L,8,-2.5042,49,2.50429
ENSG00000188290,HES4,144,1.84773,40,-1.8477
ENSG00000187608,ISG15,68,0.67025,42,-0.6702
ENSG00000078808,SDF4,59,-0.2122,68,0.21225
ENSG00000176022,B3GALT6,15,-0.9494,30,0.94944
ENSG00000160087,UBE2J2,15,-1.4698,43,1.46988
ENSG00000131584,ACAP3,44,-0.4072,59,0.40724
ENSG00000127054,INTS11,22,-1.4023,58,1.40233
ENSG00000107404,DVL1,49,-0.1719,56,0.17192
ENSG00000175756,AURKAIP1,37,-1.7806,128,1.78061
ENSG00000221978,CCNL2,48,0.01529,48,-0.0152
ENSG00000242485,MRPL20,133,-0.3904,175,0.39043
ENSG00000179403,VWA1,28,0.27887,23,-0.2788
ENSG00000205090,TMEM240,14,-1.1950,32,1.19500
ENSG00000160075,SSU72,141,-0.3528,181,0.35282
ENSG00000228594,FNDC10,6,-2.2912,30,2.29124
ENSG00000197530,MIB2,10,-1.5260,29,1.52608
ENSG00000189339,SLC35E2B,48,0.49447,34,-0.4944
ENSG00000008130,NADK,24,-0.0455,25,0.04553
ENSG00000078369,GNB1,329,-0.6984,535,0.69844
ENSG00000187730,GABRD,35,-2.4690,196,2.46905
ENSG00000067606,PRKCZ,24,-2.8875,179,2.88756
ENSG00000162585,FAAP20,55,0.48991,39,-0.4899
ENSG00000157933,SKI,51,0.66236,32,-0.6623
ENSG00000157916,RER1,59,-0.0351,61,0.03516
ENSG00000157870,PRXL2B,12,-1.6424,38,1.64244
ENSG00000158109,TPRG1L,62,-1.7398,208,1.73980
ENSG00000130764,LRRC47,32,-1.4672,89,1.46724
ENSG00000196581,AJAP1,33,-0.5436,49,0.54368
ENSG00000069424,KCNAB2,103,-0.8938,193,0.89383
ENSG00000116254,CHD5,54,-1.3151,134,1.31511
ENSG00000116251,RPL22,1190,1.57777,398,-1.5777
ENSG00000116237,ICMT,47,0.15137,42,-0.1513
ENSG00000097021,ACOT7,92,-1.4609,255,1.46092
ENSG00000171680,PLEKHG5,24,-0.6182,37,0.61829
ENSG00000162408,NOL9,35,-0.0052,35,0.00523
ENSG00000162413,KLHL21,15,-1.2440,37,1.24406
ENSG00000007923,DNAJC11,33,-0.2010,38,0.20107
ENSG00000171735,CAMTA1,171,-0.7410,286,0.74105
ENSG00000049245,VAMP3,48,1.03653,23,-1.0365
ENSG00000049246,PER3,23,0.04409,22,-0.0440
ENSG00000116288,PARK7,183,-0.9250,347,0.92500
ENSG00000116285,ERRFI1,34,0.12834,31,-0.1283
ENSG00000162426,SLC45A1,1,-4.9474,31,4.94740
ENSG00000142599,RERE,119,-0.0558,124,0.05585
ENSG00000074800,ENO1,398,-0.4081,528,0.40813
ENSG00000171612,SLC25A33,12,-1.4356,34,1.43568
ENSG00000171603,CLSTN1,185,-2.1451,819,2.14518
ENSG00000178585,CTNNBIP1,2,-3.4634,30,3.46343
ENSG00000162441,LZIC,78,0.99944,39,-0.9994
ENSG00000130939,UBE4B,32,-0.6968,52,0.69680
ENSG00000054523,KIF1B,221,-0.4989,313,0.49897
ENSG00000142657,PGD,61,0.13880,55,-0.1388
ENSG00000160049,DFFA,77,0.97707,39,-0.9770
ENSG00000142655,PEX14,8,-1.5784,24,1.57843
ENSG00000120948,TARDBP,139,0.63892,89,-0.6389
ENSG00000116649,SRM,75,-0.1147,81,0.11478
ENSG00000198793,MTOR,25,-0.9468,48,0.94681
ENSG00000116661,FBXO2,158,-0.1389,174,0.13891
ENSG00000132879,FBXO44,51,-0.8594,93,0.85949
ENSG00000011021,CLCN6,30,-1.1561,68,1.15611
ENSG00000116685,KIAA2013,7,-2.1206,34,2.12066
ENSG00000083444,PLOD1,58,0.98380,29,-0.9838
ENSG00000116688,MFN2,35,-1.6030,106,1.60308
ENSG00000048707,VPS13D,72,0.22783,62,-0.2278
ENSG00000116731,PRDM2,99,0.02435,98,-0.0243
ENSG00000189337,KAZN,37,-0.4944,52,0.49443
ENSG00000142634,EFHD2,44,-1.0541,92,1.05413
ENSG00000116138,DNAJC16,48,0.20367,42,-0.2036
ENSG00000197312,DDI2,29,0.02421,28,-0.0242
ENSG00000116786,PLEKHM2,22,-2.2637,106,2.26371
ENSG00000065526,SPEN,114,1.70613,35,-1.7061
ENSG00000159363,ATP13A2,55,-1.3137,138,1.31376
ENSG00000117118,SDHB,59,-0.7622,101,0.76222
ENSG00000117115,PADI2,29,0.29652,24,-0.2965
ENSG00000179051,RCC2,15,-0.9876,31,0.98767
ENSG00000117154,IGSF21,40,-1.1098,86,1.10989
ENSG00000127481,UBR4,34,0.35064,26,-0.3506
ENSG00000127463,EMC1,21,-0.8315,38,0.83156
ENSG00000053372,MRTO4,1,-4.4239,35,4.42392
ENSG00000053371,AKR7A2,12,-1.6320,39,1.63203
ENSG00000077549,CAPZB,213,0.53514,147,-0.5351
ENSG00000173436,MICOS10,245,-0.3240,306,0.32405
ENSG00000158747,NBL1,118,-0.0823,125,0.08237
ENSG00000162545,CAMK2N1,753,-0.9160,1421,0.91604
ENSG00000090432,MUL1,15,-0.7037,25,0.70379
ENSG00000158828,PINK1,175,-1.1858,399,1.18589
ENSG00000244038,DDOST,54,0.80482,31,-0.8048
ENSG00000117245,KIF17,7,-2.1448,31,2.14486
ENSG00000189410,SH2D5,5,-2.8243,40,2.82432
ENSG00000127483,HP1BP3,239,0.42528,178,-0.4252
ENSG00000075151,EIF4G3,154,-0.1439,171,0.14395
ENSG00000076864,RAP1GAP,36,-1.7125,119,1.71255
ENSG00000090686,USP48,103,0.89934,55,-0.8993
ENSG00000070831,CDC42,240,0.20799,208,-0.2079
ENSG00000173369,C1QB,158,2.28304,32,-2.2830
ENSG00000004487,KDM1A,51,-0.1462,56,0.14625
ENSG00000169641,LUZP1,63,-0.3952,83,0.39529
ENSG00000125944,HNRNPR,87,-0.5669,129,0.56692
ENSG00000117318,ID3,510,4.59770,21,-4.5977
ENSG00000142676,RPL11,1345,1.42619,500,-1.4261
ENSG00000057757,PITHD1,45,-2.1926,209,2.19261
ENSG00000011009,LYPLA2,19,-0.8428,35,0.84289
ENSG00000189266,PNRC2,126,1.23925,53,-1.2392
ENSG00000188529,SRSF10,62,-0.2021,71,0.20216
ENSG00000001461,NIPAL3,20,-1.8434,73,1.84343
ENSG00000133226,SRRM1,85,0.70070,52,-0.7007
ENSG00000169504,CLIC4,339,3.37725,32,-3.3772
ENSG00000117614,SYF2,153,1.38317,58,-1.3831
ENSG00000117616,RSRP1,64,0.58894,42,-0.5889
ENSG00000183726,TMEM50A,132,0.54341,90,-0.5434
ENSG00000204178,MACO1,46,0.46695,33,-0.4669
ENSG00000117643,MAN1C1,8,-2.8142,59,2.81429
ENSG00000117640,MTFR1L,27,-1.1169,59,1.11692
ENSG00000117632,STMN1,352,-2.0200,1429,2.02001
ENSG00000158008,EXTL1,22,-0.5641,33,0.56413
ENSG00000142684,ZNF593,27,-0.4070,36,0.40704
ENSG00000142669,SH3BGRL3,284,0.65308,180,-0.6530
ENSG00000198830,HMGN2,423,1.40282,160,-1.4028
ENSG00000117713,ARID1A,52,-0.2931,64,0.29310
ENSG00000090273,NUDC,86,-1.3833,225,1.38331
ENSG00000253368,TRNP1,27,-1.3181,69,1.31818
ENSG00000090020,SLC9A1,2,-3.3764,29,3.37644
ENSG00000142784,WDTC1,5,-2.4122,31,2.41224
ENSG00000186501,TMEM222,22,-1.0173,46,1.01737
ENSG00000158195,WASF2,128,2.37357,24,-2.3735
ENSG00000126705,AHDC1,8,-2.4073,44,2.40733
ENSG00000126709,IFI6,128,0.60459,84,-0.6045
ENSG00000117758,STX12,55,-0.8211,98,0.82116
ENSG00000117751,PPP1R8,18,-0.6014,28,0.60148
ENSG00000117748,RPA2,25,-1.4609,71,1.46091
ENSG00000126698,DNAJC8,138,0.19768,120,-0.1976
ENSG00000130770,ATP5IF1,247,-0.8078,433,0.80781
ENSG00000198492,YTHDF2,34,-1.2688,83,1.26886
ENSG00000116350,SRSF4,77,0.50215,55,-0.5021
ENSG00000116353,MECR,6,-2.1589,27,2.15893
ENSG00000162512,SDC3,21,-2.0232,86,2.02321
ENSG00000134644,PUM1,86,-0.9166,163,0.91668
ENSG00000121766,ZCCHC17,86,0.08204,81,-0.0820
ENSG00000121769,FABP3,32,-1.5734,95,1.57348
ENSG00000162517,PEF1,75,-0.3150,93,0.31509
ENSG00000084636,COL16A1,11,-1.5479,34,1.54792
ENSG00000121753,ADGRB2,144,-0.3970,190,0.39708
ENSG00000184007,PTP4A2,178,0.38277,137,-0.3827
ENSG00000121774,KHDRBS1,112,-0.2447,132,0.24474
ENSG00000025800,KPNA6,53,0.05940,51,-0.0594
ENSG00000084623,EIF3I,94,-0.1617,106,0.16179
ENSG00000175130,MARCKSL1,79,-0.7582,133,0.75822
ENSG00000160058,BSDC1,19,-1.5769,56,1.57692
ENSG00000176261,ZBTB8OS,68,0.58183,45,-0.5818
ENSG00000162521,RBBP4,117,0.50715,82,-0.5071
ENSG00000162522,KIAA1522,18,-0.6967,30,0.69674
ENSG00000134684,YARS,68,-0.7671,116,0.76716
ENSG00000160097,FNDC5,19,-0.8968,35,0.89683
ENSG00000121905,HPCA,33,-2.5176,189,2.51762
ENSG00000121900,TMEM54,26,-0.6555,41,0.65553
ENSG00000004455,AK2,34,0.23187,28,-0.2318
ENSG00000142920,AZIN2,2,-3.1637,23,3.16377
ENSG00000134686,PHC2,44,-0.4016,58,0.40169
ENSG00000163866,SMIM12,52,-0.1457,57,0.14578
ENSG00000116544,DLGAP3,18,-1.4203,49,1.42039
ENSG00000163867,ZMYM6,20,-0.1995,23,0.19951
ENSG00000116560,SFPQ,133,-0.4364,180,0.43641
ENSG00000146463,ZMYM4,223,2.09721,52,-2.0972
ENSG00000142687,KIAA0319L,38,-0.6346,60,0.63460
ENSG00000020129,NCDN,201,-1.3113,501,1.31131
ENSG00000126067,PSMB2,94,-0.3574,121,0.35744
ENSG00000142686,C1orf216,65,-0.4581,90,0.45817
ENSG00000092847,AGO1,12,-1.4175,33,1.41757
ENSG00000126070,AGO3,27,0.13229,25,-0.1322
ENSG00000054116,TRAPPC3,2,-4.7065,60,4.70657
ENSG00000116871,MAP7D1,92,-0.8154,162,0.81541
ENSG00000054118,THRAP3,86,0.56653,58,-0.5665
ENSG00000181817,LSM10,12,-1.8493,43,1.84936
ENSG00000116898,MRPS15,41,-0.3012,50,0.30123
ENSG00000163875,MEAF6,74,-0.5689,110,0.56899
ENSG00000185090,MANEAL,7,-1.9749,30,1.97494
ENSG00000197982,C1orf122,105,-0.4780,146,0.47807
ENSG00000183431,SF3A3,33,-0.3425,42,0.34250
ENSG00000183520,UTP11,22,-0.5485,32,0.54859
ENSG00000116954,RRAGC,21,-1.1342,47,1.13422
ENSG00000174574,AKIRIN1,31,-1.6090,96,1.60905
ENSG00000168653,NDUFS5,430,-0.5693,638,0.56939
ENSG00000127603,MACF1,487,1.45049,178,-1.4504
ENSG00000090621,PABPC4,114,0.86710,62,-0.8671
ENSG00000116983,HPCAL4,145,-0.9089,273,0.90897
ENSG00000084072,PPIE,15,-1.3703,39,1.37035
ENSG00000131236,CAP1,210,0.63638,135,-0.6363
ENSG00000131238,PPT1,129,-0.3177,161,0.31773
ENSG00000084073,ZMPSTE24,59,0.50558,41,-0.5055
ENSG00000084070,SMAP2,45,-1.3739,117,1.37397
ENSG00000117016,RIMS3,79,-1.2720,192,1.27207
ENSG00000066136,NFYC,57,0.24285,48,-0.2428
ENSG00000179862,CITED4,1,-4.5474,30,4.54749
ENSG00000198815,FOXJ3,37,-0.7556,63,0.75563
ENSG00000177181,RIMKLA,35,-0.6399,55,0.63992
ENSG00000127125,PPCS,76,0.52203,53,-0.5220
ENSG00000065978,YBX1,1151,3.71448,87,-3.7144
ENSG00000177868,SVBP,62,0.45677,45,-0.4567
ENSG00000117394,SLC2A1,436,2.90421,58,-2.9042
ENSG00000117395,EBNA1BP2,76,-0.2705,92,0.27053
ENSG00000066322,ELOVL1,33,0.29659,27,-0.2965
ENSG00000142949,PTPRF,78,-0.7245,130,0.72453
ENSG00000126091,ST3GAL3,19,-1.1214,42,1.12149
ENSG00000117408,IPO13,30,-0.6533,47,0.65330
ENSG00000117410,ATP6V0B,175,-1.3091,435,1.30917
ENSG00000117411,B4GALT2,49,-0.1084,53,0.10847
ENSG00000178028,DMAP1,46,-0.0180,46,0.01800
ENSG00000117419,ERI3,140,0.00922,139,-0.0092
ENSG00000187147,RNF220,53,-1.2352,126,1.23523
ENSG00000142937,RPS8,2300,1.75086,683,-1.7508
ENSG00000070785,EIF2B3,26,0.19782,22,-0.1978
ENSG00000126088,UROD,42,-0.8654,78,0.86546
ENSG00000117450,PRDX1,358,-0.0019,359,0.00191
ENSG00000117448,AKR1A1,45,0.27879,37,-0.2787
ENSG00000132780,NASP,58,0.94053,30,-0.9405
ENSG00000159592,GPBP1L1,25,-0.5909,38,0.59099
ENSG00000086015,MAST2,29,-0.0707,30,0.07072
ENSG00000085998,POMGNT1,23,-1.1820,54,1.18201
ENSG00000132128,LRRC41,66,0.22088,57,-0.2208
ENSG00000173660,UQCRH,306,-1.1734,692,1.17343
ENSG00000117480,FAAH,25,-0.3674,32,0.36748
ENSG00000123472,ATPAF1,52,-1.3957,138,1.39573
ENSG00000159658,EFCAB14,131,0.99395,65,-0.9939
ENSG00000186377,CYP4X1,7,-1.9959,31,1.99591
ENSG00000162368,CMPK1,114,-0.2802,139,0.28022
ENSG00000162373,BEND5,6,-2.8877,48,2.88773
ENSG00000162374,ELAVL4,98,-1.4833,275,1.48339
ENSG00000185104,FAF1,34,-0.1813,39,0.18132
ENSG00000123091,RNF11,184,-1.2773,447,1.27731
ENSG00000085832,EPS15,169,-0.4203,227,0.42033
ENSG00000117859,OSBPL9,118,2.42722,21,-2.4272
ENSG00000078618,NRDC,105,0.47079,75,-0.4707
ENSG00000169213,RAB3B,0,-6.4749,45,6.47493
ENSG00000117862,TXNDC12,58,0.72082,35,-0.7208
ENSG00000134717,BTF3L4,47,-0.9252,89,0.92522
ENSG00000157077,ZFYVE9,32,-0.7651,55,0.76511
ENSG00000134748,PRPF38A,70,1.21102,30,-1.2110
ENSG00000134744,TUT4,116,1.61952,37,-1.6195
ENSG00000162378,ZYG11B,64,-1.3672,167,1.36728
ENSG00000116171,SCP2,143,0.20918,124,-0.2091
ENSG00000162384,CZIB,29,-0.7719,50,0.77197
ENSG00000162385,MAGOH,52,0.59891,34,-0.5989
ENSG00000157193,LRP8,17,-0.9342,33,0.93422
ENSG00000081870,HSPB11,32,-0.0786,34,0.07862
ENSG00000116209,TMEM59,175,-0.4907,247,0.49075
ENSG00000116221,MRPL37,22,-1.3202,55,1.32021
ENSG00000157216,SSBP3,62,-1.4728,173,1.47282
ENSG00000116133,DHCR24,64,-1.4248,174,1.42487
ENSG00000162402,USP24,49,0.45547,35,-0.4554
ENSG00000162407,PLPP3,133,-0.3374,168,0.33748
ENSG00000162409,PRKAA2,33,-0.5964,50,0.59641
ENSG00000162601,MYSM1,35,-0.5482,52,0.54825
ENSG00000177606,JUN,171,0.88285,92,-0.8828
ENSG00000134709,HOOK1,15,-1.4922,43,1.49228
ENSG00000162599,NFIA,245,1.62716,79,-1.6271
ENSG00000162604,TM2D1,90,0.34183,71,-0.3418
ENSG00000162607,USP1,62,0.91237,33,-0.9123
ENSG00000116641,DOCK7,91,0.88452,49,-0.8845
ENSG00000125703,ATG4C,11,-1.3170,29,1.31706
ENSG00000079739,PGM1,20,-1.1064,45,1.10647
ENSG00000162434,JAK1,126,0.48797,90,-0.4879
ENSG00000162433,AK4,80,0.36632,62,-0.3663
ENSG00000116675,DNAJC6,149,-1.5846,449,1.58463
ENSG00000213625,LEPROT,117,2.46267,21,-2.4626
ENSG00000184588,PDE4B,36,-0.8860,66,0.88606
ENSG00000118473,SGIP1,95,-0.5322,137,0.53226
ENSG00000198160,MIER1,105,1.86168,29,-1.8616
ENSG00000142864,SERBP1,231,0.58888,153,-0.5888
ENSG00000116717,GADD45A,41,0.61672,27,-0.6167
ENSG00000116729,WLS,74,0.21399,64,-0.2139
ENSG00000033122,LRRC7,27,-1.5233,78,1.52330
ENSG00000066557,LRRC40,18,-0.8485,32,0.84851
ENSG00000116754,SRSF11,138,0.08232,131,-0.0823
ENSG00000118454,ANKRD13C,33,-0.2988,41,0.29887
ENSG00000132485,ZRANB2,89,-0.3660,114,0.36607
ENSG00000172260,NEGR1,139,-1.0678,292,1.06787
ENSG00000178965,ERICH3,22,-1.6671,72,1.66711
ENSG00000116791,CRYZ,7,-2.4504,41,2.45044
ENSG00000162623,TYW3,23,-0.7783,40,0.77830
ENSG00000117054,ACADM,64,-0.0374,66,0.03741
ENSG00000137955,RABGGTB,65,0.60476,42,-0.6047
ENSG00000117069,ST6GALNAC5,22,-1.4789,63,1.47898
ENSG00000142892,PIGK,24,-1.0599,50,1.05995
ENSG00000154027,AK5,85,-1.7008,277,1.70085
ENSG00000036549,AC118549.1,71,1.20917,30,-1.2091
ENSG00000077254,USP33,202,0.54175,138,-0.5417
ENSG00000180488,MIGA1,54,-1.1543,121,1.15430
ENSG00000162613,FUBP1,106,1.13103,48,-1.1310
ENSG00000162616,DNAJB4,43,-0.5996,65,0.59960
ENSG00000117114,ADGRL2,44,-0.3034,54,0.30346
ENSG00000137941,TTLL7,108,-0.5633,160,0.56331
ENSG00000142875,PRKACB,356,-0.8366,636,0.83668
ENSG00000117133,RPF1,74,1.04927,35,-1.0492
ENSG00000174021,GNG5,145,1.81411,41,-1.8141
ENSG00000117155,SSX2IP,45,-2.0814,194,2.08146
ENSG00000162642,C1orf52,19,-1.7302,65,1.73024
ENSG00000153904,DDAH1,130,-1.0018,260,1.00189
ENSG00000117174,ZNHIT6,5,-2.3488,30,2.34888
ENSG00000122417,ODF2L,79,1.16896,35,-1.1689
ENSG00000097033,SH3GLB1,112,1.26762,46,-1.2676
ENSG00000183291,SELENOF,154,0.20818,133,-0.2081
ENSG00000153936,HS2ST1,33,-0.7518,56,0.75185
ENSG00000143013,LMO4,146,-2.5665,867,2.56659
ENSG00000065243,PKN2,91,1.67912,28,-1.6791
ENSG00000137947,GTF2B,36,0.01254,36,-0.0125
ENSG00000197147,LRRC8B,75,-0.7868,129,0.78688
ENSG00000171492,LRRC8D,2,-3.4941,32,3.49415
ENSG00000162664,ZNF326,75,1.43445,28,-1.4344
ENSG00000233593,LINC02609,11,-1.6183,34,1.61830
ENSG00000122482,ZNF644,97,1.13416,44,-1.1341
ENSG00000172031,EPHX4,9,-2.8073,68,2.80739
ENSG00000189195,BTBD8,131,-0.6950,212,0.69506
ENSG00000122484,RPAP2,68,1.16561,30,-1.1656
ENSG00000067208,EVI5,71,0.82056,40,-0.8205
ENSG00000122406,RPL5,1001,1.14137,454,-1.1413
ENSG00000154511,DIPK1A,40,-0.2319,48,0.23195
ENSG00000117500,TMED5,93,0.90402,50,-0.9040
ENSG00000117505,DR1,42,-0.3000,52,0.30007
ENSG00000137942,FNBP1L,31,0.56435,21,-0.5643
ENSG00000067334,DNTTIP2,67,0.61275,44,-0.6127
ENSG00000023909,GCLM,21,-0.8501,39,0.85015
ENSG00000117528,ABCD3,40,-0.2653,48,0.26532
ENSG00000117525,F3,141,1.19023,61,-1.1902
ENSG00000117519,CNN3,220,1.06426,105,-1.0642
ENSG00000152078,TLCD4,67,-0.2564,81,0.25646
ENSG00000228971,LINC02607,5,-2.3495,27,2.34957
ENSG00000117569,PTBP2,49,-0.4256,67,0.42567
ENSG00000117598,PLPPR5,16,-1.0046,33,1.00468
ENSG00000117600,PLPPR4,59,-1.2059,137,1.20599
ENSG00000162688,AGL,44,0.44438,32,-0.4443
ENSG00000156875,MFSD14A,22,-0.7207,37,0.72077
ENSG00000137992,DBT,41,-0.1489,46,0.14894
ENSG00000137996,RTCA,16,-1.8279,58,1.82794
ENSG00000162694,EXTL2,7,-3.3704,80,3.37043
ENSG00000170989,S1PR1,134,1.79944,38,-1.7994
ENSG00000118733,OLFM3,34,-1.6050,106,1.60509
ENSG00000185946,RNPC3,94,1.85848,25,-1.8584
ENSG00000162631,NTNG1,13,-1.3232,33,1.32320
ENSG00000162636,FAM102B,1,-4.9389,59,4.93896
ENSG00000162639,HENMT1,0,-5.1584,23,5.15843
ENSG00000134186,PRPF38B,81,1.63517,26,-1.6351
ENSG00000116266,STXBP3,76,0.67489,47,-0.6748
ENSG00000121940,CLCC1,52,1.09021,24,-1.0902
ENSG00000085433,WDR47,47,-1.8636,172,1.86360
ENSG00000197780,TAF13,115,0.04754,111,-0.0475
ENSG00000215717,TMEM167B,51,0.00269,51,-0.0026
ENSG00000116299,KIAA1324,10,-1.2965,25,1.29658
ENSG00000031698,SARS,103,-0.8798,190,0.87984
ENSG00000143126,CELSR2,32,-2.1503,144,2.15030
ENSG00000134222,PSRC1,29,-0.0221,30,0.02219
ENSG00000134243,SORT1,219,-0.2097,253,0.20971
ENSG00000143106,PSMA5,53,-0.6236,82,0.62369
ENSG00000181754,AMIGO1,3,-3.3216,37,3.32162
ENSG00000116337,AMPD2,16,-2.0282,68,2.02829
ENSG00000168765,GSTM4,19,-0.3333,24,0.33339
ENSG00000134201,GSTM5,104,2.27431,21,-2.2743
ENSG00000134202,GSTM3,202,0.56297,137,-0.5629
ENSG00000168710,AHCYL1,324,0.27345,268,-0.2734
ENSG00000143093,STRIP1,9,-2.0496,40,2.04962
ENSG00000197106,SLC6A17,27,-2.2374,130,2.23745
ENSG00000116396,KCNC4,15,-1.6579,49,1.65793
ENSG00000134248,LAMTOR5,110,-0.5606,162,0.56065
ENSG00000177301,KCNA2,62,-1.8061,217,1.80614
ENSG00000259834,AL365361.1,9,-1.8962,33,1.89623
ENSG00000134255,CEPT1,34,0.21428,29,-0.2142
ENSG00000116459,ATP5PB,149,-0.4030,197,0.40309
ENSG00000116473,RAP1A,213,2.09860,49,-2.0986
ENSG00000197852,INKA2,21,-0.5332,30,0.53325
ENSG00000171385,KCND3,72,-0.3161,89,0.31617
ENSG00000116489,CAPZA1,32,-1.1329,71,1.13294
ENSG00000155366,RHOC,114,1.66932,35,-1.6693
ENSG00000155380,SLC16A1,91,2.02144,22,-2.0214
ENSG00000081026,MAGI3,59,0.78264,34,-0.7826
ENSG00000081019,RSBN1,47,0.25593,39,-0.2559
ENSG00000163349,HIPK1,55,-0.3367,69,0.33670
ENSG00000197323,TRIM33,23,-1.3315,59,1.33157
ENSG00000116752,BCAS2,108,0.10237,101,-0.1023
ENSG00000213281,NRAS,25,-0.1226,28,0.12267
ENSG00000009307,CSDE1,386,0.35919,301,-0.3591
ENSG00000052723,SIKE1,44,0.82073,25,-0.8207
ENSG00000163399,ATP1A1,405,-1.0238,825,1.02389
ENSG00000134247,PTGFRN,6,-2.6532,39,2.65329
ENSG00000198162,MAN1A2,849,1.68271,264,-1.6827
ENSG00000092621,PHGDH,32,-0.2669,39,0.26695
ENSG00000134250,NOTCH2,104,1.64141,33,-1.6414
ENSG00000265808,SEC22B,68,-0.0753,72,0.07536
ENSG00000226067,LINC00623,7,-1.8807,27,1.88074
ENSG00000171943,SRGAP2C,63,1.34418,24,-1.3441
ENSG00000232527,LINC02802,28,-0.3510,35,0.35104
ENSG00000265491,RNF115,56,0.17497,50,-0.1749
ENSG00000131779,PEX11B,5,-3.0014,47,3.00142
ENSG00000265241,RBM8A,91,-0.0208,93,0.02086
ENSG00000272031,ANKRD34A,8,-2.8403,61,2.84036
ENSG00000121851,POLR3GL,48,0.68182,30,-0.6818
ENSG00000265972,TXNIP,658,4.52787,28,-4.5278
ENSG00000178104,PDE4DIP,164,-0.3547,210,0.35472
ENSG00000159164,SV2A,106,-1.5236,307,1.52368
ENSG00000143368,SF3B4,19,-0.5618,28,0.56187
ENSG00000136631,VPS45,32,-0.3950,43,0.39509
ENSG00000023902,PLEKHO1,47,0.16318,42,-0.1631
ENSG00000143401,ANP32E,127,1.20605,55,-1.2060
ENSG00000117362,APH1A,43,0.54005,30,-0.5400
ENSG00000266472,MRPS21,176,-0.2531,210,0.25314
ENSG00000163125,RPRD2,23,-1.1946,53,1.19469
ENSG00000143384,MCL1,117,1.28497,48,-1.2849
ENSG00000143420,ENSA,193,-0.3085,240,0.30856
ENSG00000143418,CERS2,72,1.62078,23,-1.6207
ENSG00000197622,CDC42SE1,21,-0.5813,31,0.58131
ENSG00000213190,MLLT11,83,-2.1656,376,2.16564
ENSG00000163156,SCNM1,19,-0.2970,23,0.29708
ENSG00000163159,VPS72,2,-4.2497,42,4.24972
ENSG00000159352,PSMD4,49,-1.3867,128,1.38679
ENSG00000143393,PI4KB,33,-1.0960,71,1.09607
ENSG00000159377,PSMB4,125,-0.9797,247,0.97973
ENSG00000143442,POGZ,95,0.69792,59,-0.6979
ENSG00000143376,SNX27,50,-0.6839,80,0.68398
ENSG00000159409,CELF3,9,-2.5000,53,2.50005
ENSG00000143436,MRPL9,20,-1.3331,51,1.33313
ENSG00000197956,S100A6,861,1.89705,231,-1.8970
ENSG00000188643,S100A16,40,0.72486,24,-0.7248
ENSG00000189171,S100A13,104,0.34313,82,-0.3431
ENSG00000160678,S100A1,25,-1.7858,89,1.78583
ENSG00000160679,CHTOP,16,-1.7711,54,1.77112
ENSG00000143553,SNAPIN,72,0.93050,38,-0.9305
ENSG00000143621,ILF2,74,-0.1910,84,0.19108
ENSG00000143624,INTS3,28,-0.6922,45,0.69229
ENSG00000143614,GATAD2B,25,-0.8258,44,0.82589
ENSG00000198837,DENND4B,37,-0.1614,41,0.16145
ENSG00000143543,JTB,127,-0.3462,162,0.34623
ENSG00000177954,RPS27,3294,1.45048,1205,-1.4504
ENSG00000143549,TPM3,347,0.77086,203,-0.7708
ENSG00000143612,C1orf43,58,-1.2479,138,1.24793
ENSG00000143569,UBAP2L,43,-0.4138,58,0.41382
ENSG00000143575,HAX1,70,-0.1836,79,0.18366
ENSG00000160714,UBE2Q1,61,-0.7380,102,0.73801
ENSG00000160716,CHRNB2,0,-5.7162,24,5.71620
ENSG00000160710,ADAR,160,-0.1121,173,0.11218
ENSG00000143603,KCNN3,49,0.89685,26,-0.8968
ENSG00000163344,PMVK,43,-0.7768,73,0.77682
ENSG00000163346,PBXIP1,70,0.24885,59,-0.2488
ENSG00000163348,PYGO2,11,-1.1990,26,1.19907
ENSG00000143590,EFNA3,11,-1.4254,29,1.42545
ENSG00000179085,DPM3,152,1.18230,67,-1.1823
ENSG00000163463,KRTCAP2,167,0.84929,93,-0.8492
ENSG00000173171,MTX1,13,-0.8719,24,0.87194
ENSG00000177628,GBA,61,0.52350,43,-0.5235
ENSG00000160767,FAM189B,18,-0.7497,30,0.74974
ENSG00000116521,SCAMP3,37,-0.5438,54,0.54386
ENSG00000160752,FDPS,57,-0.5764,86,0.57645
ENSG00000160753,RUSC1,48,-1.0609,100,1.06095
ENSG00000116539,ASH1L,186,0.35483,146,-0.3548
ENSG00000163374,YY1AP1,43,-0.1784,49,0.17842
ENSG00000132676,DAP3,40,0.04648,39,-0.0464
ENSG00000116580,GON4L,28,0.23435,24,-0.2343
ENSG00000132718,SYT11,269,-1.1523,598,1.15232
ENSG00000116584,ARHGEF2,64,0.07609,61,-0.0760
ENSG00000163479,SSR2,104,0.42610,77,-0.4261
ENSG00000160803,UBQLN4,54,0.51829,37,-0.5182
ENSG00000116586,LAMTOR2,63,-0.3190,79,0.31907
ENSG00000160785,SLC25A44,24,-0.8480,43,0.84807
ENSG00000160781,PAQR6,39,-0.1127,42,0.11274
ENSG00000198952,SMG5,28,-0.1154,31,0.11542
ENSG00000163468,CCT3,111,-0.4139,148,0.41398
ENSG00000125462,C1orf61,312,-0.5003,441,0.50032
ENSG00000116604,MEF2D,69,-0.5491,101,0.54911
ENSG00000163382,NAXE,30,-1.4167,81,1.41677
ENSG00000160818,GPATCH4,17,-0.8731,32,0.87315
ENSG00000132692,BCAN,112,-0.1056,121,0.10567
ENSG00000143314,MRPL24,58,0.20141,50,-0.2014
ENSG00000143321,HDGF,88,0.86926,48,-0.8692
ENSG00000143294,PRCC,25,-0.7959,43,0.79596
ENSG00000132694,ARHGEF11,4,-2.5212,26,2.52124
ENSG00000162706,CADM3,61,-1.4663,171,1.46633
ENSG00000158716,DUSP23,40,0.74433,24,-0.7443
ENSG00000177807,KCNJ10,66,0.01975,65,-0.0197
ENSG00000162728,KCNJ9,20,-1.3854,52,1.38541
ENSG00000162729,IGSF8,27,-2.3170,138,2.31702
ENSG00000018625,ATP1A2,526,-0.0178,532,0.01782
ENSG00000162734,PEA15,455,0.04762,440,-0.0476
ENSG00000132716,DCAF8,34,-0.6260,53,0.62608
ENSG00000162735,PEX19,80,0.32289,64,-0.3228
ENSG00000122218,COPA,68,-1.2512,163,1.25129
ENSG00000162736,NCSTN,45,0.04198,44,-0.0419
ENSG00000215845,TSTD1,43,-0.6541,68,0.65419
ENSG00000162755,KLHDC9,1,-4.7311,32,4.73117
ENSG00000143256,PFDN2,67,-1.0212,137,1.02121
ENSG00000158793,NIT1,0,-5.9050,29,5.90507
ENSG00000143222,UFC1,123,0.43914,90,-0.4391
ENSG00000158850,B4GALT3,4,-2.8981,30,2.89815
ENSG00000158864,NDUFS2,135,-0.4280,182,0.42803
ENSG00000158882,TOMM40L,6,-2.0918,25,2.09187
ENSG00000248485,PCP4L1,17,-0.9666,33,0.96665
ENSG00000143252,SDHC,70,-1.0343,145,1.03438
ENSG00000118217,ATF6,44,0.11398,40,-0.1139
ENSG00000198929,NOS1AP,14,-1.1649,33,1.16495
ENSG00000152332,UHMK1,99,-0.4911,139,0.49112
ENSG00000117143,UAP1,62,0.79031,35,-0.7903
ENSG00000117152,RGS4,240,-1.2870,587,1.28701
ENSG00000143248,RGS5,292,1.39200,111,-1.3920
ENSG00000185630,PBX1,112,-0.3706,145,0.37068
ENSG00000143198,MGST3,210,-0.9338,402,0.93388
ENSG00000143149,ALDH9A1,116,1.32285,46,-1.3228
ENSG00000143183,TMCO1,84,0.35258,66,-0.3525
ENSG00000143157,POGK,27,-0.5921,41,0.59218
ENSG00000152382,TADA1,1,-4.9087,30,4.90878
ENSG00000143195,ILDR2,13,-1.4419,36,1.44191
ENSG00000143190,POU2F1,45,0.77177,26,-0.7717
ENSG00000143162,CREG1,150,1.59282,49,-1.5928
ENSG00000197965,MPZL1,40,0.49595,28,-0.4959
ENSG00000143158,MPC2,99,-0.8975,186,0.89755
ENSG00000143164,DCAF6,120,-0.2961,148,0.29615
ENSG00000143155,TIPRL,75,-0.0553,78,0.05535
ENSG00000143153,ATP1B1,429,-1.6879,1383,1.68795
ENSG00000143156,NME7,47,0.87122,25,-0.8712
ENSG00000117475,BLZF1,32,0.15714,28,-0.1571
ENSG00000075945,KIFAP3,127,-0.9220,241,0.92204
ENSG00000117523,PRRC2C,292,1.95229,75,-1.9522
ENSG00000117533,VAMP4,59,-0.0534,61,0.05348
ENSG00000010165,EEF1AKNMT,10,-1.2585,25,1.25854
ENSG00000197959,DNM3,142,-0.5902,214,0.59027
ENSG00000094975,SUCO,91,1.73425,27,-1.7342
ENSG00000117592,PRDX6,374,1.23074,159,-1.2307
ENSG00000234741,GAS5,169,0.84663,94,-0.8466
ENSG00000135870,RC3H1,65,1.36138,25,-1.3613
ENSG00000152061,RABGAP1L,105,0.13910,95,-0.1391
ENSG00000116161,CACYBP,156,-1.3617,402,1.36173
ENSG00000120333,MRPS14,32,-0.2682,38,0.26820
ENSG00000116147,TNR,67,-0.4428,91,0.44289
ENSG00000143207,COP1,31,-0.2326,36,0.23268
ENSG00000152092,ASTN1,48,-1.1680,108,1.16800
ENSG00000198797,BRINP2,19,-1.5152,55,1.51528
ENSG00000075391,RASAL2,103,0.57052,69,-0.5705
ENSG00000116199,FAM20B,84,-0.1115,90,0.11150
ENSG00000143322,ABL2,14,-1.4072,38,1.40729
ENSG00000169905,TOR1AIP2,69,0.57470,46,-0.5747
ENSG00000143337,TOR1AIP1,58,0.37050,45,-0.3705
ENSG00000135837,CEP350,106,1.29936,43,-1.2993
ENSG00000116260,QSOX1,28,-0.6892,45,0.68929
ENSG00000230124,ACBD6,30,0.09241,28,-0.0924
ENSG00000143324,XPR1,72,0.64419,46,-0.6441
ENSG00000135823,STX6,5,-3.2548,54,3.25485
ENSG00000162783,IER5,1,-5.6831,58,5.68316
ENSG00000198216,CACNA1E,42,-0.7057,68,0.70574
ENSG00000135821,GLUL,777,-0.3801,1011,0.38019
ENSG00000135829,DHX9,74,-0.4572,101,0.45726
ENSG00000157064,NMNAT2,61,-1.2828,150,1.28281
ENSG00000116698,SMG7,63,-0.1166,69,0.11666
ENSG00000162704,ARPC5,270,1.32729,107,-1.3272
ENSG00000143344,RGL1,58,-0.2760,70,0.27609
ENSG00000198756,COLGALT2,15,-1.4800,43,1.48004
ENSG00000198860,TSEN15,26,-0.8120,46,0.81208
ENSG00000116667,C1orf21,32,-1.4088,87,1.40883
ENSG00000116406,EDEM3,29,-0.5619,43,0.56194
ENSG00000121486,TRMT1L,17,-0.5668,25,0.56684
ENSG00000116679,IVNS1ABP,99,0.84005,55,-0.8400
ENSG00000047410,TPR,182,1.53586,62,-1.5358
ENSG00000162670,BRINP3,1,-3.7425,25,3.74257
ENSG00000116741,RGS2,285,2.91048,37,-2.9104
ENSG00000116750,UCHL5,10,-3.0577,91,3.05776
ENSG00000116747,RO60,128,1.80972,36,-1.8097
ENSG00000023572,GLRX2,62,-0.4643,86,0.46437
ENSG00000134371,CDC73,78,1.20988,33,-1.2098
ENSG00000162630,B3GALT2,17,-1.5393,52,1.53935
ENSG00000177888,ZBTB41,61,0.04594,59,-0.0459
ENSG00000151414,NEK7,24,-0.2494,29,0.24949
ENSG00000162702,ZNF281,15,-1.0929,34,1.09297
ENSG00000118200,CAMSAP2,132,-0.7244,218,0.72441
ENSG00000116852,KIF21B,1,-4.5448,40,4.54480
ENSG00000116857,TMEM9,69,-1.1178,150,1.11789
ENSG00000174307,PHLDA3,12,-1.9274,49,1.92744
ENSG00000159176,CSRP1,309,0.89867,166,-0.8986
ENSG00000134369,NAV1,69,0.76282,41,-0.7628
ENSG00000198700,IPO9,56,-0.1605,63,0.16054
ENSG00000198892,SHISA4,66,-0.8709,121,0.87098
ENSG00000134375,TIMM17A,31,-1.8502,114,1.85023
ENSG00000170075,GPR37L1,109,0.04165,106,-0.0416
ENSG00000143862,ARL8A,36,-1.5758,110,1.57581
ENSG00000077152,UBE2T,6,-2.3027,30,2.30277
ENSG00000077157,PPP1R12B,72,0.74472,43,-0.7447
ENSG00000117139,KDM5B,49,0.72612,29,-0.7261
ENSG00000183155,RABIF,30,-0.1311,33,0.13112
ENSG00000117153,KLHL12,29,-1.0027,59,1.00277
ENSG00000159346,ADIPOR1,60,-0.0993,65,0.09939
ENSG00000159348,CYB5R1,21,-0.8840,40,0.88406
ENSG00000163444,TMEM183A,71,-0.5564,105,0.55640
ENSG00000143847,PPFIA4,18,-1.1494,40,1.14946
ENSG00000163485,ADORA1,0,-6.3238,37,6.32382
ENSG00000133048,CHI3L1,0,-5.5348,30,5.53485
ENSG00000058668,ATP2B4,121,-0.4317,163,0.43175
ENSG00000182004,SNRPE,67,-0.7737,115,0.77376
ENSG00000143850,PLEKHA6,29,-1.1403,64,1.14036
ENSG00000158615,PPP1R15B,0,-5.7013,32,5.70138
ENSG00000198625,MDM4,47,0.81565,27,-0.8156
ENSG00000170382,LRRN2,22,-0.9750,43,0.97508
ENSG00000163531,NFASC,55,-0.7426,92,0.74261
ENSG00000184144,CNTN2,33,-0.7914,58,0.79147
ENSG00000117222,RBBP5,35,0.27243,29,-0.2724
ENSG00000133059,DSTYK,47,-0.6934,77,0.69343
ENSG00000133069,TMCC2,1,-4.4981,41,4.49817
ENSG00000117266,CDK18,4,-2.3145,22,2.31457
ENSG00000174514,MFSD4A,50,-1.5255,145,1.52553
ENSG00000069275,NUCKS1,459,0.12613,420,-0.1261
ENSG00000133065,SLC41A1,11,-1.3742,29,1.37429
ENSG00000266028,SRGAP2,56,0.59812,37,-0.5981
ENSG00000123836,PFKFB2,117,2.08585,27,-2.0858
ENSG00000117335,CD46,54,-0.0855,57,0.08551
ENSG00000076356,PLXNA2,24,-1.0828,52,1.08282
ENSG00000008118,CAMK1G,16,-2.2762,79,2.27621
ENSG00000143469,SYT14,5,-2.3477,28,2.34778
ENSG00000143473,KCNH1,25,-1.4646,71,1.46463
ENSG00000117625,RCOR3,91,1.00183,45,-1.0018
ENSG00000170385,SLC30A1,92,1.21623,39,-1.2162
ENSG00000123684,LPGAT1,56,-0.6907,90,0.69073
ENSG00000066027,PPP2R5A,58,0.61600,38,-0.6160
ENSG00000117691,NENF,107,-0.4599,147,0.45997
ENSG00000117697,NSL1,65,0.69857,40,-0.6985
ENSG00000203705,TATDN3,32,0.44921,23,-0.4492
ENSG00000174606,ANGEL2,51,0.65162,32,-0.6516
ENSG00000136643,RPS6KC1,98,1.44710,36,-1.4471
ENSG00000143499,SMYD2,61,-0.7899,106,0.78990
ENSG00000136636,KCTD3,45,0.81653,25,-0.8165
ENSG00000067533,RRP15,15,-0.7346,25,0.73460
ENSG00000143353,LYPLAL1,36,0.32002,29,-0.3200
ENSG00000136628,EPRS,119,0.50040,84,-0.5004
ENSG00000067704,IARS2,52,-0.1094,56,0.10949
ENSG00000118873,RAB3GAP2,22,-1.7957,78,1.79571
ENSG00000116141,MARK1,10,-2.3271,54,2.32710
ENSG00000162817,C1orf115,51,-1.4041,137,1.40417
ENSG00000154305,MIA3,71,-0.1759,80,0.17596
ENSG00000186063,AIDA,78,0.29502,64,-0.2950
ENSG00000162819,BROX,98,1.08530,46,-1.0853
ENSG00000143502,SUSD4,13,-1.6425,41,1.64252
ENSG00000162909,CAPN2,89,0.84295,49,-0.8429
ENSG00000143514,TP53BP2,43,-0.3252,54,0.32525
ENSG00000143756,FBXO28,82,0.84450,45,-0.8445
ENSG00000143753,DEGS1,68,-0.1835,78,0.18357
ENSG00000143771,CNIH4,30,-0.0873,32,0.08731
ENSG00000162923,WDR26,71,0.05510,68,-0.0551
ENSG00000143786,CNIH3,8,-1.4870,24,1.48705
ENSG00000154380,ENAH,212,1.50509,74,-1.5050
ENSG00000143742,SRP9,196,-0.5849,294,0.58498
ENSG00000143819,EPHX1,67,0.33363,53,-0.3336
ENSG00000143811,PYCR2,17,-1.4240,46,1.42406
ENSG00000163041,H3F3A,390,0.47286,281,-0.4728
ENSG00000182827,ACBD3,31,-0.2354,37,0.23540
ENSG00000143799,PARP1,90,-0.1112,98,0.11120
ENSG00000203685,STUM,44,-0.0281,44,0.02813
ENSG00000143772,ITPKB,37,-0.1460,41,0.14600
ENSG00000163050,COQ8A,2,-3.9478,35,3.94783
ENSG00000143776,CDC42BPA,152,0.68030,95,-0.6803
ENSG00000143740,SNAP47,33,-0.9168,62,0.91689
ENSG00000143761,ARF1,100,-1.7839,346,1.78395
ENSG00000162910,MRPL55,34,-1.1913,79,1.19131
ENSG00000143774,GUK1,410,-0.1237,447,0.12378
ENSG00000168159,RNF187,141,-1.1207,306,1.12073
ENSG00000116574,RHOU,22,-0.2187,25,0.21870
ENSG00000168118,RAB4A,80,-0.4108,107,0.41085
ENSG00000154429,CCSAP,52,-1.0682,110,1.06827
ENSG00000069248,NUP133,46,0.46895,33,-0.4689
ENSG00000143641,GALNT2,18,-1.1193,40,1.11931
ENSG00000177614,PGBD5,40,-1.5693,118,1.56932
ENSG00000135775,COG2,36,0.66902,23,-0.6690
ENSG00000135744,AGT,307,0.88698,166,-0.8869
ENSG00000119280,C1orf198,57,0.71760,34,-0.7176
ENSG00000173409,ARV1,29,-0.4538,39,0.45387
ENSG00000116906,GNPAT,30,-0.5961,46,0.59614
ENSG00000135766,EGLN1,95,0.06408,91,-0.0640
ENSG00000116918,TSNAX,22,-1.7773,78,1.77730
ENSG00000116991,SIPA1L2,15,-1.6173,47,1.61737
ENSG00000135778,NTPCR,67,-0.2454,80,0.24548
ENSG00000135749,PCNX2,64,-0.0241,65,0.02417
ENSG00000135750,KCNK1,32,-2.3089,160,2.30894
ENSG00000168275,COA6,27,-1.4557,76,1.45575
ENSG00000059588,TARBP1,41,0.11899,38,-0.1189
ENSG00000168264,IRF2BP2,217,1.33769,86,-1.3376
ENSG00000173726,TOMM20,311,-0.1947,356,0.19475
ENSG00000054267,ARID4B,143,1.04406,69,-1.0440
ENSG00000152904,GGPS1,22,-0.3509,29,0.35099
ENSG00000168243,GNG4,6,-2.4578,33,2.45781
ENSG00000143669,LYST,84,1.56228,28,-1.5622
ENSG00000077585,GPR137B,12,-1.0881,25,1.08813
ENSG00000116977,LGALS8,42,-0.2094,48,0.20944
ENSG00000077522,ACTN2,53,-0.4416,73,0.44168
ENSG00000198626,RYR2,108,0.27129,90,-0.2712
ENSG00000133019,CHRM3,34,-1.0798,72,1.07982
ENSG00000155816,FMN2,111,0.38382,85,-0.3838
ENSG00000182901,RGS7,26,-1.9983,104,1.99831
ENSG00000091483,FH,16,-1.5853,50,1.58538
ENSG00000054277,OPN3,5,-3.1958,52,3.19584
ENSG00000203668,CHML,16,-1.6995,53,1.69953
ENSG00000143702,CEP170,102,-0.0274,104,0.02748
ENSG00000054282,SDCCAG8,81,0.58617,54,-0.5861
ENSG00000117020,AKT3,290,0.55434,198,-0.5543
ENSG00000179456,ZBTB18,58,-2.1880,268,2.18807
ENSG00000035687,ADSS,64,-0.1634,72,0.16348
ENSG00000203667,COX20,179,0.84680,100,-0.8468
ENSG00000153187,HNRNPU,340,0.54464,233,-0.5446
ENSG00000185420,SMYD3,0,-5.7855,25,5.78554
ENSG00000162852,CNST,28,-1.4711,78,1.47111
ENSG00000143653,SCCPDH,58,-0.5635,87,0.56354
ENSG00000153207,AHCTF1,97,1.28954,39,-1.2895
ENSG00000035115,SH3YL1,41,0.19383,35,-0.1938
ENSG00000143727,ACP1,31,-1.6498,99,1.64983
ENSG00000151353,TMEM18,83,1.43920,30,-1.4392
ENSG00000186487,MYT1L,68,-1.7330,227,1.73308
ENSG00000032389,EIPR1,34,-0.5991,52,0.59913
ENSG00000171853,TRAPPC12,41,-0.1886,47,0.18866
ENSG00000182551,ADI1,46,-0.1558,52,0.15585
ENSG00000171865,RNASEH1,27,-0.0852,28,0.08523
ENSG00000171863,RPS7,967,0.92023,511,-0.9202
ENSG00000151692,RNF144A,53,-0.0676,56,0.06765
ENSG00000115738,ID2,226,0.15375,203,-0.1537
ENSG00000134313,KIDINS220,179,0.16068,160,-0.1606
ENSG00000143797,MBOAT2,56,0.12144,51,-0.1214
ENSG00000151693,ASAP2,14,-1.7233,46,1.72339
ENSG00000119185,ITGB1BP1,65,-1.1454,143,1.14543
ENSG00000119203,CPSF3,33,0.61289,21,-0.6128
ENSG00000134330,IAH1,3,-4.0316,62,4.03168
ENSG00000151694,ADAM17,50,0.96989,25,-0.9698
ENSG00000134308,YWHAQ,295,-0.3992,389,0.39926
ENSG00000115756,HPCAL1,140,-0.4098,186,0.40987
ENSG00000115758,ODC1,31,-0.0307,31,0.03072
ENSG00000143870,PDIA6,148,0.53417,102,-0.5341
ENSG00000162975,KCNF1,73,-0.3908,96,0.39084
ENSG00000134318,ROCK2,169,-0.0535,175,0.05351
ENSG00000169006,NTSR2,19,-0.7600,32,0.76004
ENSG00000134324,LPIN1,38,-0.8914,70,0.89149
ENSG00000071575,TRIB2,20,-0.3665,26,0.36654
ENSG00000162981,LRATD1,41,-1.3596,105,1.35964
ENSG00000151779,NBAS,57,0.12760,52,-0.1276
ENSG00000079785,DDX1,112,-0.7905,194,0.79055
ENSG00000197872,FAM49A,41,-2.1699,186,2.16995
ENSG00000163032,VSNL1,437,-2.3442,2220,2.34425
ENSG00000240857,RDH14,32,-0.0273,33,0.02733
ENSG00000068697,LAPTM4A,293,1.33927,115,-1.3392
ENSG00000055917,PUM2,111,-0.3402,141,0.34027
ENSG00000143878,RHOB,422,1.28957,172,-1.2895
ENSG00000119782,FKBP1B,43,-0.4796,60,0.47960
ENSG00000115128,SF3B6,106,0.11184,98,-0.1118
ENSG00000219626,FAM228B,158,2.39252,30,-2.3925
ENSG00000198399,ITSN2,84,0.45095,62,-0.4509
ENSG00000084676,NCOA1,92,-0.3415,117,0.34150
ENSG00000184924,PTRHD1,4,-2.9356,37,2.93560
ENSG00000138031,ADCY3,58,0.13728,53,-0.1372
ENSG00000084710,EFR3B,101,0.49476,71,-0.4947
ENSG00000138101,DTNB,25,-0.9004,47,0.90040
ENSG00000084731,KIF3C,38,-2.9402,294,2.94025
ENSG00000084733,RAB10,117,-0.1301,128,0.13011
ENSG00000084754,HADHA,106,0.79358,61,-0.7935
ENSG00000138029,HADHB,86,0.25686,72,-0.2568
ENSG00000138018,SELENOI,40,-1.1094,86,1.10948
ENSG00000084764,MAPRE3,56,-1.5902,171,1.59027
ENSG00000228474,OST4,335,0.92238,176,-0.9223
ENSG00000138028,CGREF1,18,-1.3979,47,1.39796
ENSG00000138073,PREB,3,-2.9345,28,2.93455
ENSG00000138085,ATRAID,53,0.15268,47,-0.1526
ENSG00000115194,SLC30A3,30,-1.7892,106,1.78926
ENSG00000115204,MPV17,31,-0.1823,35,0.18239
ENSG00000115234,SNX17,48,-1.0667,102,1.06673
ENSG00000115241,PPM1G,28,-0.7885,48,0.78855
ENSG00000115216,NRBP1,45,-0.7189,74,0.71896
ENSG00000115226,FNDC4,33,-1.1179,73,1.11797
ENSG00000243943,ZNF512,12,-1.6701,39,1.67017
ENSG00000198522,GPN1,16,-0.5959,24,0.59598
ENSG00000119760,SUPT7L,42,-0.3071,52,0.30715
ENSG00000163798,SLC4A1AP,73,0.40684,55,-0.4068
ENSG00000243147,MRPL33,242,0.37191,187,-0.3719
ENSG00000158019,BABAM2,13,-1.4806,38,1.48067
ENSG00000213639,PPP1CB,217,-0.6884,350,0.68845
ENSG00000115295,CLIP4,59,-0.1629,66,0.16296
ENSG00000119801,YPEL5,169,-0.2715,204,0.27150
ENSG00000013016,EHD3,81,-0.9013,151,0.90132
ENSG00000162961,DPY30,53,-0.3060,66,0.30603
ENSG00000021574,SPAST,36,-0.0701,38,0.07017
ENSG00000119820,YIPF4,119,0.26367,99,-0.2636
ENSG00000115760,BIRC6,80,0.58071,53,-0.5807
ENSG00000119812,FAM98A,10,-2.1286,47,2.12869
ENSG00000260025,CRIM1-DT,6,-2.3491,33,2.34918
ENSG00000150938,CRIM1,187,1.34870,73,-1.3487
ENSG00000171055,FEZ2,74,-0.1681,83,0.16819
ENSG00000115808,STRN,43,0.05674,41,-0.0567
ENSG00000008869,HEATR5B,70,0.88129,38,-0.8812
ENSG00000152133,GPATCH11,41,0.25615,34,-0.2561
ENSG00000055332,EIF2AK2,97,0.44977,71,-0.4497
ENSG00000218739,CEBPZOS,84,0.49332,59,-0.4933
ENSG00000115816,CEBPZ,73,0.84119,40,-0.8411
ENSG00000115828,QPCT,20,-0.9708,39,0.97084
ENSG00000119787,ATL2,71,0.35517,55,-0.3551
ENSG00000143889,HNRNPLL,31,-0.8310,56,0.83106
ENSG00000115875,SRSF7,50,-0.8368,90,0.83681
ENSG00000188010,MORN2,26,-0.5877,40,0.58772
ENSG00000115904,SOS1,44,0.55578,30,-0.5557
ENSG00000011566,MAP4K3,22,-0.8314,40,0.83148
ENSG00000231312,MAP4K3-DT,4,-2.8355,32,2.83554
ENSG00000152154,TMEM178A,12,-2.9640,98,2.96408
ENSG00000183023,SLC8A1,266,0.33205,211,-0.3320
ENSG00000115944,COX7A2L,110,-0.8379,197,0.83790
ENSG00000057935,MTA3,42,0.02736,41,-0.0273
ENSG00000152518,ZFP36L2,134,2.62864,21,-2.6286
ENSG00000138036,DYNC2LI1,46,-0.0013,46,0.00131
ENSG00000138095,LRPPRC,161,-0.0329,165,0.03295
ENSG00000138032,PPM1B,44,-0.9406,84,0.94064
ENSG00000138078,PREPL,363,-1.2358,856,1.23587
ENSG00000171132,PRKCE,14,-3.3953,154,3.39538
ENSG00000116016,EPAS1,390,3.03386,47,-3.0338
ENSG00000119729,RHOQ,57,0.08992,53,-0.0899
ENSG00000119878,CRIPT,72,0.19188,63,-0.1918
ENSG00000171150,SOCS5,53,0.23301,45,-0.2330
ENSG00000180398,MCFD2,60,-0.6922,97,0.69223
ENSG00000143933,CALM2,1161,-1.2626,2785,1.26269
ENSG00000095002,MSH2,38,-0.2972,47,0.29723
ENSG00000184261,KCNK12,11,-1.6479,35,1.64799
ENSG00000138081,FBXO11,95,-0.1860,108,0.18607
ENSG00000162869,PPP1R21,46,-0.3245,57,0.32450
ENSG00000179915,NRXN1,204,-1.2582,488,1.25826
ENSG00000115239,ASB3,77,0.86643,42,-0.8664
ENSG00000068912,ERLEC1,94,-0.5438,138,0.54382
ENSG00000170634,ACYP2,42,-1.7215,141,1.72157
ENSG00000115306,SPTBN1,538,-0.1240,587,0.12402
ENSG00000115310,RTN4,711,-1.2016,1636,1.20162
ENSG00000143947,RPS27A,1773,1.12619,812,-1.1261
ENSG00000085760,MTIF2,24,0.05274,23,-0.0527
ENSG00000115355,CCDC88A,270,0.98034,137,-0.9803
ENSG00000163001,CFAP36,105,-0.0098,106,0.00989
ENSG00000275052,PPP4R3B,86,0.35280,68,-0.3528
ENSG00000138035,PNPT1,8,-1.5171,24,1.51710
ENSG00000115380,EFEMP1,12,-2.1957,55,2.19575
ENSG00000055813,CCDC85A,54,-0.2809,65,0.28094
ENSG00000115392,FANCL,24,0.02202,24,-0.0220
ENSG00000119866,BCL11A,21,-2.1227,95,2.12272
ENSG00000115421,PAPOLG,47,0.90107,25,-0.9010
ENSG00000162929,KIAA1841,72,1.69443,22,-1.6944
ENSG00000237651,C2orf74,35,-1.0344,72,1.03449
ENSG00000115464,USP34,108,0.71680,65,-0.7168
ENSG00000082898,XPO1,228,0.61877,148,-0.6187
ENSG00000115484,CCT4,66,-1.6547,208,1.65474
ENSG00000173163,COMMD1,42,0.59673,28,-0.5967
ENSG00000115504,EHBP1,61,-0.5914,93,0.59146
ENSG00000014641,MDH1,260,-1.8202,918,1.82029
ENSG00000169764,UGP2,211,-0.4326,285,0.43268
ENSG00000119862,LGALSL,30,0.23446,25,-0.2344
ENSG00000119844,AFTPH,57,-0.3302,72,0.33024
ENSG00000115902,SLC1A4,15,-2.3543,79,2.35438
ENSG00000011523,CEP68,63,0.27933,52,-0.2793
ENSG00000138069,RAB1A,106,-1.1658,238,1.16583
ENSG00000138071,ACTR2,310,0.10799,288,-0.1079
ENSG00000198369,SPRED2,24,-0.9704,48,0.97044
ENSG00000197223,C1D,20,-1.7848,71,1.78480
ENSG00000221823,PPP3R1,152,-1.1428,335,1.14280
ENSG00000119865,CNRIP1,89,-0.5981,135,0.59819
ENSG00000198380,GFPT1,18,-1.6172,57,1.61728
ENSG00000169599,NFU1,50,0.04771,48,-0.0477
ENSG00000115977,AAK1,188,-0.5618,278,0.56188
ENSG00000087338,GMCL1,22,-0.3417,27,0.34177
ENSG00000124380,SNRNP27,48,-0.6253,74,0.62535
ENSG00000169564,PCBP1,246,-0.3333,310,0.33333
ENSG00000116001,TIA1,91,1.12150,41,-1.1215
ENSG00000116005,PCYOX1,63,-0.8659,116,0.86594
ENSG00000143977,SNRPG,92,0.39173,70,-0.3917
ENSG00000035141,FAM136A,12,-1.2200,30,1.22000
ENSG00000075340,ADD2,62,-1.1124,135,1.11248
ENSG00000124357,NAGK,26,-0.6472,42,0.64728
ENSG00000124383,MPHOSPH10,11,-1.6901,37,1.69013
ENSG00000075292,ZNF638,116,0.29163,95,-0.2916
ENSG00000003137,CYP26B1,0,-6.0801,31,6.08015
ENSG00000144036,EXOC6B,79,0.51130,55,-0.5113
ENSG00000135638,EMX1,17,-0.9065,32,0.90655
ENSG00000144040,SFXN5,62,-0.4996,87,0.49960
ENSG00000135631,RAB11FIP5,27,-0.9070,52,0.90709
ENSG00000135617,PRADC1,26,-0.3806,34,0.38066
ENSG00000135624,CCT7,82,-1.1596,184,1.15969
ENSG00000163013,FBXO41,45,-1.0161,92,1.01617
ENSG00000144034,TPRKB,35,-0.0826,37,0.08263
ENSG00000124356,STAMBP,12,-1.0767,26,1.07673
ENSG00000114956,DGUOK,62,-0.1479,69,0.14795
ENSG00000163170,BOLA3,47,-0.8624,87,0.86249
ENSG00000114978,MOB1A,143,2.41358,26,-2.4135
ENSG00000204843,DCTN1,104,-1.4611,288,1.46117
ENSG00000005448,WDR54,18,-0.4122,24,0.41220
ENSG00000239779,WBP1,47,-0.1419,52,0.14196
ENSG00000115307,AUP1,36,-0.5900,54,0.59009
ENSG00000115317,HTRA2,10,-1.7365,34,1.73651
ENSG00000135622,SEMA4F,9,-2.3925,49,2.39259
ENSG00000115350,POLE4,38,-0.6481,60,0.64815
ENSG00000115364,MRPL19,31,-0.5278,45,0.52788
ENSG00000176204,LRRTM4,33,-0.7108,54,0.71081
ENSG00000066032,CTNNA2,58,-1.6575,185,1.65754
ENSG00000162951,LRRTM1,5,-2.8003,36,2.80033
ENSG00000163541,SUCLG1,88,0.14777,79,-0.1477
ENSG00000034510,TMSB10,3060,0.60324,2014,-0.6032
ENSG00000176407,KCMF1,76,0.16947,68,-0.1694
ENSG00000152291,TGOLN2,142,-0.2860,173,0.28603
ENSG00000168906,MAT2A,74,-0.5958,112,0.59585
ENSG00000115486,GGCX,4,-2.7957,30,2.79575
ENSG00000168894,RNF181,77,0.24473,65,-0.2447
ENSG00000115525,ST3GAL5,24,-1.7838,82,1.78380
ENSG00000132300,PTCD3,33,-0.7002,53,0.70023
ENSG00000132305,IMMT,44,-1.0564,92,1.05642
ENSG00000132313,MRPL35,33,-1.1746,75,1.17463
ENSG00000068615,REEP1,27,-1.8859,103,1.88596
ENSG00000115548,KDM3A,32,-0.1210,35,0.12105
ENSG00000115561,CHMP3,159,0.06668,152,-0.0666
ENSG00000239305,RNF103,20,-1.6356,63,1.63568
ENSG00000153561,RMND5A,83,-0.1116,90,0.11163
ENSG00000172005,MAL,22,-0.9215,42,0.92156
ENSG00000144029,MRPS5,33,-0.5626,49,0.56269
ENSG00000115041,KCNIP3,18,-0.9782,35,0.97821
ENSG00000084090,STARD7,185,0.15992,166,-0.1599
ENSG00000135956,TMEM127,74,0.36841,57,-0.3684
ENSG00000144021,CIAO1,106,0.03746,103,-0.0374
ENSG00000144028,SNRNP200,62,-0.1608,69,0.16086
ENSG00000213337,ANKRD39,6,-2.2705,32,2.27057
ENSG00000135940,COX5B,400,-0.7760,686,0.77601
ENSG00000115073,ACTR1B,23,-1.7913,80,1.79133
ENSG00000075568,TMEM131,58,0.16790,52,-0.1679
ENSG00000040933,INPP4A,81,-0.2489,97,0.24890
ENSG00000183513,COA5,84,0.17212,74,-0.1721
ENSG00000115446,UNC50,39,-0.1839,45,0.18392
ENSG00000071073,MGAT4A,50,0.16348,44,-0.1634
ENSG00000196872,KIAA1211L,48,-1.3031,120,1.30310
ENSG00000185414,MRPL30,59,0.53395,40,-0.5339
ENSG00000115514,TXNDC9,22,-0.3862,29,0.38628
ENSG00000158417,EIF5B,162,1.12044,74,-1.1204
ENSG00000144218,AFF3,33,-0.7394,55,0.73946
ENSG00000170500,LONRF2,81,-1.4881,229,1.48817
ENSG00000115526,CHST10,25,-0.8638,46,0.86386
ENSG00000115539,PDCL3,39,0.42875,29,-0.4287
ENSG00000170485,NPAS2,18,-1.2646,44,1.26467
ENSG00000071082,RPL31,1906,0.93411,998,-0.9341
ENSG00000163162,RNF149,59,0.96758,30,-0.9675
ENSG00000175874,CREG2,97,-2.1076,422,2.10760
ENSG00000071054,MAP4K4,77,0.09461,72,-0.0946
ENSG00000233639,PANTR1,16,-1.2021,38,1.20215
ENSG00000198914,POU3F3,43,-0.6676,68,0.66768
ENSG00000135972,MRPS9,29,-0.0777,31,0.07774
ENSG00000135966,TGFBRAP1,13,-1.1019,28,1.10196
ENSG00000135974,C2orf49,56,1.03394,27,-1.0339
ENSG00000115641,FHL2,48,0.65414,30,-0.6541
ENSG00000071051,NCK2,67,0.24432,57,-0.2443
ENSG00000115652,UXS1,16,-0.7810,27,0.78104
ENSG00000144057,ST6GAL2,11,-1.2714,28,1.27147
ENSG00000135968,GCC2,142,-0.0895,151,0.08957
ENSG00000153201,RANBP2,158,-0.1052,170,0.10528
ENSG00000175701,MTLN,84,-0.9846,167,0.98468
ENSG00000175772,LINC01106,3,-2.9705,29,2.97058
ENSG00000153107,ANAPC1,24,-0.4160,33,0.41608
ENSG00000144161,ZC3H8,61,0.86238,33,-0.8623
ENSG00000188177,ZC3H6,177,1.76529,52,-1.7652
ENSG00000114999,TTL,18,-1.4908,50,1.49087
ENSG00000144136,SLC20A1,45,-0.5183,64,0.51838
ENSG00000115084,SLC35F5,30,0.10650,28,-0.1065
ENSG00000115091,ACTR3,113,0.05376,109,-0.0537
ENSG00000175497,DPP10,51,-0.8495,92,0.84958
ENSG00000088205,DDX18,60,0.02591,59,-0.0259
ENSG00000125629,INSIG2,10,-2.4801,57,2.48012
ENSG00000155368,DBI,450,1.03394,219,-1.0339
ENSG00000088179,PTPN4,60,-0.5466,88,0.54668
ENSG00000144118,RALB,49,-0.3142,62,0.31429
ENSG00000074054,CLASP1,50,-1.1352,111,1.13527
ENSG00000155438,NIFK,38,0.45764,28,-0.4576
ENSG00000211460,TSN,94,0.33732,75,-0.3373
ENSG00000136717,BIN1,68,-1.0857,145,1.08573
ENSG00000163161,ERCC3,28,0.05245,27,-0.0524
ENSG00000169967,MAP3K2,95,1.16129,42,-1.1612
ENSG00000163166,IWS1,19,-0.5407,28,0.54070
ENSG00000136709,WDR33,59,0.16563,52,-0.1656
ENSG00000136715,SAP130,33,0.52726,22,-0.5272
ENSG00000136731,UGGT1,51,0.76910,30,-0.7691
ENSG00000136720,HS6ST1,58,-1.1446,129,1.14465
ENSG00000136699,SMPD4,60,0.66040,38,-0.6604
ENSG00000152082,MZT2B,255,-0.6151,391,0.61512
ENSG00000136710,CCDC115,61,-0.1562,68,0.15629
ENSG00000136718,IMP4,21,-1.1381,46,1.13816
ENSG00000136002,ARHGEF4,55,-1.2067,127,1.20676
ENSG00000152102,FAM168B,88,-1.1090,191,1.10908
ENSG00000115762,PLEKHB2,95,-1.5094,272,1.50949
ENSG00000173272,MZT2A,52,-1.6043,159,1.60437
ENSG00000152127,MGAT5,31,-0.8533,56,0.85331
ENSG00000152128,TMEM163,1,-4.3385,30,4.33859
ENSG00000082258,CCNT2,13,-1.4092,34,1.40926
ENSG00000115839,RAB3GAP1,57,-0.7204,95,0.72046
ENSG00000048991,R3HDM1,158,0.18504,139,-0.1850
ENSG00000144224,UBXN4,155,0.94654,80,-0.9465
ENSG00000076003,MCM6,22,-0.2474,26,0.24746
ENSG00000115866,DARS,51,-0.3638,65,0.36384
ENSG00000144228,SPOPL,20,-0.1951,23,0.19514
ENSG00000168702,LRP1B,78,1.09762,36,-1.0976
ENSG00000121964,GTDC1,34,-0.9741,67,0.97414
ENSG00000169554,ZEB2,169,0.30801,136,-0.3080
ENSG00000115947,ORC4,65,-0.3041,80,0.30418
ENSG00000204406,MBD5,60,1.22378,25,-1.2237
ENSG00000135999,EPC2,6,-2.3715,34,2.37152
ENSG00000168280,KIF5C,224,-1.0939,478,1.09394
ENSG00000168288,MMADHC,43,-0.4760,60,0.47606
ENSG00000080345,RIF1,139,0.59586,92,-0.5958
ENSG00000162980,ARL5A,72,0.19551,63,-0.1955
ENSG00000182389,CACNB4,90,-0.7618,153,0.76186
ENSG00000115145,STAM2,59,0.92915,31,-0.9291
ENSG00000157827,FMNL2,204,1.13660,92,-1.1366
ENSG00000196504,PRPF40A,122,1.66357,38,-1.6635
ENSG00000162989,KCNJ3,45,-1.9606,175,1.96063
ENSG00000115159,GPD2,51,0.24301,43,-0.2430
ENSG00000136541,ERMN,40,-0.0428,41,0.04287
ENSG00000144283,PKP4,40,-0.6526,63,0.65261
ENSG00000123636,BAZ2B,181,2.01788,44,-2.0178
ENSG00000136536,MARCH7,64,0.40875,48,-0.4087
ENSG00000136560,TANK,23,-0.3802,30,0.38028
ENSG00000115233,PSMD14,72,-0.3316,91,0.33165
ENSG00000136535,TBR1,37,-1.9740,146,1.97403
ENSG00000144290,SLC4A10,70,-1.4858,198,1.48585
ENSG00000115271,GCA,34,-0.4278,46,0.42788
ENSG00000153253,SCN3A,80,0.13195,73,-0.1319
ENSG00000136531,SCN2A,199,-0.8097,349,0.80976
ENSG00000178662,CSRNP3,89,-1.1413,197,1.14137
ENSG00000123607,TTC21B,1,-4.6295,31,4.62956
ENSG00000144285,SCN1A,102,-0.8628,185,0.86282
ENSG00000198648,STK39,107,0.04245,104,-0.0424
ENSG00000172292,CERS6,99,-0.4829,138,0.48297
ENSG00000138398,PPIG,241,1.25293,101,-1.2529
ENSG00000213160,KLHL23,104,1.29972,42,-1.2997
ENSG00000138385,SSB,106,-0.4721,147,0.47212
ENSG00000138382,METTL5,90,0.42017,67,-0.4201
ENSG00000144357,UBR3,144,0.31970,115,-0.3197
ENSG00000128683,GAD1,133,-0.4282,179,0.42822
ENSG00000115806,GORASP2,28,-0.8417,51,0.84178
ENSG00000198586,TLK1,107,0.49303,76,-0.4930
ENSG00000071967,CYBRD1,141,2.34723,27,-2.3472
ENSG00000077380,DYNC1I2,230,0.89442,123,-0.8944
ENSG00000115840,SLC25A12,24,-1.6550,76,1.65500
ENSG00000091428,RAPGEF4,115,-0.5641,170,0.56417
ENSG00000172845,SP3,72,0.96183,37,-0.9618
ENSG00000138430,OLA1,113,-0.5546,167,0.55463
ENSG00000138433,CIR1,76,0.19921,66,-0.1992
ENSG00000163328,GPR155,71,-0.3667,92,0.36672
ENSG00000128656,CHN1,592,-1.7668,2014,1.76685
ENSG00000115966,ATF2,64,-0.6973,104,0.69738
ENSG00000154518,ATP5MC3,146,-1.5756,436,1.57566
ENSG00000144320,LNPK,125,0.95430,64,-0.9543
ENSG00000128654,MTX2,24,-1.8310,88,1.83102
ENSG00000170144,HNRNPA3,241,-0.1707,272,0.17073
ENSG00000116044,NFE2L2,156,1.98950,39,-1.9895
ENSG00000018510,AGPS,51,0.57190,34,-0.5719
ENSG00000079156,OSBPL6,29,-1.0006,58,1.00068
ENSG00000180228,PRKRA,16,-2.0460,67,2.04605
ENSG00000116095,PLEKHA3,39,-0.6325,60,0.63256
ENSG00000187231,SESTD1,62,0.13380,57,-0.1338
ENSG00000144331,ZNF385B,25,-0.7953,44,0.79532
ENSG00000170035,UBE2E3,86,-0.7313,142,0.73131
ENSG00000138434,ITPRID2,139,1.68660,43,-1.6866
ENSG00000115252,PDE1A,90,-0.0908,96,0.09086
ENSG00000077232,DNAJC10,120,1.00564,59,-1.0056
ENSG00000061676,NCKAP1,283,-0.4965,400,0.49652
ENSG00000065548,ZC3H15,80,-0.9272,153,0.92724
ENSG00000138448,ITGAV,110,0.24954,92,-0.2495
ENSG00000144369,FAM171B,135,-0.7628,230,0.76282
ENSG00000144366,GULP1,10,-1.4392,29,1.43927
ENSG00000204262,COL5A2,26,-0.6281,40,0.62819
ENSG00000138381,ASNSD1,31,-0.5555,46,0.55555
ENSG00000128699,ORMDL1,54,-0.0581,56,0.05818
ENSG00000198130,HIBCH,58,0.85914,32,-0.8591
ENSG00000151689,INPP1,18,-0.8063,31,0.80636
ENSG00000151690,MFSD6,47,-1.4532,131,1.45329
ENSG00000138386,NAB1,55,0.97617,28,-0.9761
ENSG00000115419,GLS,176,-0.8991,328,0.89918
ENSG00000115415,STAT1,76,0.56013,51,-0.5601
ENSG00000138378,STAT4,18,-1.1694,42,1.16947
ENSG00000128641,MYO1B,38,0.19585,33,-0.1958
ENSG00000144339,TMEFF2,23,-1.5183,66,1.51835
ENSG00000196950,SLC39A10,150,-0.7703,257,0.77037
ENSG00000138411,HECW2,34,-0.4065,45,0.40654
ENSG00000119041,GTF3C3,27,-0.0731,28,0.07314
ENSG00000197121,PGAP1,50,-0.4533,68,0.45330
ENSG00000115524,SF3B1,124,0.09561,116,-0.0956
ENSG00000115520,COQ10B,20,-1.4376,56,1.43765
ENSG00000144381,HSPD1,200,-0.1162,217,0.11620
ENSG00000115541,HSPE1,250,-0.2615,300,0.26150
ENSG00000115540,MOB4,87,-0.0438,90,0.04387
ENSG00000162944,RFTN2,63,1.04750,30,-1.0475
ENSG00000115896,PLCL1,35,-0.2497,42,0.24972
ENSG00000119042,SATB2,80,-0.0440,82,0.04402
ENSG00000225953,SATB2-AS1,0,-5.9140,29,5.91409
ENSG00000178074,C2orf69,22,-1.2585,52,1.25853
ENSG00000162972,MAIP1,31,0.41591,23,-0.4159
ENSG00000196141,SPATS2L,95,-0.2330,112,0.23305
ENSG00000082153,BZW1,121,-0.0783,128,0.07838
ENSG00000013441,CLK1,142,1.89047,38,-1.8904
ENSG00000240344,PPIL3,20,-0.2791,24,0.27911
ENSG00000196290,NIF3L1,15,-0.8276,27,0.82762
ENSG00000155744,FAM126B,68,-0.6074,104,0.60741
ENSG00000119013,NDUFB3,97,-0.7412,163,0.74123
ENSG00000115993,TRAK2,47,-0.1817,53,0.18172
ENSG00000155755,TMEM237,57,0.39944,43,-0.3994
ENSG00000003393,ALS2,43,-0.0595,45,0.05950
ENSG00000116030,SUMO1,142,-0.3761,185,0.37610
ENSG00000055044,NOP58,74,0.43287,54,-0.4328
ENSG00000204217,BMPR2,304,0.51444,213,-0.5144
ENSG00000138439,FAM117B,15,-0.7556,26,0.75560
ENSG00000163596,ICA1L,26,-0.9351,50,0.93511
ENSG00000138442,WDR12,15,-0.8119,27,0.81193
ENSG00000138443,ABI2,171,-0.4769,239,0.47698
ENSG00000173166,RAPH1,48,0.03948,47,-0.0394
ENSG00000114933,INO80D,38,0.63572,24,-0.6357
ENSG00000023228,NDUFS1,154,-0.5133,220,0.51336
ENSG00000114942,EEF1B2,452,0.87039,247,-0.8703
ENSG00000204186,ZDBF2,71,0.80119,40,-0.8011
ENSG00000114948,ADAM23,45,-1.2973,111,1.29736
ENSG00000118246,FASTKD2,37,-0.2488,44,0.24880
ENSG00000118263,KLF7,28,-0.1680,32,0.16801
ENSG00000118260,CREB1,49,0.11465,45,-0.1146
ENSG00000178385,PLEKHM3,35,-0.5934,52,0.59342
ENSG00000188674,C2orf80,7,-3.2698,74,3.26985
ENSG00000115020,PIKFYVE,25,-0.8492,45,0.84921
ENSG00000078018,MAP2,568,-0.9281,1081,0.92814
ENSG00000144406,UNC80,61,-0.6189,94,0.61896
ENSG00000197713,RPE,52,0.31419,42,-0.3141
ENSG00000115365,LANCL1,84,-1.4356,228,1.43564
ENSG00000178568,ERBB4,70,-0.2640,84,0.26400
ENSG00000144451,SPAG16,64,0.71196,39,-0.7119
ENSG00000138363,ATIC,29,-0.5437,42,0.54372
ENSG00000115414,FN1,550,4.07371,32,-4.0737
ENSG00000079246,XRCC5,155,0.05531,149,-0.0553
ENSG00000260804,LINC01963,26,-0.5789,39,0.57893
ENSG00000197756,RPL37A,2592,0.61938,1687,-0.6193
ENSG00000115457,IGFBP2,73,0.68688,45,-0.6868
ENSG00000115461,IGFBP5,598,3.52429,52,-3.5242
ENSG00000163466,ARPC2,143,-0.2939,175,0.29396
ENSG00000127837,AAMP,43,-1.0404,88,1.04040
ENSG00000127838,PNKD,74,-1.0605,154,1.06052
ENSG00000135926,TMBIM1,43,0.64421,28,-0.6442
ENSG00000144580,CNOT9,24,-0.2973,30,0.29733
ENSG00000171450,CDK5R2,21,-2.0625,88,2.06252
ENSG00000144567,RETREG2,84,-1.4061,224,1.40616
ENSG00000158552,ZFAND2B,29,0.31717,23,-0.3171
ENSG00000115657,ABCB6,12,-1.3591,32,1.35919
ENSG00000198925,ATG9A,40,-1.0808,85,1.08082
ENSG00000127824,TUBA4A,81,-1.9148,309,1.91487
ENSG00000135924,DNAJB2,78,-0.7230,130,0.72303
ENSG00000054356,PTPRN,67,-1.5975,203,1.59756
ENSG00000123989,CHPF,29,-1.1286,65,1.12860
ENSG00000188760,TMEM198,8,-1.5434,25,1.54342
ENSG00000124006,OBSL1,47,-0.4395,64,0.43952
ENSG00000114923,SLC4A3,12,-1.8058,43,1.80581
ENSG00000116106,EPHA4,66,-1.8283,235,1.82830
ENSG00000163082,SGPP2,16,-0.9848,32,0.98485
ENSG00000116120,FARSB,83,0.45387,60,-0.4538
ENSG00000123983,ACSL3,202,-0.4832,283,0.48326
ENSG00000171951,SCG2,34,-2.5268,199,2.52688
ENSG00000085449,WDFY1,21,-0.6064,33,0.60648
ENSG00000135900,MRPL44,14,-1.4659,39,1.46591
ENSG00000135919,SERPINE2,251,-0.0138,254,0.01382
ENSG00000036257,CUL3,124,0.25628,104,-0.2562
ENSG00000168958,MFF,62,-0.8896,116,0.88961
ENSG00000173744,AGFG1,47,-0.6885,76,0.68850
ENSG00000153820,SPHKAP,1,-4.1286,30,4.12863
ENSG00000153823,PID1,32,-0.3426,40,0.34262
ENSG00000187957,DNER,44,-1.9968,175,1.99688
ENSG00000153827,TRIP12,155,0.66400,98,-0.6640
ENSG00000163053,SLC16A14,46,0.08570,43,-0.0857
ENSG00000135932,CAB39,85,-1.1180,185,1.11806
ENSG00000135916,ITM2C,318,-1.1491,707,1.14911
ENSG00000204128,C2orf72,14,-1.6394,44,1.63946
ENSG00000173692,PSMD1,14,-2.9567,115,2.95677
ENSG00000115053,NCL,285,0.49058,203,-0.4905
ENSG00000187514,PTMA,2462,2.11111,569,-2.1111
ENSG00000156973,PDE6D,25,-0.3025,31,0.30250
ENSG00000135930,EIF4E2,75,0.83351,42,-0.8335
ENSG00000115468,EFHD1,98,0.68148,61,-0.6814
ENSG00000204120,GIGYF2,65,0.84140,36,-0.8414
ENSG00000182600,SNORC,290,3.32215,29,-3.3221
ENSG00000066248,NGEF,90,-1.3496,229,1.34961
ENSG00000085978,ATG16L1,10,-1.5790,32,1.57906
ENSG00000188042,ARL4C,22,-2.3147,111,2.31478
ENSG00000157985,AGAP1,63,-0.5604,93,0.56048
ENSG00000198612,COPS8,110,-0.6150,169,0.61504
ENSG00000124831,LRRFIP1,151,1.52595,52,-1.5259
ENSG00000132329,RAMP1,72,-0.8266,128,0.82665
ENSG00000184182,UBE2F,63,0.33567,49,-0.3356
ENSG00000132323,ILKAP,22,-0.7035,36,0.70358
ENSG00000144485,HES6,34,-0.4385,46,0.43858
ENSG00000204104,TRAF3IP1,6,-1.9483,26,1.94839
ENSG00000065802,ASB1,13,-0.7989,24,0.79899
ENSG00000068024,HDAC4,7,-2.1804,36,2.18046
ENSG00000130414,NDUFA10,77,-0.8267,137,0.82672
ENSG00000172428,COPS9,447,-0.2480,530,0.24808
ENSG00000063660,GPC1,26,-1.7007,85,1.70070
ENSG00000130294,KIF1A,285,-0.3598,366,0.35980
ENSG00000122085,MTERF4,27,-0.2084,31,0.20845
ENSG00000115685,PPP1R7,121,-0.2454,144,0.24542
ENSG00000115677,HDLBP,133,-0.0892,141,0.08927
ENSG00000168385,SEPTIN2,231,1.27875,95,-1.2787
ENSG00000115694,STK25,50,-1.1199,108,1.11995
ENSG00000176946,THAP4,24,-0.8395,43,0.83959
ENSG00000168397,ATG4B,19,-1.5338,56,1.53381
ENSG00000168395,ING5,13,-1.2355,30,1.23553
ENSG00000134121,CHL1,254,-0.6796,408,0.67966
ENSG00000144619,CNTN4,24,-0.6566,39,0.65660
ENSG00000113851,CRBN,119,0.57003,80,-0.5700
ENSG00000175928,LRRN1,3,-3.2338,31,3.23382
ENSG00000150995,ITPR1,232,-0.0754,244,0.07542
ENSG00000134107,BHLHE40,160,0.84874,89,-0.8487
ENSG00000134108,ARL8B,130,-0.7299,216,0.72998
ENSG00000196277,GRM7,16,-1.1886,36,1.18865
ENSG00000196220,SRGAP3,33,-1.0269,68,1.02691
ENSG00000134077,THUMPD3,38,0.51189,27,-0.5118
ENSG00000168137,SETD5,45,0.55658,30,-0.5565
ENSG00000156959,LHFPL4,18,-0.5806,27,0.58061
ENSG00000134072,CAMK1,21,-1.8034,76,1.80348
ENSG00000171148,TADA3,22,-1.6183,69,1.61830
ENSG00000241553,ARPC4,108,-0.1452,119,0.14522
ENSG00000156990,RPUSD3,19,-0.9304,37,0.93048
ENSG00000171135,JAGN1,3,-3.3118,34,3.31189
ENSG00000163703,CRELD1,63,-0.5060,90,0.50603
ENSG00000163704,PRRT3,8,-2.4215,44,2.42150
ENSG00000125037,EMC3,81,-0.3865,107,0.38657
ENSG00000254999,BRK1,192,-0.0971,206,0.09716
ENSG00000157014,TATDN2,10,-1.5366,29,1.53661
ENSG00000157020,SEC13,45,-0.0093,46,0.00934
ENSG00000157087,ATP2B2,135,-1.6685,431,1.66853
ENSG00000157103,SLC6A1,109,-0.9841,216,0.98419
ENSG00000197548,ATG7,38,0.44010,28,-0.4401
ENSG00000144560,VGLL4,69,0.23241,59,-0.2324
ENSG00000157152,SYN2,125,-2.1006,536,2.10062
ENSG00000075975,MKRN2,27,-0.5006,38,0.50061
ENSG00000132155,RAF1,69,0.86433,37,-0.8643
ENSG00000144713,RPL32,2556,1.26180,1066,-1.2618
ENSG00000144711,IQSEC1,101,-1.0396,209,1.03964
ENSG00000163517,HDAC11,16,-1.6361,49,1.63617
ENSG00000170876,TMEM43,17,-0.6276,27,0.62767
ENSG00000170860,LSM3,99,0.25740,82,-0.2574
ENSG00000225733,FGD5-AS1,133,-0.0830,141,0.08301
ENSG00000177463,NR2C2,62,0.18446,54,-0.1844
ENSG00000131368,MRPS25,7,-2.7751,50,2.77512
ENSG00000131381,RBSN,30,-0.5686,45,0.56868
ENSG00000131375,CAPN7,52,1.02445,25,-1.0244
ENSG00000131370,SH3BP5,37,-1.0864,79,1.08645
ENSG00000144597,EAF1,36,0.17780,32,-0.1778
ENSG00000206560,ANKRD28,90,1.19371,39,-1.1937
ENSG00000154813,DPH3,39,0.29224,31,-0.2922
ENSG00000131378,RFTN1,37,-0.0742,39,0.07422
ENSG00000154822,PLCL2,36,-0.1815,41,0.18157
ENSG00000131374,TBC1D5,36,-0.6439,56,0.64396
ENSG00000182568,SATB1,79,-1.4970,225,1.49707
ENSG00000144566,RAB5A,138,0.40769,104,-0.4076
ENSG00000114166,KAT2B,66,0.63936,42,-0.6393
ENSG00000151789,ZNF385D,38,-0.5206,55,0.52062
ENSG00000182247,UBE2E2,34,-1.4678,94,1.46785
ENSG00000170142,UBE2E1,27,-1.0895,58,1.08957
ENSG00000197885,NKIRAS1,8,-3.2254,76,3.22547
ENSG00000174748,RPL15,1022,0.16691,911,-0.1669
ENSG00000174738,NR1D2,63,-0.3533,81,0.35334
ENSG00000151090,THRB,26,-2.6619,166,2.66192
ENSG00000077097,TOP2B,146,0.02662,143,-0.0266
ENSG00000033867,SLC4A7,85,1.53221,29,-1.5322
ENSG00000187118,CMC1,36,-0.2027,41,0.20274
ENSG00000163512,AZI2,46,-0.5794,69,0.57942
ENSG00000163527,STT3B,43,-0.4873,60,0.48733
ENSG00000152642,GPD1L,23,-1.5885,71,1.58855
ENSG00000144635,DYNC1LI1,66,-0.2187,77,0.21875
ENSG00000170266,GLB1,38,0.53867,26,-0.5386
ENSG00000170275,CRTAP,104,1.47493,37,-1.4749
ENSG00000153558,FBXL2,26,-1.0480,54,1.04805
ENSG00000153560,UBP1,88,0.24019,75,-0.2401
ENSG00000163539,CLASP2,134,-1.0735,283,1.07359
ENSG00000170248,PDCD6IP,60,-0.3673,77,0.36739
ENSG00000172995,ARPP21,81,-1.1801,185,1.18017
ENSG00000178567,EPM2AIP1,51,-0.9383,99,0.93831
ENSG00000076242,MLH1,17,-0.5474,25,0.54749
ENSG00000093167,LRRFIP2,47,0.58892,31,-0.5889
ENSG00000144674,GOLGA4,129,1.05872,62,-1.0587
ENSG00000144677,CTDSPL,2,-3.2600,27,3.26003
ENSG00000060971,ACAA1,37,-0.2848,45,0.28487
ENSG00000172939,OXSR1,68,1.54046,23,-1.5404
ENSG00000114742,WDR48,66,0.13699,60,-0.1369
ENSG00000114745,GORASP1,14,-1.1502,32,1.15020
ENSG00000168028,RPSA,520,0.24542,439,-0.2454
ENSG00000168314,MOBP,17,-1.5506,51,1.55061
ENSG00000170011,MYRIP,61,0.50195,43,-0.5019
ENSG00000114784,EIF1B,143,-0.8798,264,0.87986
ENSG00000168032,ENTPD3,2,-3.5448,30,3.54484
ENSG00000188846,RPL14,1244,1.33536,493,-1.3353
ENSG00000168036,CTNNB1,193,-0.5119,275,0.51196
ENSG00000182606,TRAK1,34,-0.9762,67,0.97620
ENSG00000187094,CCK,333,-1.8359,1189,1.83598
ENSG00000093183,SEC22C,58,0.49431,41,-0.4943
ENSG00000008324,SS18L2,48,-0.1202,52,0.12027
ENSG00000114857,NKTR,157,2.23185,33,-2.2318
ENSG00000114853,ZBTB47,7,-2.2595,37,2.25953
ENSG00000010282,HHATL,16,-1.1398,36,1.13986
ENSG00000181061,HIGD1A,234,-0.0682,245,0.06822
ENSG00000144647,POMGNT2,24,-1.4624,66,1.46249
ENSG00000163788,SNRK,36,-0.7302,60,0.73021
ENSG00000179152,TCAIM,48,0.71559,29,-0.7155
ENSG00000163807,KIAA1143,65,0.55837,44,-0.5583
ENSG00000169964,TMEM42,8,-1.7313,28,1.73138
ENSG00000163812,ZDHHC3,35,-0.1468,39,0.14689
ENSG00000075914,EXOSC7,27,0.00807,27,-0.0080
ENSG00000249992,TMEM158,17,-1.2500,41,1.25009
ENSG00000211456,SACM1L,50,-0.8222,89,0.82220
ENSG00000163818,LZTFL1,40,-0.7375,67,0.73752
ENSG00000163827,LRRC2,19,-0.9878,39,0.98786
ENSG00000160799,CCDC12,18,-1.3988,47,1.39886
ENSG00000181555,SETD2,196,2.14370,44,-2.1437
ENSG00000114648,KLHL18,12,-1.0939,26,1.09393
ENSG00000076201,PTPN23,6,-2.5969,38,2.59691
ENSG00000114650,SCAP,44,-0.1378,49,0.13784
ENSG00000163832,ELP6,12,-1.2060,29,1.20609
ENSG00000114646,CSPG5,42,-1.6468,133,1.64685
ENSG00000173473,SMARCC1,131,2.33615,25,-2.3361
ENSG00000132153,DHX30,39,-1.5672,117,1.56723
ENSG00000047849,MAP4,173,-0.7794,296,0.77940
ENSG00000164050,PLXNB1,16,-1.3872,43,1.38721
ENSG00000232112,TMA7,563,0.14626,508,-0.1462
ENSG00000164054,SHISA5,80,-0.0625,83,0.06256
ENSG00000010256,UQCRC1,110,-0.7899,190,0.78997
ENSG00000213672,NCKIPSD,22,-2.0808,95,2.08080
ENSG00000068745,IP6K2,34,-1.1067,73,1.10670
ENSG00000114302,PRKAR2A,41,0.20467,35,-0.2046
ENSG00000177479,ARIH2,57,0.61741,37,-0.6174
ENSG00000178467,P4HTM,67,-0.6885,108,0.68853
ENSG00000178252,WDR6,65,0.87463,35,-0.8746
ENSG00000178057,NDUFAF3,133,0.43197,98,-0.4319
ENSG00000178035,IMPDH2,22,-1.3017,56,1.30178
ENSG00000198218,QRICH1,25,-0.7726,43,0.77260
ENSG00000172053,QARS,34,0.21918,29,-0.2191
ENSG00000172046,USP19,1,-5.1267,35,5.12673
ENSG00000114316,USP4,55,0.66088,34,-0.6608
ENSG00000067560,RHOA,533,1.21591,229,-1.2159
ENSG00000145022,TCTA,37,0.08127,35,-0.0812
ENSG00000145029,NICN1,27,-0.7658,46,0.76589
ENSG00000173402,DAG1,82,0.53080,57,-0.5308
ENSG00000164061,BSN,68,-1.6569,214,1.65693
ENSG00000164062,APEH,37,-0.6572,59,0.65721
ENSG00000164068,RNF123,0,-5.7144,25,5.71443
ENSG00000176095,IP6K1,54,-0.6265,83,0.62654
ENSG00000164076,CAMKV,57,-1.6247,176,1.62473
ENSG00000004534,RBM6,70,1.05826,34,-1.0582
ENSG00000003756,RBM5,92,0.41603,69,-0.4160
ENSG00000114353,GNAI2,407,1.90059,109,-1.9005
ENSG00000114383,TUSC2,46,-1.1091,100,1.10912
ENSG00000114388,NPRL2,1,-4.7831,30,4.78318
ENSG00000126062,TMEM115,20,-0.9020,39,0.90200
ENSG00000088538,DOCK3,46,-1.5795,138,1.57957
ENSG00000145050,MANF,34,0.24069,29,-0.2406
ENSG00000259956,RBM15B,27,-0.2230,32,0.22305
ENSG00000164081,TEX264,40,-0.0073,41,0.00731
ENSG00000090097,PCBP4,4,-2.7114,32,2.71144
ENSG00000248487,ABHD14A,20,-2.3111,99,2.31111
ENSG00000162244,RPL29,1053,1.19543,460,-1.1954
ENSG00000164086,DUSP7,15,-1.0040,31,1.00400
ENSG00000023330,ALAS1,26,-0.5682,39,0.56820
ENSG00000247596,TWF2,13,-2.1121,57,2.11218
ENSG00000164091,WDR82,105,-0.6234,161,0.62349
ENSG00000163930,BAP1,67,-0.1823,77,0.18239
ENSG00000010322,NISCH,55,-1.6734,176,1.67345
ENSG00000168273,SMIM4,88,1.26773,36,-1.2677
ENSG00000163939,PBRM1,38,0.15154,34,-0.1515
ENSG00000163938,GNL3,34,-0.4579,47,0.45792
ENSG00000016864,GLT8D1,43,0.40121,32,-0.4012
ENSG00000114902,SPCS1,109,-0.6405,170,0.64051
ENSG00000163931,TKT,65,-0.5598,96,0.55987
ENSG00000272886,DCP1A,31,0.11864,28,-0.1186
ENSG00000113811,SELENOK,145,0.38193,111,-0.3819
ENSG00000157445,CACNA2D3,27,-1.0057,55,1.00575
ENSG00000187672,ERC2,95,0.47444,68,-0.4744
ENSG00000163946,TASOR,71,0.61419,46,-0.6141
ENSG00000163947,ARHGEF3,45,-0.5683,67,0.56834
ENSG00000157500,APPL1,87,0.13557,79,-0.1355
ENSG00000174840,PDE12,30,-0.0501,31,0.05010
ENSG00000168374,ARF4,81,-0.4100,108,0.41004
ENSG00000163681,SLMAP,113,1.29630,46,-1.2963
ENSG00000163686,ABHD6,21,-0.9868,42,0.98683
ENSG00000163684,RPP14,28,0.29502,23,-0.2950
ENSG00000168297,PXK,33,-0.3580,42,0.35800
ENSG00000168291,PDHB,46,-1.2267,108,1.22678
ENSG00000168301,KCTD6,17,-0.9709,34,0.97094
ENSG00000168309,FAM107A,618,0.54878,422,-0.5487
ENSG00000144724,PTPRG,116,1.49818,41,-1.4981
ENSG00000114405,C3orf14,55,-0.7469,92,0.74695
ENSG00000163618,CADPS,78,-1.1039,168,1.10391
ENSG00000163630,SYNPR,30,-2.5602,177,2.56028
ENSG00000163634,THOC7,96,-0.2439,113,0.24397
ENSG00000163636,PSMD6,40,-0.6824,64,0.68244
ENSG00000163637,PRICKLE2,60,-0.0916,64,0.09168
ENSG00000151276,MAGI1,44,-0.7529,75,0.75296
ENSG00000144741,SLC25A26,32,-0.2069,37,0.20698
ENSG00000144749,LRIG1,144,0.92080,76,-0.9208
ENSG00000183662,TAFA1,25,-1.3717,65,1.37172
ENSG00000144747,TMF1,108,1.28210,44,-1.2821
ENSG00000144744,UBA3,101,0.65209,64,-0.6520
ENSG00000144746,ARL6IP5,186,-0.7903,323,0.79033
ENSG00000114861,FOXP1,212,0.85128,117,-0.8512
ENSG00000163412,EIF4E3,28,-1.3431,71,1.34313
ENSG00000170837,GPR27,13,-1.8045,45,1.80457
ENSG00000163602,RYBP,28,-0.8133,50,0.81338
ENSG00000163605,PPP4R2,76,0.30321,61,-0.3032
ENSG00000121440,PDZRN3,41,0.20488,36,-0.2048
ENSG00000113805,CNTN3,12,-2.0281,51,2.02815
ENSG00000185008,ROBO2,49,0.00742,48,-0.0074
ENSG00000169855,ROBO1,28,0.07269,27,-0.0726
ENSG00000175161,CADM2,246,-0.9487,474,0.94876
ENSG00000083937,CHMP2B,62,0.06056,59,-0.0605
ENSG00000163320,CGGBP1,106,0.09694,99,-0.0969
ENSG00000269028,MTRNR2L12,21060,1.33203,8365,-1.3320
ENSG00000261292,AC110491.1,10,-1.5519,29,1.55195
ENSG00000113966,ARL6,46,-0.1655,51,0.16555
ENSG00000170854,RIOX2,16,-0.8076,28,0.80766
ENSG00000080822,CLDND1,134,-0.3316,169,0.33166
ENSG00000080819,CPOX,20,-0.3640,26,0.36403
ENSG00000184220,CMSS1,72,0.54428,49,-0.5442
ENSG00000036054,TBC1D23,43,0.39698,33,-0.3969
ENSG00000154174,TOMM70,60,-0.8377,107,0.83779
ENSG00000114354,TFG,38,-0.7023,62,0.70236
ENSG00000138468,SENP7,62,1.25885,26,-1.2588
ENSG00000174173,TRMT10C,13,-1.7779,45,1.77799
ENSG00000081154,PCNP,228,0.23892,193,-0.2389
ENSG00000066422,ZBTB11,40,-0.4137,54,0.41374
ENSG00000114391,RPL24,1463,1.04518,709,-1.0451
ENSG00000182504,CEP97,28,-0.1647,32,0.16479
ENSG00000144815,NXPE3,36,-0.0274,36,0.02742
ENSG00000170017,ALCAM,72,-0.4939,102,0.49398
ENSG00000114439,BBX,104,1.31178,42,-1.3117
ENSG00000196776,CD47,108,-0.9793,214,0.97935
ENSG00000114446,IFT57,21,-1.4198,58,1.41985
ENSG00000198919,DZIP3,157,0.75144,93,-0.7514
ENSG00000177707,NECTIN3,26,-0.5448,38,0.54482
ENSG00000240891,PLCXD2,32,-0.1691,37,0.16917
ENSG00000144827,ABHD10,26,-1.2665,62,1.26658
ENSG00000144834,TAGLN3,42,-3.5363,492,3.53634
ENSG00000091972,CD200,41,-1.6302,128,1.63029
ENSG00000144848,ATG3,39,-0.3691,51,0.36918
ENSG00000138459,SLC35A5,19,-1.2018,45,1.20186
ENSG00000163608,NEPRO,28,0.17605,25,-0.1760
ENSG00000176542,USF3,52,1.09690,24,-1.0969
ENSG00000121579,NAA50,108,0.62682,69,-0.6268
ENSG00000114573,ATP6V1A,141,-1.2077,327,1.20777
ENSG00000181722,ZBTB20,184,2.47629,33,-2.4762
ENSG00000172020,GAP43,167,-2.4149,892,2.41492
ENSG00000185565,LSAMP,163,-0.3475,208,0.34752
ENSG00000113845,TIMMDC1,77,0.57642,52,-0.5764
ENSG00000138495,COX17,149,0.07558,141,-0.0755
ENSG00000082701,GSK3B,49,-1.0202,100,1.02024
ENSG00000163428,LRRC58,89,1.19718,39,-1.1971
ENSG00000065518,NDUFB4,270,-0.5260,389,0.52605
ENSG00000144840,RABL3,51,0.67139,32,-0.6713
ENSG00000145087,STXBP5L,68,-0.6795,110,0.67953
ENSG00000173230,GOLGB1,145,0.78531,84,-0.7853
ENSG00000114023,FAM162A,82,-0.3683,107,0.36833
ENSG00000114030,KPNA1,50,-0.5087,71,0.50879
ENSG00000173175,ADCY5,33,-0.1755,37,0.17552
ENSG00000206527,HACD2,24,-1.1760,55,1.17609
ENSG00000065534,MYLK,99,1.73625,29,-1.7362
ENSG00000160145,KALRN,123,-0.6425,193,0.64259
ENSG00000163848,ZNF148,54,-0.4490,73,0.44907
ENSG00000114520,SNX4,21,-1.2728,51,1.27285
ENSG00000114544,SLC41A3,58,-0.8827,107,0.88275
ENSG00000144908,ALDH1L1,43,0.09338,40,-0.0933
ENSG00000159685,CHCHD6,19,-1.7485,64,1.74853
ENSG00000114554,PLXNA1,10,-2.3313,51,2.33134
ENSG00000163870,TPRA1,49,0.97380,25,-0.9738
ENSG00000114631,PODXL2,39,-1.3975,104,1.39757
ENSG00000114626,ABTB1,34,-0.9868,68,0.98689
ENSG00000074416,MGLL,122,-0.4382,165,0.43827
ENSG00000058262,SEC61A1,81,0.65560,51,-0.6556
ENSG00000163902,RPN1,59,-0.2923,73,0.29235
ENSG00000075785,RAB7A,173,-0.0873,184,0.08730
ENSG00000169714,CNBP,206,0.17213,183,-0.1721
ENSG00000181789,COPG1,10,-2.5928,61,2.59287
ENSG00000183624,HMCES,15,-1.6367,48,1.63679
ENSG00000184897,H1FX,107,-0.9938,214,0.99382
ENSG00000129071,MBD4,33,0.28150,27,-0.2815
ENSG00000163913,IFT122,42,0.12431,38,-0.1243
ENSG00000004399,PLXND1,31,0.17832,27,-0.1783
ENSG00000172765,TMCC1,35,-0.2364,41,0.23647
ENSG00000196455,PIK3R4,3,-3.1658,32,3.16584
ENSG00000017260,ATP2C1,89,-0.7162,146,0.71626
ENSG00000114670,NEK11,22,-0.1496,24,0.14968
ENSG00000198585,NUDT16,86,0.69403,53,-0.6940
ENSG00000114686,MRPL3,51,-0.4035,68,0.40359
ENSG00000196353,CPNE4,2,-4.8199,59,4.81990
ENSG00000138246,DNAJC13,60,0.87779,32,-0.8777
ENSG00000081307,UBA5,24,-1.1361,53,1.13613
ENSG00000091527,CDV3,99,0.48910,70,-0.4891
ENSG00000163781,TOPBP1,21,-0.2260,24,0.22606
ENSG00000091513,TF,37,-0.7646,63,0.76467
ENSG00000144867,SRPRB,25,-1.1986,57,1.19869
ENSG00000154917,RAB6B,184,-1.6377,574,1.63773
ENSG00000114019,AMOTL2,18,-0.8668,34,0.86682
ENSG00000129055,ANAPC13,40,-0.7824,69,0.78240
ENSG00000114054,PCCB,24,-0.5026,34,0.50269
ENSG00000168917,SLC35G2,27,0.18126,24,-0.1812
ENSG00000114098,ARMC8,37,-0.5341,54,0.53419
ENSG00000158186,MRAS,65,-0.6852,104,0.68529
ENSG00000051382,PIK3CB,38,-1.3058,96,1.30584
ENSG00000175110,MRPS22,47,0.19210,41,-0.1921
ENSG00000184432,COPB2,37,-0.6523,58,0.65234
ENSG00000158258,CLSTN2,93,-0.1740,105,0.17407
ENSG00000114120,SLC25A36,81,-0.0362,83,0.03622
ENSG00000177311,ZBTB38,129,0.55172,88,-0.5517
ENSG00000114125,RNF7,81,0.04554,78,-0.0455
ENSG00000069849,ATP1B3,121,0.53406,83,-0.5340
ENSG00000114126,TFDP2,35,0.21436,31,-0.2143
ENSG00000175054,ATR,20,-0.3919,26,0.39194
ENSG00000144935,TRPC1,27,-0.2989,34,0.29896
ENSG00000163714,U2SURP,84,-0.0554,87,0.05547
ENSG00000175040,CHST2,14,-1.5734,42,1.57345
ENSG00000181744,DIPK2A,17,-0.8244,30,0.82448
ENSG00000114698,PLSCR4,68,1.35279,26,-1.3527
ENSG00000163754,GYG1,54,0.50565,38,-0.5056
ENSG00000071794,HLTF,69,0.73625,41,-0.7362
ENSG00000082996,RNF13,64,-0.0396,66,0.03963
ENSG00000070087,PFN2,189,-1.4735,527,1.47355
ENSG00000196428,TSC22D2,13,-2.0857,56,2.08577
ENSG00000120742,SERP1,111,-0.0648,116,0.06485
ENSG00000144895,EIF2A,138,1.10470,64,-1.1047
ENSG00000198843,SELENOT,112,-0.6205,173,0.62052
ENSG00000181788,SIAH2,21,-0.7466,35,0.74661
ENSG00000144893,MED12L,45,0.33001,36,-0.3300
ENSG00000152601,MBNL1,138,0.31888,111,-0.3188
ENSG00000181467,RAP2B,37,0.24842,31,-0.2484
ENSG00000174953,DHX36,137,0.73546,82,-0.7354
ENSG00000114805,PLCH1,19,-0.8642,35,0.86429
ENSG00000169359,SLC33A1,10,-1.4803,29,1.48038
ENSG00000163655,GMPS,38,-0.4511,52,0.45110
ENSG00000169282,KCNAB1,24,-1.5854,75,1.58548
ENSG00000114850,SSR3,138,0.59965,91,-0.5996
ENSG00000163660,CCNL1,80,1.57242,27,-1.5724
ENSG00000174891,RSRC1,104,0.97592,53,-0.9759
ENSG00000178053,MLF1,51,1.19693,22,-1.1969
ENSG00000168827,GFM1,34,-0.6974,56,0.69743
ENSG00000180044,C3orf80,0,-6.7540,63,6.75401
ENSG00000068885,IFT80,47,0.02867,46,-0.0286
ENSG00000186432,KPNA4,86,0.00147,85,-0.0014
ENSG00000163590,PPM1L,29,-2.1081,126,2.10819
ENSG00000169255,B3GALNT1,12,-2.5563,73,2.55638
ENSG00000169251,NMD3,39,0.21091,33,-0.2109
ENSG00000196542,SPTSSB,28,-0.3919,37,0.39191
ENSG00000114209,PDCD10,110,1.07290,52,-1.0729
ENSG00000163536,SERPINI1,221,-2.0469,914,2.04692
ENSG00000173905,GOLIM4,165,1.76534,48,-1.7653
ENSG00000008952,SEC62,531,0.62673,343,-0.6267
ENSG00000173889,PHC3,124,1.79916,35,-1.7991
ENSG00000163558,PRKCI,41,-0.2324,48,0.23240
ENSG00000136603,SKIL,89,0.77094,52,-0.7709
ENSG00000013297,CLDN11,40,0.18692,35,-0.1869
ENSG00000013293,SLC7A14,26,-1.3805,68,1.38058
ENSG00000163584,RPL22L1,32,0.37247,24,-0.3724
ENSG00000163577,EIF5A2,8,-2.4315,43,2.43154
ENSG00000154310,TNIK,79,0.57662,53,-0.5766
ENSG00000144959,NCEH1,41,-1.7443,140,1.74433
ENSG00000169760,NLGN1,17,-1.2053,40,1.20532
ENSG00000177565,TBL1XR1,122,-0.1504,135,0.15048
ENSG00000172667,ZMAT3,57,-1.4630,157,1.46303
ENSG00000121879,PIK3CA,75,0.26932,62,-0.2693
ENSG00000121864,ZNF639,21,-0.7050,35,0.70500
ENSG00000136522,MRPL47,36,-0.5399,53,0.53995
ENSG00000136521,NDUFB5,114,-0.7372,190,0.73720
ENSG00000114757,PEX5L,90,-1.1773,205,1.17736
ENSG00000163728,TTC14,77,0.95143,39,-0.9514
ENSG00000114416,FXR1,128,0.57633,85,-0.5763
ENSG00000205981,DNAJC19,48,-1.0529,100,1.05295
ENSG00000242808,SOX2-OT,170,0.58832,113,-0.5883
ENSG00000181449,SOX2,131,0.99020,66,-0.9902
ENSG00000043093,DCUN1D1,88,0.47052,63,-0.4705
ENSG00000078070,MCCC1,29,-0.1222,32,0.12228
ENSG00000114796,KLHL24,94,0.44299,69,-0.4429
ENSG00000163872,YEATS2,37,-0.1470,41,0.14707
ENSG00000180834,MAP6D1,16,-1.2630,38,1.26309
ENSG00000175193,PARL,42,0.41889,31,-0.4188
ENSG00000114770,ABCC5,33,-0.7895,57,0.78953
ENSG00000145191,EIF2B5,48,0.25065,40,-0.2506
ENSG00000161202,DVL3,11,-1.5315,33,1.53151
ENSG00000161203,AP2M1,329,-0.7963,573,0.79638
ENSG00000161204,ABCF3,31,-0.0162,32,0.01627
ENSG00000163888,CAMK2N2,19,-1.7352,65,1.73525
ENSG00000175166,PSMD2,98,-0.6734,157,0.67346
ENSG00000114867,EIF4G1,85,-0.0270,86,0.02707
ENSG00000175182,FAM131A,60,-1.4031,159,1.40311
ENSG00000163882,POLR2H,20,-1.2004,47,1.20041
ENSG00000090539,CHRD,34,-0.3232,43,0.32323
ENSG00000177383,MAGEF1,1,-5.7248,60,5.72486
ENSG00000156931,VPS8,33,-0.2510,39,0.25106
ENSG00000187068,C3orf70,36,0.33596,28,-0.3359
ENSG00000073803,MAP3K13,105,0.80071,60,-0.8007
ENSG00000163904,SENP2,48,0.03815,46,-0.0381
ENSG00000136527,TRA2B,58,-0.7009,95,0.70096
ENSG00000244405,ETV5,43,-0.3923,57,0.39235
ENSG00000090520,DNAJB11,28,-0.0784,29,0.07841
ENSG00000156976,EIF4A2,622,-0.9842,1230,0.98429
ENSG00000073849,ST6GAL1,72,1.32115,28,-1.3211
ENSG00000157005,SST,16,-1.3369,41,1.33694
ENSG00000113916,BCL6,60,0.99850,30,-0.9985
ENSG00000145012,LPP,243,3.46323,22,-3.4632
ENSG00000152492,CCDC50,51,0.55401,35,-0.5540
ENSG00000114279,FGF12,121,-1.2251,284,1.22516
ENSG00000180611,MB21D2,20,-0.5191,29,0.51918
ENSG00000198836,OPA1,124,-0.5278,179,0.52780
ENSG00000133657,ATP13A3,134,1.52484,46,-1.5248
ENSG00000114331,ACAP2,145,1.84498,40,-1.8449
ENSG00000184203,PPP1R2,107,0.25306,90,-0.2530
ENSG00000189058,APOD,1532,3.23334,162,-3.2333
ENSG00000061938,TNK2,32,-1.3881,85,1.38810
ENSG00000072274,TFRC,96,0.71283,58,-0.7128
ENSG00000161217,PCYT1A,45,0.74805,27,-0.7480
ENSG00000213123,TCTEX1D2,9,-2.2559,43,2.25595
ENSG00000163960,UBXN7,119,2.15421,26,-2.1542
ENSG00000163961,RNF168,65,1.34061,25,-1.3406
ENSG00000174013,FBXO45,2,-4.1076,47,4.10766
ENSG00000163964,PIGX,47,-0.5694,71,0.56946
ENSG00000180370,PAK2,107,1.19820,46,-1.1982
ENSG00000119231,SENP5,31,-0.6397,49,0.63975
ENSG00000114503,NCBP2,53,-0.3357,67,0.33572
ENSG00000270170,NCBP2AS2,17,-1.8612,62,1.86125
ENSG00000075711,DLG1,89,-0.0564,93,0.05644
ENSG00000161267,BDH1,10,-1.9657,41,1.96574
ENSG00000145016,RUBCN,0,-5.3173,31,5.31730
ENSG00000122068,FYTTD1,103,0.79140,59,-0.7914
ENSG00000182899,RPL35A,1284,0.96093,660,-0.9609
ENSG00000182903,ZNF721,85,0.88508,46,-0.8850
ENSG00000273238,TMEM271,5,-3.2636,50,3.26362
ENSG00000169020,ATP5ME,549,-0.3258,689,0.32582
ENSG00000185619,PCGF3,27,-0.6197,42,0.61977
ENSG00000168993,CPLX1,48,-1.9374,186,1.93747
ENSG00000178950,GAK,51,-0.2416,60,0.24165
ENSG00000127419,TMEM175,33,0.19558,29,-0.1955
ENSG00000127418,FGFRL1,21,-0.4431,29,0.44316
ENSG00000159692,CTBP1,83,-0.9205,158,0.92058
ENSG00000090316,MAEA,21,-1.7889,73,1.78891
ENSG00000163950,SLBP,14,-2.2938,71,2.29386
ENSG00000068078,FGFR3,64,-0.3401,82,0.34016
ENSG00000168924,LETM1,16,-1.3093,40,1.30932
ENSG00000109685,NSD2,29,-0.7358,48,0.73580
ENSG00000243449,C4orf48,243,-0.7996,423,0.79967
ENSG00000185818,NAT8L,127,-1.0496,264,1.04962
ENSG00000123933,MXD4,39,0.13711,35,-0.1371
ENSG00000159733,ZFYVE28,27,0.27250,23,-0.2725
ENSG00000063978,RNF4,12,-1.8390,45,1.83908
ENSG00000087274,ADD1,163,-0.3648,210,0.36484
ENSG00000109736,MFSD10,21,-0.5784,32,0.57844
ENSG00000197386,HTT,102,0.23397,87,-0.2339
ENSG00000159788,RGS12,47,0.46438,34,-0.4643
ENSG00000163956,LRPAP1,72,-1.0411,150,1.04111
ENSG00000132406,TMEM128,18,-0.4224,25,0.42240
ENSG00000168824,NSG1,35,-2.1826,163,2.18260
ENSG00000072832,CRMP1,40,-1.9429,156,1.94292
ENSG00000181215,C4orf50,4,-2.4105,26,2.41051
ENSG00000152969,JAKMIP1,3,-4.0258,56,4.02585
ENSG00000109501,WFS1,46,-0.4881,65,0.48817
ENSG00000074211,PPP2R2C,87,-1.5013,248,1.50138
ENSG00000013288,MAN2B2,13,-1.3583,34,1.35838
ENSG00000179010,MRFAP1,184,-1.0807,391,1.08070
ENSG00000170846,AC093323.1,32,-0.4351,44,0.43518
ENSG00000178988,MRFAP1L1,78,-0.8087,137,0.80875
ENSG00000170871,KIAA0232,77,-0.2012,88,0.20129
ENSG00000132405,TBC1D14,72,0.41513,54,-0.4151
ENSG00000109519,GRPEL1,5,-3.2273,55,3.22738
ENSG00000184985,SORCS2,28,0.33920,22,-0.3392
ENSG00000163995,ABLIM2,40,-0.6226,62,0.62265
ENSG00000071127,WDR1,170,1.43036,63,-1.4303
ENSG00000157869,RAB28,19,-0.5812,28,0.58123
ENSG00000038219,BOD1L1,153,0.72979,92,-0.7297
ENSG00000137449,CPEB2,30,-0.9349,57,0.93490
ENSG00000118564,FBXL5,51,-0.7712,87,0.77121
ENSG00000237765,FAM200B,94,0.29604,76,-0.2960
ENSG00000169762,TAPT1,24,-1.0596,50,1.05967
ENSG00000169744,LDB2,33,-2.1559,150,2.15591
ENSG00000151552,QDPR,86,-1.8039,302,1.80390
ENSG00000002549,LAP3,70,0.85365,39,-0.8536
ENSG00000118579,MED28,65,0.34414,51,-0.3441
ENSG00000145147,SLIT2,27,-0.6326,43,0.63264
ENSG00000163138,PACRGL,10,-1.4289,27,1.42894
ENSG00000185774,KCNIP4,111,-0.1679,125,0.16794
ENSG00000109819,PPARGC1A,28,-0.2899,34,0.28994
ENSG00000109606,DHX15,33,-1.0414,69,1.04148
ENSG00000053900,ANAPC4,30,0.14162,28,-0.1416
ENSG00000250317,SMIM20,30,-0.3711,39,0.37111
ENSG00000168214,RBPJ,84,0.20139,73,-0.2013
ENSG00000109689,STIM2,23,-0.2497,27,0.24979
ENSG00000169851,PCDH7,89,-1.0350,183,1.03505
ENSG00000047365,ARAP2,138,1.24929,58,-1.2492
ENSG00000174145,NWD2,9,-1.4156,24,1.41564
ENSG00000109790,KLHL5,50,0.94043,26,-0.9404
ENSG00000035928,RFC1,108,1.46021,39,-1.4602
ENSG00000163682,RPL9,1886,1.07502,895,-1.0750
ENSG00000163683,SMIM14,107,0.46821,78,-0.4682
ENSG00000078140,UBE2K,148,-0.0798,156,0.07981
ENSG00000121892,PDS5A,78,0.70351,48,-0.7035
ENSG00000163697,APBB2,110,1.30503,44,-1.3050
ENSG00000154277,UCHL1,429,-2.1404,1892,2.14047
ENSG00000064042,LIMCH1,92,-0.5803,138,0.58032
ENSG00000109133,TMEM33,31,-1.6639,101,1.66399
ENSG00000014824,SLC30A9,80,-0.4607,110,0.46071
ENSG00000124406,ATP8A1,97,-1.0764,204,1.07642
ENSG00000183783,KCTD8,20,-0.7305,34,0.73055
ENSG00000151806,GUF1,40,0.60242,26,-0.6024
ENSG00000163281,GNPDA2,33,0.46786,24,-0.4678
ENSG00000163285,GABRG1,115,0.45592,84,-0.4559
ENSG00000260878,AC104072.1,1,-4.9580,47,4.95805
ENSG00000151834,GABRA2,57,-1.0246,117,1.02464
ENSG00000109158,GABRA4,40,-1.7108,131,1.71083
ENSG00000163288,GABRB1,18,-0.9128,35,0.91281
ENSG00000260918,AC107398.3,72,-0.6900,117,0.69005
ENSG00000169019,COMMD8,34,-0.0717,36,0.07176
ENSG00000109171,SLAIN2,68,1.12509,31,-1.1250
ENSG00000075539,FRYL,57,0.35135,44,-0.3513
ENSG00000109180,OCIAD1,258,-0.5105,367,0.51056
ENSG00000145247,OCIAD2,62,0.21662,54,-0.2166
ENSG00000109184,DCUN1D4,115,0.91468,61,-0.9146
ENSG00000163069,SGCB,58,-0.3108,73,0.31089
ENSG00000109189,USP46,104,-0.2093,121,0.20932
ENSG00000226950,DANCR,18,-1.6944,59,1.69445
ENSG00000145216,FIP1L1,29,-0.3413,37,0.34130
ENSG00000072201,LNX1,17,-2.1396,76,2.13969
ENSG00000134853,PDGFRA,34,0.27704,28,-0.2770
ENSG00000157404,KIT,9,-1.9208,37,1.92086
ENSG00000128039,SRD5A3,13,-0.9785,27,0.97853
ENSG00000134851,TMEM165,60,0.71523,37,-0.7152
ENSG00000134852,CLOCK,67,0.30805,54,-0.3080
ENSG00000090989,EXOC1,46,-0.2566,55,0.25664
ENSG00000128050,PAICS,52,-0.0850,55,0.08502
ENSG00000174780,SRP72,128,0.80785,73,-0.8078
ENSG00000171476,HOPX,154,-1.7823,531,1.78235
ENSG00000047315,POLR2B,51,-0.9406,98,0.94061
ENSG00000163453,IGFBP7,928,2.63503,149,-2.6350
ENSG00000150471,ADGRL3,98,-0.0047,98,0.00471
ENSG00000145242,EPHA5,18,-1.2756,44,1.27566
ENSG00000145241,CENPC,69,1.58692,22,-1.5869
ENSG00000033178,UBA6,74,0.87598,40,-0.8759
ENSG00000083896,YTHDC1,114,0.64092,73,-0.6409
ENSG00000132467,UTP3,14,-1.2406,35,1.24067
ENSG00000018189,RUFY3,184,-0.7067,300,0.70677
ENSG00000132463,GRSF1,141,-0.1652,158,0.16527
ENSG00000173542,MOB1B,56,0.16848,50,-0.1684
ENSG00000156136,DCK,35,-0.5282,51,0.52822
ENSG00000080493,SLC4A4,66,-0.1551,74,0.15515
ENSG00000132466,ANKRD17,165,1.01839,81,-1.0183
ENSG00000169116,PARM1,50,-1.2450,120,1.24501
ENSG00000163743,RCHY1,1,-5.0480,46,5.04800
ENSG00000138769,CDKL2,18,-0.8138,32,0.81385
ENSG00000138757,G3BP2,166,-1.1713,375,1.17138
ENSG00000138768,USO1,48,-0.7166,79,0.71660
ENSG00000198301,SDAD1,46,0.26992,38,-0.2699
ENSG00000138760,SCARB2,149,0.11114,138,-0.1111
ENSG00000138758,SEPTIN11,167,0.29576,136,-0.2957
ENSG00000118816,CCNI,378,-0.2137,438,0.21377
ENSG00000138764,CCNG2,32,-1.1930,74,1.19302
ENSG00000138767,CNOT6L,51,0.81851,29,-0.8185
ENSG00000169288,MRPL1,44,-0.8552,80,0.85523
ENSG00000163291,PAQR3,27,-0.3821,36,0.38214
ENSG00000152784,PRDM8,9,-3.3998,99,3.39980
ENSG00000273156,AC124016.2,1,-4.0625,31,4.06256
ENSG00000138668,HNRNPD,116,-0.2272,135,0.22720
ENSG00000152795,HNRNPDL,370,0.19673,323,-0.1967
ENSG00000145293,ENOPH1,56,-1.2626,136,1.26262
ENSG00000249242,TMEM150C,24,-1.0454,49,1.04540
ENSG00000145284,SCD5,207,-1.0013,415,1.00130
ENSG00000138674,SEC31A,109,0.35151,85,-0.3515
ENSG00000138663,COPS4,8,-3.7423,107,3.74231
ENSG00000163319,MRPS18C,52,-1.0545,108,1.05457
ENSG00000163624,CDS1,8,-3.0697,68,3.06975
ENSG00000163625,WDFY3,112,0.41393,84,-0.4139
ENSG00000109339,MAPK10,282,-0.4809,393,0.48099
ENSG00000163629,PTPN13,74,1.32432,29,-1.3243
ENSG00000172493,AFF1,55,1.13810,25,-1.1381
ENSG00000145332,KLHL8,25,-0.2372,30,0.23724
ENSG00000198189,HSD17B11,79,1.09037,37,-1.0903
ENSG00000170502,NUDT9,37,-0.9067,70,0.90677
ENSG00000152583,SPARCL1,2523,-0.0660,2641,0.06606
ENSG00000118785,SPP1,324,0.45119,237,-0.4511
ENSG00000163644,PPM1K,168,-0.2406,198,0.24063
ENSG00000145337,PYURF,70,-0.5987,106,0.59872
ENSG00000138641,HERC3,22,-1.1524,49,1.15243
ENSG00000177432,NAP1L5,44,-2.2534,213,2.25341
ENSG00000138640,FAM13A,11,-2.4039,62,2.40393
ENSG00000145335,SNCA,247,-0.9391,475,0.93917
ENSG00000163104,SMARCAD1,24,-0.1823,27,0.18233
ENSG00000163110,PDLIM5,150,1.88836,40,-1.8883
ENSG00000138698,RAP1GDS1,59,-1.5184,169,1.51849
ENSG00000168785,TSPAN5,28,-2.4937,160,2.49373
ENSG00000151247,EIF4E,99,-0.3902,130,0.39026
ENSG00000164024,METAP1,21,-0.3090,26,0.30904
ENSG00000197894,ADH5,98,0.08561,93,-0.0856
ENSG00000109270,LAMTOR3,17,-2.1768,79,2.17686
ENSG00000164031,DNAJB14,83,-0.8714,152,0.87148
ENSG00000164032,H2AFZ,146,-0.7772,251,0.77729
ENSG00000138814,PPP3CA,300,-1.5012,851,1.50125
ENSG00000254531,AP001816.1,1,-4.4142,26,4.41429
ENSG00000109332,UBE2D3,184,-0.3208,231,0.32086
ENSG00000145354,CISD2,72,-0.2582,86,0.25828
ENSG00000164038,SLC9B2,41,0.19915,36,-0.1991
ENSG00000164039,BDH2,61,1.04626,29,-1.0462
ENSG00000168772,CXXC4,34,-0.5695,50,0.56959
ENSG00000138777,PPA2,34,-0.6824,55,0.68246
ENSG00000145348,TBCK,36,0.00088,36,-0.0008
ENSG00000164022,AIMP1,70,0.81661,39,-0.8166
ENSG00000138801,PAPSS1,51,-1.0841,108,1.08411
ENSG00000138796,HADH,50,0.53150,35,-0.5315
ENSG00000109475,RPL34,2767,1.06621,1321,-1.0662
ENSG00000198856,OSTC,36,-0.0366,37,0.03663
ENSG00000164089,ETNPPL,25,-1.5502,75,1.55025
ENSG00000138802,SEC24B,62,0.72773,37,-0.7277
ENSG00000123739,PLA2G12A,35,-0.5782,53,0.57820
ENSG00000170522,ELOVL6,39,0.11184,36,-0.1118
ENSG00000138660,AP1AR,14,-1.7215,48,1.72153
ENSG00000174720,LARP7,148,1.42294,55,-1.4229
ENSG00000145362,ANK2,504,-0.3139,626,0.31396
ENSG00000145349,CAMK2D,53,-1.2289,126,1.22895
ENSG00000164100,NDST3,33,0.02508,33,-0.0250
ENSG00000269893,SNHG8,289,1.01580,142,-1.0158
ENSG00000172403,SYNPO2,59,0.92870,31,-0.9287
ENSG00000164096,C4orf3,202,0.06709,193,-0.0670
ENSG00000164111,ANXA5,225,2.76473,33,-2.7647
ENSG00000164112,TMEM155,36,-1.0300,74,1.03003
ENSG00000138686,BBS7,30,-0.8447,55,0.84474
ENSG00000138688,KIAA1109,209,0.54083,143,-0.5408
ENSG00000138685,FGF2,34,-0.0934,37,0.09345
ENSG00000151458,ANKRD50,35,0.07224,33,-0.0722
ENSG00000164070,HSPA4L,49,-1.4292,134,1.42927
ENSG00000138709,LARP1B,74,1.48472,26,-1.4847
ENSG00000164040,PGRMC2,92,0.04695,89,-0.0469
ENSG00000077684,JADE1,64,0.59818,42,-0.5981
ENSG00000138650,PCDH10,105,-0.3616,136,0.36169
ENSG00000151012,SLC7A11,166,1.58743,55,-1.5874
ENSG00000109390,NDUFC1,271,-0.0705,285,0.07054
ENSG00000164134,NAA15,59,0.69209,36,-0.6920
ENSG00000145391,SETD7,85,0.93432,44,-0.9343
ENSG00000153130,SCOC,239,-0.4252,321,0.42528
ENSG00000109436,TBC1D9,39,-1.1309,86,1.13091
ENSG00000170153,RNF150,15,-1.4234,42,1.42349
ENSG00000109445,ZNF330,27,0.04920,26,-0.0492
ENSG00000109458,GAB1,50,0.88245,27,-0.8824
ENSG00000153147,SMARCA5,518,1.95395,133,-1.9539
ENSG00000164163,ABCE1,88,0.66315,55,-0.6631
ENSG00000164164,OTUD4,39,0.34718,30,-0.3471
ENSG00000170365,SMAD1,17,-0.6570,27,0.65700
ENSG00000151612,ZNF827,35,0.12658,32,-0.1265
ENSG00000164167,LSM6,26,-0.4022,34,0.40227
ENSG00000164168,TMEM184C,58,1.11181,26,-1.1118
ENSG00000151623,NR3C2,20,-0.9139,38,0.91395
ENSG00000170390,DCLK2,41,-0.5447,61,0.54476
ENSG00000145425,RPS3A,1594,1.03109,780,-1.0310
ENSG00000059691,GATB,49,-0.2620,59,0.26208
ENSG00000109670,FBXW7,184,-0.9386,354,0.93862
ENSG00000109654,TRIM2,220,-0.6612,349,0.66127
ENSG00000145428,RNF175,27,-1.0504,56,1.05042
ENSG00000171566,PLRG1,11,-1.9104,43,1.91040
ENSG00000164114,MAP9,142,-0.1309,155,0.13097
ENSG00000164116,GUCY1A1,61,0.90460,33,-0.9046
ENSG00000260244,AC104083.1,92,1.98751,23,-1.9875
ENSG00000061918,GUCY1B1,152,-0.6921,246,0.69214
ENSG00000109738,GLRB,60,-1.6339,189,1.63398
ENSG00000120251,GRIA2,363,-0.3937,477,0.39378
ENSG00000164125,GASK1B,120,1.25361,50,-1.2536
ENSG00000164124,TMEM144,72,0.63826,46,-0.6382
ENSG00000171509,RXFP1,15,-1.1484,34,1.14847
ENSG00000171497,PPID,7,-3.7331,105,3.73316
ENSG00000052795,FNIP2,33,-1.2706,80,1.27066
ENSG00000109756,RAPGEF2,114,-0.3044,141,0.30441
ENSG00000168843,FSTL5,34,-0.1223,37,0.12233
ENSG00000145416,MARCH1,28,-0.1396,31,0.13963
ENSG00000170088,TMEM192,8,-1.9064,31,1.90644
ENSG00000109466,KLHL2,57,-1.0906,122,1.09067
ENSG00000052802,MSMO1,172,0.35747,134,-0.3574
ENSG00000109472,CPE,1268,-0.2382,1496,0.23825
ENSG00000196104,SPOCK3,88,-0.0709,93,0.07099
ENSG00000129116,PALLD,161,2.81762,22,-2.8176
ENSG00000145439,CBR4,15,-0.8036,27,0.80366
ENSG00000154447,SH3RF1,13,-0.8762,24,0.87625
ENSG00000137601,NEK1,66,1.13852,30,-1.1385
ENSG00000109572,CLCN3,105,-0.3762,136,0.37623
ENSG00000056050,HPF1,22,-1.4223,60,1.42237
ENSG00000198948,MFAP3L,38,-0.0838,40,0.08380
ENSG00000164104,HMGB2,98,1.41456,36,-1.4145
ENSG00000164105,SAP30,43,0.79324,25,-0.7932
ENSG00000164106,SCRG1,196,0.06442,188,-0.0644
ENSG00000145451,GLRA3,29,-1.2181,69,1.21818
ENSG00000150625,GPM6A,886,-1.2847,2159,1.28476
ENSG00000150627,WDR17,55,-0.3782,72,0.37826
ENSG00000129128,SPCS3,100,-0.1218,108,0.12188
ENSG00000218336,TENM3,23,-1.1108,51,1.11088
ENSG00000129187,DCTD,19,-1.2579,46,1.25794
ENSG00000168538,TRAPPC11,22,-0.9107,42,0.91071
ENSG00000173320,STOX2,38,-1.2303,89,1.23032
ENSG00000151726,ACSL1,70,1.36267,27,-1.3626
ENSG00000151729,SLC25A4,163,-1.1501,363,1.15011
ENSG00000164323,CFAP97,111,1.78096,32,-1.7809
ENSG00000109775,UFSP2,39,0.56962,26,-0.5696
ENSG00000154556,SORBS2,143,1.01702,70,-1.0170
ENSG00000083857,FAT1,64,1.42169,23,-1.4216
ENSG00000109536,FRG1,106,1.09230,50,-1.0923
ENSG00000164366,CCDC127,8,-1.7475,28,1.74754
ENSG00000073578,SDHA,56,-1.3767,146,1.37679
ENSG00000249915,PDCD6,63,-1.0527,131,1.05274
ENSG00000180104,EXOC3,67,0.37660,52,-0.3766
ENSG00000171368,TPPP,79,-1.4835,221,1.48355
ENSG00000028310,BRD9,8,-1.9438,32,1.94381
ENSG00000049656,CLPTM1L,41,-0.9217,78,0.92172
ENSG00000153395,LPCAT1,25,-0.7495,42,0.74956
ENSG00000171421,MRPL36,1,-4.6955,51,4.69552
ENSG00000145494,NDUFS6,151,-0.2615,181,0.26153
ENSG00000164151,ICE1,65,0.60245,43,-0.6024
ENSG00000133398,MED10,48,-0.7971,84,0.79715
ENSG00000215218,UBE2QL1,61,-1.7174,201,1.71747
ENSG00000145545,SRD5A1,29,-0.4994,42,0.49944
ENSG00000112941,TENT4A,37,0.44863,27,-0.4486
ENSG00000078295,ADCY2,70,-0.9058,132,0.90586
ENSG00000247516,MIR4458HG,75,0.88638,40,-0.8863
ENSG00000150753,CCT5,66,-1.0876,141,1.08766
ENSG00000164237,CMBL,28,-0.3571,35,0.35714
ENSG00000145495,MARCH6,213,-0.5217,306,0.52173
ENSG00000164236,ANKRD33B,0,-5.7133,33,5.71335
ENSG00000169862,CTNND2,104,-1.4200,279,1.42007
ENSG00000038382,TRIO,44,-1.4186,120,1.41865
ENSG00000154122,ANKH,132,-0.1883,150,0.18838
ENSG00000173545,ZNF622,33,-0.0359,34,0.03594
ENSG00000154153,RETREG1,8,-3.2726,81,3.27264
ENSG00000145555,MYO10,45,-0.5160,65,0.51601
ENSG00000176788,BASP1,252,-2.1016,1082,2.10162
ENSG00000248455,LINC02217,12,-1.3643,31,1.36437
ENSG00000145526,CDH18,37,-0.6261,58,0.62614
ENSG00000040731,CDH10,57,-0.1630,64,0.16307
ENSG00000113360,DROSHA,34,0.30053,28,-0.3005
ENSG00000082213,C5orf22,19,-0.5557,28,0.55572
ENSG00000133401,PDZD2,142,1.08945,66,-1.0894
ENSG00000113384,GOLPH3,40,-0.0555,41,0.05554
ENSG00000150712,MTMR12,46,0.12219,42,-0.1221
ENSG00000056097,ZFR,183,-0.0528,189,0.05282
ENSG00000113387,SUB1,327,-0.3727,424,0.37278
ENSG00000113407,TARS,73,0.78279,42,-0.7827
ENSG00000242110,AMACR,6,-2.2399,30,2.23998
ENSG00000113456,RAD1,13,-1.0406,27,1.04063
ENSG00000168724,DNAJC21,35,-0.4485,47,0.44857
ENSG00000164187,LMBRD2,95,-0.7738,162,0.77385
ENSG00000152620,NADK2,43,-0.3640,55,0.36403
ENSG00000164188,RANBP3L,78,1.26802,32,-1.2680
ENSG00000079215,SLC1A3,397,-0.6215,611,0.62153
ENSG00000285967,NIPBL-DT,26,-0.3461,33,0.34619
ENSG00000164190,NIPBL,226,2.17692,50,-2.1769
ENSG00000197603,CPLANE1,95,1.36971,37,-1.3697
ENSG00000113594,LIFR,152,1.00585,75,-1.0058
ENSG00000164327,RICTOR,85,0.65319,54,-0.6531
ENSG00000113638,TTC33,33,-1.1003,70,1.10030
ENSG00000145592,RPL37,2533,1.30628,1024,-1.3062
ENSG00000182836,PLCXD3,56,0.53114,38,-0.5311
ENSG00000083720,OXCT1,75,-1.2362,177,1.23629
ENSG00000250722,SELENOP,307,2.08320,72,-2.0832
ENSG00000172262,ZNF131,18,-0.6669,28,0.66692
ENSG00000112972,HMGCS1,269,0.50990,189,-0.5099
ENSG00000172239,PAIP1,55,-0.8144,97,0.81441
ENSG00000248092,NNT-AS1,47,-0.0461,48,0.04613
ENSG00000112992,NNT,71,-0.5365,103,0.53651
ENSG00000251141,MRPS30-DT,37,0.38999,28,-0.3899
ENSG00000112996,MRPS30,59,-0.2703,72,0.27032
ENSG00000272335,AC093297.2,24,-0.3828,32,0.38289
ENSG00000164588,HCN1,62,-0.9628,122,0.96285
ENSG00000151883,PARP8,1,-4.5772,31,4.57722
ENSG00000164172,MOCS2,125,0.31044,101,-0.3104
ENSG00000164258,NDUFS4,59,-0.5447,87,0.54479
ENSG00000067248,DHX29,43,0.07687,41,-0.0768
ENSG00000039123,MTREX,96,0.72096,58,-0.7209
ENSG00000067113,PLPP1,67,0.79799,39,-0.7979
ENSG00000134352,IL6ST,561,1.53068,194,-1.5306
ENSG00000062194,GPBP1,140,0.33248,111,-0.3324
ENSG00000249436,AC008780.1,19,-1.1650,44,1.16506
ENSG00000145632,PLK2,78,-0.8605,143,0.86051
ENSG00000152932,RAB3C,171,-1.1923,390,1.19235
ENSG00000113448,PDE4D,74,0.72784,44,-0.7278
ENSG00000152931,PART1,122,0.59589,81,-0.5958
ENSG00000164182,NDUFAF2,70,0.34582,55,-0.3458
ENSG00000188725,SMIM15,36,0.49801,25,-0.4980
ENSG00000130449,ZSWIM6,55,0.46741,39,-0.4674
ENSG00000068796,KIF2A,69,0.59061,46,-0.5906
ENSG00000086200,IPO11,47,0.55245,32,-0.5524
ENSG00000186479,RGS7BP,61,0.34241,48,-0.3424
ENSG00000153006,SREK1IP1,62,1.12150,28,-1.1215
ENSG00000153015,CWC27,75,0.89189,40,-0.8918
ENSG00000113595,TRIM23,101,-0.2472,120,0.24726
ENSG00000113597,TRAPPC13,26,-0.7118,44,0.71181
ENSG00000197860,SGTB,113,-0.7423,190,0.74237
ENSG00000123213,NLN,27,-0.0902,29,0.09027
ENSG00000112851,ERBIN,77,0.21093,66,-0.2109
ENSG00000153914,SREK1,98,0.95481,50,-0.9548
ENSG00000069020,MAST4,36,-0.9587,70,0.95872
ENSG00000145675,PIK3R1,243,-0.6175,373,0.61755
ENSG00000145740,SLC30A5,5,-2.7715,37,2.77153
ENSG00000134056,MRPS36,73,-0.1818,82,0.18189
ENSG00000085231,AK6,20,-1.0069,41,1.00697
ENSG00000273841,TAF9,53,-0.7495,89,0.74959
ENSG00000145734,BDP1,133,0.87220,73,-0.8722
ENSG00000164326,CARTPT,27,-1.2332,64,1.23320
ENSG00000131711,MAP1B,1329,-0.7137,2180,0.71374
ENSG00000113048,MRPS27,37,-0.1557,41,0.15577
ENSG00000083312,TNPO1,95,0.92574,50,-0.9257
ENSG00000157107,FCHO2,148,2.55938,25,-2.5593
ENSG00000145741,BTF3,367,0.82551,207,-0.8255
ENSG00000171617,ENC1,364,-1.9405,1398,1.94051
ENSG00000049860,HEXB,56,0.49274,39,-0.4927
ENSG00000164347,GFM2,13,-1.4971,38,1.49718
ENSG00000164346,NSA2,267,1.60108,88,-1.6010
ENSG00000198780,FAM169A,51,-0.8881,95,0.88814
ENSG00000113161,HMGCR,79,-0.8636,144,0.86365
ENSG00000113163,CERT1,85,-0.2396,101,0.23968
ENSG00000122008,POLK,60,1.19060,26,-1.1906
ENSG00000122012,SV2C,3,-3.0350,31,3.03503
ENSG00000164252,AGGF1,50,-0.3577,64,0.35779
ENSG00000113231,PDE8B,26,-1.3340,66,1.33408
ENSG00000164253,WDR41,35,-0.0018,35,0.00182
ENSG00000171530,TBCA,359,0.71625,218,-0.7162
ENSG00000085365,SCAMP1,150,-0.0812,158,0.08124
ENSG00000152409,JMY,46,-0.1588,51,0.15888
ENSG00000152413,HOMER1,93,-0.3245,116,0.32457
ENSG00000164329,TENT2,50,1.08758,23,-1.0875
ENSG00000177034,MTX3,46,-0.0307,47,0.03072
ENSG00000164300,SERINC5,82,1.76382,24,-1.7638
ENSG00000039319,ZFYVE16,96,1.39768,36,-1.3976
ENSG00000249042,AC008771.1,1,-4.6887,29,4.68870
ENSG00000113319,RASGRF2,104,-0.2088,120,0.20883
ENSG00000145687,SSBP2,71,-0.2092,82,0.20920
ENSG00000186468,RPS23,2232,1.41772,835,-1.4177
ENSG00000174695,TMEM167A,120,0.35935,94,-0.3593
ENSG00000038427,VCAN,226,2.92415,29,-2.9241
ENSG00000164176,EDIL3,70,-1.3071,175,1.30715
ENSG00000127184,COX7C,696,-0.4451,947,0.44515
ENSG00000145715,RASA1,78,-0.1233,85,0.12332
ENSG00000134480,CCNH,61,0.43359,45,-0.4335
ENSG00000247828,TMEM161B-AS1,68,-0.0462,70,0.04622
ENSG00000245526,LINC00461,53,-0.0622,55,0.06228
ENSG00000081189,MEF2C,218,-1.6779,699,1.67797
ENSG00000153140,CETN3,19,-0.0236,19,0.02369
ENSG00000164199,ADGRV1,121,1.53263,42,-1.5326
ENSG00000113369,ARRDC3,112,2.01183,27,-2.0118
ENSG00000237187,NR2F1-AS1,67,-0.1081,72,0.10810
ENSG00000175745,NR2F1,98,-0.3844,128,0.38447
ENSG00000113391,FAM172A,43,0.27520,35,-0.2752
ENSG00000133302,SLF1,52,0.71603,31,-0.7160
ENSG00000175471,MCTP1,66,0.15988,59,-0.1598
ENSG00000198677,TTC37,59,-0.2105,68,0.21056
ENSG00000164292,RHOBTB3,173,0.75555,102,-0.7555
ENSG00000173221,GLRX,55,-0.3287,69,0.32876
ENSG00000118985,ELL2,35,-1.2077,82,1.20775
ENSG00000175426,PCSK1,25,-1.8265,89,1.82655
ENSG00000153113,CAST,132,1.55510,45,-1.5551
ENSG00000113441,LNPEP,107,0.00262,107,-0.0026
ENSG00000174136,RGMB,7,-2.5622,46,2.56227
ENSG00000174132,FAM174A,13,-2.1440,59,2.14403
ENSG00000145730,PAM,125,-0.2136,145,0.21363
ENSG00000145725,PPIP5K2,31,-0.4223,42,0.42239
ENSG00000181751,C5orf30,7,-2.9470,57,2.94708
ENSG00000184349,EFNA5,2,-3.7536,38,3.75362
ENSG00000145743,FBXL17,66,-0.8638,120,0.86385
ENSG00000151422,FER,119,2.03269,29,-2.0326
ENSG00000198961,PJA2,283,-1.1078,611,1.10789
ENSG00000112893,MAN2A1,33,0.00776,33,-0.0077
ENSG00000164209,SLC25A46,54,-1.2007,125,1.20077
ENSG00000152495,CAMK4,102,-0.3353,129,0.33531
ENSG00000164211,STARD4,45,0.13226,41,-0.1322
ENSG00000134986,NREP,34,-2.4288,184,2.42889
ENSG00000224032,EPB41L4A-AS1,59,-0.3162,74,0.31621
ENSG00000134982,APC,365,0.46910,263,-0.4691
ENSG00000153037,SRP19,39,-0.8382,71,0.83822
ENSG00000129625,REEP5,233,-1.1424,515,1.14243
ENSG00000172795,DCP2,83,0.52837,58,-0.5283
ENSG00000047188,YTHDC2,48,0.64497,31,-0.6449
ENSG00000152503,TRIM36,38,-0.4514,51,0.45140
ENSG00000164221,CCDC112,27,0.05023,26,-0.0502
ENSG00000145780,FEM1C,65,0.61198,42,-0.6119
ENSG00000134970,TMED7,74,-0.1789,84,0.17893
ENSG00000129596,CDO1,44,-0.3387,56,0.33879
ENSG00000145782,ATG12,61,-0.0375,63,0.03755
ENSG00000177879,AP3S1,130,0.18260,115,-0.1826
ENSG00000092421,SEMA6A,40,0.68022,25,-0.6802
ENSG00000172869,DMXL1,105,1.05580,50,-1.0558
ENSG00000133835,HSD17B4,100,0.44749,73,-0.4474
ENSG00000205302,SNX2,74,0.22115,63,-0.2211
ENSG00000151292,CSNK1G3,149,1.58597,49,-1.5859
ENSG00000155324,GRAMD2B,133,1.81916,37,-1.8191
ENSG00000164904,ALDH7A1,65,0.46828,47,-0.4682
ENSG00000164902,PHAX,75,-0.3325,95,0.33256
ENSG00000164241,C5orf63,107,1.93214,28,-1.9321
ENSG00000145794,MEGF10,43,0.82288,24,-0.8228
ENSG00000205279,CTXN3,18,-1.5464,54,1.54649
ENSG00000245937,LINC01184,27,-0.2723,33,0.27234
ENSG00000064651,SLC12A2,51,-0.3666,66,0.36661
ENSG00000169567,HINT1,438,-0.9204,829,0.92043
ENSG00000186687,LYRM7,81,-0.0807,86,0.08075
ENSG00000158985,CDC42SE2,56,-1.6871,183,1.68712
ENSG00000158987,RAPGEF6,50,0.92105,26,-0.9210
ENSG00000217128,FNIP1,60,0.59068,40,-0.5906
ENSG00000164398,ACSL6,99,-0.7230,164,0.72309
ENSG00000113522,RAD50,81,0.18613,71,-0.1861
ENSG00000131437,KIF3A,174,-0.5231,250,0.52312
ENSG00000164402,SEPTIN8,98,-0.7867,170,0.78671
ENSG00000198944,SOWAHA,69,-0.3086,85,0.30862
ENSG00000164405,UQCRQ,358,-0.6310,555,0.63104
ENSG00000072364,AFF4,146,0.79201,84,-0.7920
ENSG00000170606,HSPA4,128,-0.1846,146,0.18460
ENSG00000113583,C5orf15,58,1.02926,28,-1.0292
ENSG00000213585,VDAC1,100,-1.6682,318,1.66827
ENSG00000113558,SKP1,505,-0.6457,791,0.64577
ENSG00000113575,PPP2CA,64,-2.2741,310,2.27419
ENSG00000119048,UBE2B,129,-0.3918,170,0.39184
ENSG00000237190,CDKN2AIPNL,18,-1.5088,53,1.50886
ENSG00000043143,JADE2,39,-0.4931,55,0.49311
ENSG00000152700,SAR1B,62,-0.0075,62,0.00755
ENSG00000164615,CAMLG,99,-0.5071,140,0.50717
ENSG00000145833,DDX46,65,0.52885,45,-0.5288
ENSG00000181904,C5orf24,50,-0.8111,89,0.81111
ENSG00000113621,TXNDC15,52,0.00546,52,-0.0054
ENSG00000113648,H2AFY,133,0.48820,95,-0.4882
ENSG00000145824,CXCL14,238,0.88072,129,-0.8807
ENSG00000113658,SMAD5,65,1.04645,31,-1.0464
ENSG00000152377,SPOCK1,158,-0.7031,258,0.70313
ENSG00000177733,HNRNPA0,96,-0.6727,154,0.67272
ENSG00000031003,FAM13B,95,0.49068,68,-0.4906
ENSG00000112983,BRD8,61,0.23251,52,-0.2325
ENSG00000094880,CDC23,29,0.32910,23,-0.3291
ENSG00000120709,FAM53C,40,0.02374,39,-0.0237
ENSG00000120733,KDM3B,85,1.25597,35,-1.2559
ENSG00000132563,REEP2,35,-2.0488,145,2.04885
ENSG00000120738,EGR1,104,0.26919,87,-0.2691
ENSG00000120705,ETF1,89,0.40283,67,-0.4028
ENSG00000113013,HSPA9,120,-1.1118,260,1.11184
ENSG00000044115,CTNNA1,116,0.31745,93,-0.3174
ENSG00000146006,LRRTM2,35,-0.3033,44,0.30331
ENSG00000120727,PAIP2,133,-0.4034,176,0.40342
ENSG00000170464,DNAJC18,51,-0.2185,59,0.21853
ENSG00000131508,UBE2D2,67,-1.0160,136,1.01607
ENSG00000171604,CXXC5,116,-0.4560,160,0.45609
ENSG00000146005,PSD2,53,-0.3163,66,0.31633
ENSG00000185129,PURA,120,0.06239,115,-0.0623
ENSG00000182700,IGIP,40,-1.4259,108,1.42595
ENSG00000120306,CYSTM1,86,0.01646,85,-0.0164
ENSG00000113068,PFDN1,78,-0.4811,110,0.48112
ENSG00000131503,ANKHD1,48,0.18056,42,-0.1805
ENSG00000213523,SRA1,13,-1.3358,33,1.33580
ENSG00000113108,APBB3,35,-0.0412,36,0.04121
ENSG00000131495,NDUFA2,137,-0.5567,202,0.55675
ENSG00000113141,IK,141,1.13073,64,-1.1307
ENSG00000170445,HARS,52,-0.4747,73,0.47475
ENSG00000146007,ZMAT2,141,-0.1245,153,0.12455
ENSG00000178913,TAF7,80,-0.6230,123,0.62307
ENSG00000131504,DIAPH1,59,0.85554,33,-0.8555
ENSG00000164620,RELL2,1,-4.2012,32,4.20122
ENSG00000013561,RNF14,22,-1.3304,56,1.33040
ENSG00000113552,GNPDA1,16,-1.7376,55,1.73761
ENSG00000131507,NDFIP1,270,-1.2081,624,1.20814
ENSG00000113578,FGF1,24,-0.7958,41,0.79583
ENSG00000145819,ARHGAP26,105,-0.2966,129,0.29664
ENSG00000113580,NR3C1,89,0.24826,75,-0.2482
ENSG00000145817,YIPF5,58,-0.1568,65,0.15687
ENSG00000183775,KCTD16,93,-0.6728,148,0.67285
ENSG00000133706,LARS,108,0.34889,84,-0.3488
ENSG00000091009,RBM27,51,0.45521,37,-0.4552
ENSG00000113649,TCERG1,60,0.09264,56,-0.0926
ENSG00000156475,PPP2R2B,53,-1.6425,166,1.64259
ENSG00000113657,DPYSL3,120,0.98241,60,-0.9824
ENSG00000176049,JAKMIP2,34,-0.4703,47,0.47038
ENSG00000145882,PCYOX1L,3,-2.6311,23,2.63111
ENSG00000113712,CSNK1A1,232,0.43152,172,-0.4315
ENSG00000011083,SLC6A7,24,-0.5006,34,0.50065
ENSG00000070808,CAMK2A,197,-1.2788,480,1.27888
ENSG00000070814,TCOF1,0,-5.2237,26,5.22374
ENSG00000019582,CD74,835,3.82852,58,-3.8285
ENSG00000164587,RPS14,1533,0.97582,779,-0.9758
ENSG00000171992,SYNPO,105,-0.3294,132,0.32940
ENSG00000086589,RBM22,39,-0.1180,43,0.11803
ENSG00000132912,DCTN4,72,-0.2602,87,0.26029
ENSG00000211445,GPX3,95,0.33767,75,-0.3376
ENSG00000145901,TNIP1,41,0.21672,35,-0.2167
ENSG00000197043,ANXA6,122,-1.2196,286,1.21966
ENSG00000113140,SPARC,1432,4.39100,68,-4.3910
ENSG00000177556,ATOX1,114,-0.4504,156,0.45043
ENSG00000145907,G3BP1,80,0.47095,57,-0.4709
ENSG00000155511,GRIA1,59,-0.7846,102,0.78466
ENSG00000164576,SAP30L,33,-0.0297,34,0.02974
ENSG00000155506,LARP1,98,-0.9998,197,0.99980
ENSG00000155508,CNOT8,81,0.71333,49,-0.7133
ENSG00000082515,MRPL22,17,-0.5353,25,0.53533
ENSG00000055163,CYFIP2,165,-1.1885,377,1.18850
ENSG00000155858,LSM11,14,-1.2252,33,1.22524
ENSG00000113282,CLINT1,65,0.42373,49,-0.4237
ENSG00000145860,RNF145,72,-0.3531,92,0.35315
ENSG00000164332,UBLCP1,83,-0.1444,92,0.14440
ENSG00000113312,TTC1,91,-0.2467,109,0.24676
ENSG00000164609,SLU7,62,-1.0030,124,1.00301
ENSG00000145864,GABRB2,201,-1.3306,505,1.33060
ENSG00000022355,GABRA1,168,-1.7143,551,1.71432
ENSG00000113327,GABRG2,86,-1.9463,333,1.94635
ENSG00000113328,CCNG1,90,1.59480,29,-1.5948
ENSG00000170584,NUDCD2,52,0.23773,44,-0.2377
ENSG00000038274,MAT2B,76,-0.9092,143,0.90929
ENSG00000145934,TENM2,11,-2.5502,66,2.55027
ENSG00000113645,WWC1,0,-4.9838,29,4.98382
ENSG00000113643,RARS,122,1.35623,47,-1.3562
ENSG00000188573,FBLL1,31,-1.3156,77,1.31567
ENSG00000120137,PANK3,122,0.39569,93,-0.3956
ENSG00000181163,NPM1,333,0.71110,203,-0.7111
ENSG00000072803,FBXW11,77,-0.6217,118,0.62179
ENSG00000120129,DUSP1,660,3.81770,46,-3.8177
ENSG00000113719,ERGIC1,48,0.46440,34,-0.4644
ENSG00000037241,RPL26L1,27,-0.8545,49,0.85454
ENSG00000113732,ATP6V0E1,177,2.02080,43,-2.0208
ENSG00000164463,CREBRF,95,0.54559,65,-0.5455
ENSG00000145919,BOD1,19,-1.3073,48,1.30734
ENSG00000113742,CPEB4,93,-0.2604,112,0.26047
ENSG00000170091,NSG2,74,-2.2857,361,2.28577
ENSG00000164466,SFXN1,43,-0.4459,59,0.44592
ENSG00000145920,CPLX2,137,-0.8948,256,0.89485
ENSG00000051596,THOC3,11,-1.7899,39,1.78997
ENSG00000122203,KIAA1191,41,-1.5725,124,1.57257
ENSG00000175414,ARL10,9,-1.3448,24,1.34481
ENSG00000146066,HIGD2A,52,-1.0973,111,1.09736
ENSG00000175416,CLTB,117,-0.7821,201,0.78217
ENSG00000113194,FAF2,20,-0.5962,31,0.59629
ENSG00000146083,RNF44,17,-1.8096,59,1.80969
ENSG00000169258,GPRIN1,16,-1.0976,35,1.09766
ENSG00000074317,SNCB,180,-1.3950,475,1.39501
ENSG00000048140,TSPAN17,18,-0.8272,33,0.82729
ENSG00000113763,UNC5A,20,-1.4413,55,1.44132
ENSG00000165671,NSD1,79,1.33151,31,-1.3315
ENSG00000169230,PRELID1,55,-0.8937,102,0.89377
ENSG00000169223,LMAN2,100,1.12131,46,-1.1213
ENSG00000169220,RGS14,0,-5.7455,38,5.74557
ENSG00000131188,PRR7,11,-1.3008,28,1.30087
ENSG00000113758,DBN1,24,-1.5201,68,1.52015
ENSG00000183258,DDX41,47,0.11595,43,-0.1159
ENSG00000184840,TMED9,54,-0.3412,69,0.34124
ENSG00000027847,B4GALT7,13,-1.4919,36,1.49190
ENSG00000204677,FAM153CP,34,0.11092,31,-0.1109
ENSG00000145916,RMND5B,15,-0.7269,25,0.72696
ENSG00000145912,NHP2,95,-0.8272,170,0.82720
ENSG00000197451,HNRNPAB,72,0.23402,61,-0.2340
ENSG00000113240,CLK4,42,0.65398,26,-0.6539
ENSG00000169045,HNRNPH1,187,0.56420,126,-0.5642
ENSG00000127022,CANX,585,0.74559,349,-0.7455
ENSG00000161013,MGAT4B,1,-5.3329,42,5.33294
ENSG00000161011,SQSTM1,137,-0.5861,206,0.58614
ENSG00000197226,TBC1D9B,48,-0.7487,81,0.74872
ENSG00000113269,RNF130,91,0.02441,90,-0.0244
ENSG00000050748,MAPK9,76,-1.3347,193,1.33474
ENSG00000131446,MGAT1,46,0.73142,28,-0.7314
ENSG00000250222,AC008443.5,35,0.64126,22,-0.6412
ENSG00000146063,TRIM41,4,-2.6032,25,2.60320
ENSG00000204628,RACK1,539,1.19740,235,-1.1974
ENSG00000112679,DUSP22,33,0.27027,27,-0.2702
ENSG00000112685,EXOC2,35,0.50959,24,-0.5095
ENSG00000124535,WRNIP1,10,-2.6852,64,2.68525
ENSG00000124570,SERPINB6,118,2.11000,27,-2.1100
ENSG00000124588,NQO2,53,0.03864,51,-0.0386
ENSG00000137267,TUBB2A,124,-2.7178,816,2.71784
ENSG00000137285,TUBB2B,73,-1.8281,261,1.82818
ENSG00000180822,PSMG4,0,-6.0297,31,6.02979
ENSG00000137266,SLC22A23,32,0.00348,32,-0.0034
ENSG00000145945,FAM50B,6,-1.9821,25,1.98214
ENSG00000112739,PRPF4B,82,0.27503,68,-0.2750
ENSG00000198721,ECI2,45,0.31748,36,-0.3174
ENSG00000214113,LYRM4,27,-0.8481,49,0.84815
ENSG00000124785,NRN1,114,-1.0067,230,1.00675
ENSG00000124783,SSR1,161,1.19610,70,-1.1961
ENSG00000124802,EEF1E1,17,-1.7524,58,1.75240
ENSG00000111843,TMEM14C,96,0.12285,89,-0.1228
ENSG00000137210,TMEM14B,38,-1.2298,89,1.22982
ENSG00000224531,SMIM13,75,-0.9342,144,0.93423
ENSG00000205269,TMEM170B,23,-1.7954,82,1.79541
ENSG00000095951,HIVEP1,39,0.70131,24,-0.7013
ENSG00000112137,PHACTR1,114,-0.4509,155,0.45094
ENSG00000145979,TBC1D7,3,-2.9045,27,2.90457
ENSG00000145990,GFOD1,79,-1.0349,163,1.03495
ENSG00000124523,SIRT5,15,-1.3696,38,1.36969
ENSG00000225921,NOL7,126,0.61426,82,-0.6142
ENSG00000010017,RANBP9,33,-1.4372,92,1.43724
ENSG00000050393,MCUR1,41,-0.3376,52,0.33766
ENSG00000180537,RNF182,29,0.32646,23,-0.3264
ENSG00000112149,CD83,47,0.21881,40,-0.2188
ENSG00000047579,DTNBP1,14,-1.4287,39,1.42875
ENSG00000124788,ATXN1,53,-0.8778,98,0.87789
ENSG00000112186,CAP2,113,-1.4758,315,1.47581
ENSG00000137414,FAM8A1,47,-0.1020,51,0.10209
ENSG00000124789,NUP153,39,0.29325,31,-0.2932
ENSG00000137364,TPMT,6,-2.5533,40,2.55330
ENSG00000124795,DEK,279,1.92257,73,-1.9225
ENSG00000172201,ID4,140,1.29533,57,-1.2953
ENSG00000272168,CASC15,29,-0.3393,37,0.33937
ENSG00000152954,NRSN1,56,-1.4175,150,1.41755
ENSG00000124532,MRS2,22,-0.2540,27,0.25407
ENSG00000112294,ALDH5A1,29,-1.5225,83,1.52259
ENSG00000137261,KIAA0319,14,-1.0717,30,1.07170
ENSG00000111802,TDP2,51,-0.4319,69,0.43197
ENSG00000112304,ACOT13,56,0.27428,47,-0.2742
ENSG00000112308,C6orf62,146,0.15719,131,-0.1571
ENSG00000111913,RIPOR2,19,-1.1621,43,1.16211
ENSG00000197061,HIST1H4C,125,1.77609,36,-1.7760
ENSG00000112763,BTN2A1,29,0.27246,24,-0.2724
ENSG00000182952,HMGN4,46,0.53407,31,-0.5340
ENSG00000269293,ZSCAN16-AS1,47,-0.2858,57,0.28588
ENSG00000204713,TRIM27,17,-0.9724,34,0.97246
ENSG00000204681,GABBR1,137,-0.8245,243,0.82454
ENSG00000206503,HLA-A,755,2.75154,112,-2.7515
ENSG00000204619,PPP1R11,89,0.34325,70,-0.3432
ENSG00000231074,HCG18,46,0.39199,35,-0.3919
ENSG00000241370,RPP21,59,0.14117,54,-0.1411
ENSG00000204592,HLA-E,583,4.08897,34,-4.0889
ENSG00000204590,GNL1,52,-0.9174,100,0.91747
ENSG00000204574,ABCF1,49,0.32105,39,-0.3210
ENSG00000204569,PPP1R10,35,0.28602,29,-0.2860
ENSG00000204568,MRPS18B,33,-0.8258,59,0.82582
ENSG00000137343,ATAT1,6,-2.8100,44,2.81006
ENSG00000204564,C6orf136,12,-1.9802,49,1.98024
ENSG00000196230,TUBB,262,-0.8742,480,0.87421
ENSG00000137312,FLOT1,106,-0.7469,178,0.74693
ENSG00000204580,DDR1,149,1.69106,46,-1.6910
ENSG00000204525,HLA-C,490,3.06132,58,-3.0613
ENSG00000234745,HLA-B,1513,3.38089,145,-3.3808
ENSG00000198563,DDX39B,83,-0.0207,84,0.02075
ENSG00000213760,ATP6V1G2,67,-2.2056,310,2.20563
ENSG00000204469,PRRC2A,83,-0.1779,94,0.17796
ENSG00000204463,BAG6,67,-0.3991,89,0.39911
ENSG00000204435,CSNK2B,125,0.13347,114,-0.1334
ENSG00000204427,ABHD16A,21,-1.4260,56,1.42603
ENSG00000204394,VARS,37,-0.1607,42,0.16075
ENSG00000204392,LSM2,56,0.75861,33,-0.7586
ENSG00000204389,HSPA1A,78,-0.9808,155,0.98082
ENSG00000204388,HSPA1B,49,-2.3476,250,2.34767
ENSG00000204387,SNHG32,95,0.92261,50,-0.9226
ENSG00000204386,NEU1,18,-1.1893,42,1.18934
ENSG00000204371,EHMT2,22,-0.9875,44,0.98755
ENSG00000204356,NELFE,58,0.11925,53,-0.1192
ENSG00000204314,PRRT1,62,-1.2535,149,1.25357
ENSG00000204310,AGPAT1,71,-0.6199,110,0.61997
ENSG00000204308,RNF5,49,-0.2781,60,0.27810
ENSG00000204256,BRD2,41,-0.5600,61,0.56002
ENSG00000204231,RXRB,52,-0.4381,71,0.43816
ENSG00000204227,RING1,34,-0.5709,50,0.57090
ENSG00000223501,VPS52,10,-1.3757,26,1.37579
ENSG00000231500,RPS18,2153,1.43860,794,-1.4386
ENSG00000227057,WDR46,22,-0.0614,23,0.06144
ENSG00000204220,PFDN6,37,-0.6630,60,0.66308
ENSG00000231925,TAPBP,81,0.12399,74,-0.1239
ENSG00000204209,DAXX,29,0.37707,22,-0.3770
ENSG00000112511,PHF1,16,-1.0707,34,1.07078
ENSG00000112514,CUTA,104,-0.8855,193,0.88551
ENSG00000197283,SYNGAP1,20,-1.5496,60,1.54963
ENSG00000137288,UQCC2,65,-0.2883,80,0.28834
ENSG00000137309,HMGA1,36,-0.4748,50,0.47489
ENSG00000186577,SMIM29,58,-1.0978,124,1.09787
ENSG00000272325,NUDT3,149,-0.5735,222,0.57358
ENSG00000124614,RPS10,469,0.83554,263,-0.8355
ENSG00000124507,PACSIN1,88,-1.3775,228,1.37755
ENSG00000196821,ILRUN,64,-0.1498,71,0.14988
ENSG00000124562,SNRPC,79,0.00039,79,-0.0003
ENSG00000064995,TAF11,33,0.31765,26,-0.3176
ENSG00000064999,ANKS1A,34,0.27626,28,-0.2762
ENSG00000198755,RPL10A,622,0.75027,370,-0.7502
ENSG00000096060,FKBP5,88,1.73571,26,-1.7357
ENSG00000096063,SRPK1,43,0.31196,34,-0.3119
ENSG00000112062,MAPK14,24,-0.9903,48,0.99038
ENSG00000096070,BRPF3,7,-2.3010,36,2.30106
ENSG00000112078,KCTD20,66,0.81351,37,-0.8135
ENSG00000112081,SRSF3,250,0.70191,153,-0.7019
ENSG00000124772,CPNE5,10,-2.9713,83,2.97133
ENSG00000137168,PPIL1,23,-0.7480,38,0.74801
ENSG00000198663,C6orf89,84,0.37178,65,-0.3717
ENSG00000137409,MTCH1,267,-1.4543,733,1.45431
ENSG00000112130,RNF8,43,-0.1280,47,0.12809
ENSG00000137200,CMTR1,0,-5.8365,30,5.83657
ENSG00000156639,ZFAND3,36,-0.3039,45,0.30393
ENSG00000183826,BTBD9,48,0.13117,43,-0.1311
ENSG00000124767,GLO1,171,0.18561,151,-0.1856
ENSG00000146122,DAAM2,115,2.48980,20,-2.4898
ENSG00000124596,OARD1,21,-0.2663,26,0.26634
ENSG00000214736,TOMM6,104,-0.4013,137,0.40137
ENSG00000112576,CCND3,38,-0.6973,62,0.69731
ENSG00000048544,MRPS10,33,-0.5283,47,0.52838
ENSG00000024048,UBR2,64,0.75501,38,-0.7550
ENSG00000124659,TBCC,7,-2.2741,34,2.27412
ENSG00000112624,BICRAL,75,1.68814,23,-1.6881
ENSG00000146223,RPL7L1,99,-0.3418,126,0.34181
ENSG00000137161,CNPY3,54,0.78057,31,-0.7805
ENSG00000124587,PEX6,10,-1.6101,32,1.61019
ENSG00000112640,PPP2R5D,44,-0.3723,57,0.37234
ENSG00000124733,MEA1,48,-0.8851,90,0.88513
ENSG00000124702,KLHDC3,119,-1.2482,284,1.24825
ENSG00000124541,RRP36,17,-1.0145,35,1.01451
ENSG00000137171,KLC4,7,-1.6212,24,1.62123
ENSG00000112651,MRPL2,84,0.83849,47,-0.8384
ENSG00000112658,SRF,22,-0.2901,26,0.29016
ENSG00000112659,CUL9,16,-0.8703,30,0.87038
ENSG00000112667,DNPH1,28,-0.7283,47,0.72832
ENSG00000204052,LRRC73,6,-2.6300,37,2.63002
ENSG00000137207,YIPF3,49,-0.7809,85,0.78093
ENSG00000096080,MRPS18A,50,-0.1374,55,0.13747
ENSG00000112715,VEGFA,9,-2.3153,49,2.31532
ENSG00000180992,MRPL14,52,-0.1140,56,0.11407
ENSG00000137216,TMEM63B,7,-2.9565,57,2.95650
ENSG00000112759,SLC29A1,21,-0.3066,26,0.30663
ENSG00000096384,HSP90AB1,911,-1.0512,1888,1.05124
ENSG00000178233,TMEM151B,24,-2.4408,132,2.44085
ENSG00000096401,CDC5L,46,-0.4329,62,0.43297
ENSG00000001561,ENPP4,52,-0.2136,61,0.21366
ENSG00000112796,ENPP5,35,-0.8989,66,0.89896
ENSG00000172348,RCAN2,172,-0.5561,253,0.55612
ENSG00000153291,SLC25A27,12,-1.9229,48,1.92299
ENSG00000146072,TNFRSF21,22,-1.2475,53,1.24756
ENSG00000146085,MMUT,68,0.22980,58,-0.2298
ENSG00000170915,PAQR8,48,-0.7974,83,0.79748
ENSG00000096092,TMEM14A,62,-1.6396,194,1.63962
ENSG00000170899,GSTA4,7,-3.2134,68,3.21349
ENSG00000112146,FBXO9,81,-0.7561,137,0.75618
ENSG00000012660,ELOVL5,36,-0.7100,60,0.71001
ENSG00000001084,GCLC,49,0.52007,34,-0.5200
ENSG00000146151,HMGCLL1,7,-1.6167,24,1.61678
ENSG00000151914,DST,702,1.14558,317,-1.1455
ENSG00000151917,BEND6,54,-0.8010,94,0.80101
ENSG00000168116,KIAA1586,99,1.58806,33,-1.5880
ENSG00000112200,ZNF451,137,1.48906,49,-1.4890
ENSG00000118482,PHF3,108,1.00445,53,-1.0044
ENSG00000135298,ADGRB3,139,0.13298,126,-0.1329
ENSG00000168216,LMBRD1,90,-0.3413,114,0.34136
ENSG00000082269,FAM135A,27,-0.1808,31,0.18082
ENSG00000154079,SDHAF4,4,-2.7546,29,2.75460
ENSG00000112305,SMAP1,35,-1.3109,88,1.31092
ENSG00000119900,OGFRL1,251,0.75529,149,-0.7552
ENSG00000079841,RIMS1,133,0.14653,120,-0.1465
ENSG00000185760,KCNQ5,69,-0.8723,126,0.87231
ENSG00000156508,EEF1A1,6228,1.91404,1652,-1.9140
ENSG00000119899,SLC17A5,0,-5.6691,25,5.66910
ENSG00000112695,COX7A2,350,-0.6463,548,0.64631
ENSG00000112697,TMEM30A,221,-0.2171,257,0.21713
ENSG00000112701,SENP6,195,1.22260,83,-1.2226
ENSG00000196586,MYO6,140,1.47181,50,-1.4718
ENSG00000146247,PHIP,118,1.07383,56,-1.0738
ENSG00000118418,HMGN3,170,1.01902,84,-1.0190
ENSG00000198478,SH3BGRL2,31,-1.4260,85,1.42604
ENSG00000118402,ELOVL4,10,-2.7909,70,2.79096
ENSG00000005700,IBTK,126,1.47590,45,-1.4759
ENSG00000146242,TPBG,30,-0.8827,55,0.88271
ENSG00000083097,DOP1A,33,-0.2081,38,0.20811
ENSG00000013392,RWDD2A,15,-0.8072,26,0.80728
ENSG00000065833,ME1,37,-0.3693,48,0.36936
ENSG00000065609,SNAP91,122,-1.6150,375,1.61506
ENSG00000203877,RIPPLY2,0,-5.3309,36,5.33092
ENSG00000135324,MRAP2,8,-2.4872,45,2.48720
ENSG00000135317,SNX14,66,-0.1777,74,0.17770
ENSG00000135316,SYNCRIP,85,0.36817,66,-0.3681
ENSG00000203875,SNHG5,202,2.42571,37,-2.4257
ENSG00000188994,ZNF292,55,-0.0936,59,0.09366
ENSG00000111850,SMIM8,33,-0.0945,35,0.09455
ENSG00000164414,SLC35A1,31,0.29457,25,-0.2945
ENSG00000135336,ORC3,42,0.38908,32,-0.3890
ENSG00000135334,AKIRIN2,3,-4.0310,62,4.03101
ENSG00000118432,CNR1,65,-0.2222,75,0.22228
ENSG00000111880,RNGTT,47,0.76721,27,-0.7672
ENSG00000146278,PNRC1,298,1.88589,80,-1.8858
ENSG00000198833,UBE2J1,64,0.87638,35,-0.8763
ENSG00000025039,RRAGD,45,0.36202,35,-0.3620
ENSG00000135299,ANKRD6,37,0.64278,24,-0.6427
ENSG00000083099,LYRM2,53,-0.0047,53,0.00479
ENSG00000112159,MDN1,54,0.47057,39,-0.4705
ENSG00000118412,CASP8AP2,54,1.06185,26,-1.0618
ENSG00000135341,MAP3K7,35,-0.3492,45,0.34920
ENSG00000172461,FUT9,218,0.40421,165,-0.4042
ENSG00000014123,UFL1,43,0.57175,29,-0.5717
ENSG00000123545,NDUFAF4,22,-2.2242,102,2.22422
ENSG00000186231,KLHL32,11,-1.1644,25,1.16448
ENSG00000184486,POU3F2,24,-0.4557,34,0.45579
ENSG00000146267,FAXC,40,-0.7777,69,0.77771
ENSG00000132424,PNISR,227,1.31225,91,-1.3122
ENSG00000112237,CCNC,23,-0.8471,41,0.84712
ENSG00000164418,GRIK2,25,-0.1915,28,0.19151
ENSG00000085382,HACE1,9,-2.0502,37,2.05023
ENSG00000085377,PREP,33,-0.5673,49,0.56730
ENSG00000057663,ATG5,46,0.05534,44,-0.0553
ENSG00000130349,MTRES1,50,0.93874,26,-0.9387
ENSG00000112320,SOBP,65,-0.4063,86,0.40633
ENSG00000025796,SEC63,133,0.89794,71,-0.8979
ENSG00000081087,OSTM1,42,-0.1214,46,0.12148
ENSG00000112335,SNX3,398,-0.4028,526,0.40286
ENSG00000118689,FOXO3,87,-0.4097,116,0.40976
ENSG00000080546,SESN1,43,-1.1649,97,1.16499
ENSG00000135535,CD164,96,0.38677,73,-0.3867
ENSG00000112367,FIG4,23,-0.9673,45,0.96737
ENSG00000112290,WASF1,110,-1.4719,307,1.47199
ENSG00000168438,CDC40,62,-0.1287,68,0.12876
ENSG00000155111,CDK19,24,-0.9518,46,0.95185
ENSG00000123505,AMD1,145,-0.1332,159,0.13328
ENSG00000155115,GTF3C6,86,0.60591,56,-0.6059
ENSG00000197498,RPF2,56,0.96421,28,-0.9642
ENSG00000009413,REV3L,93,1.73769,28,-1.7376
ENSG00000010810,FYN,100,-0.0008,100,0.00080
ENSG00000203778,FAM229B,39,-0.5191,55,0.51918
ENSG00000277443,MARCKS,218,-0.7156,359,0.71567
ENSG00000196591,HDAC2,56,-0.5707,83,0.57072
ENSG00000178425,NT5DC1,38,0.52035,26,-0.5203
ENSG00000187189,TSPYL4,141,-1.2928,346,1.29282
ENSG00000189241,TSPYL1,141,-2.3570,724,2.35701
ENSG00000111832,RWDD1,98,0.43711,72,-0.4371
ENSG00000196911,KPNA5,61,-0.0622,64,0.06227
ENSG00000047932,GOPC,47,-0.7480,79,0.74801
ENSG00000153989,NUS1,54,-0.1673,61,0.16739
ENSG00000196376,SLC35F1,49,-0.3570,63,0.35705
ENSG00000111875,ASF1A,61,0.87231,33,-0.8723
ENSG00000111885,MAN1A1,93,1.36896,36,-1.3689
ENSG00000152661,GJA1,281,-0.3807,366,0.38070
ENSG00000025156,HSF2,46,0.77121,27,-0.7712
ENSG00000111897,SERINC1,471,-1.0642,985,1.06421
ENSG00000164434,FABP7,524,1.86288,144,-1.8628
ENSG00000146352,CLVS2,54,-1.3143,136,1.31432
ENSG00000188580,NKAIN2,4,-2.9938,39,2.99383
ENSG00000111907,TPD52L1,52,0.24168,44,-0.2416
ENSG00000111906,HDDC2,121,0.35013,95,-0.3501
ENSG00000111912,NCOA7,111,-0.7631,190,0.76312
ENSG00000111911,HINT3,52,-0.9538,101,0.95388
ENSG00000118518,RNF146,42,-0.7217,69,0.72173
ENSG00000093144,ECHDC1,69,0.44308,50,-0.4430
ENSG00000189367,KIAA0408,52,-1.6882,168,1.68826
ENSG00000152894,PTPRK,47,-0.9832,93,0.98325
ENSG00000079819,EPB41L2,310,1.55516,105,-1.5551
ENSG00000118507,AKAP7,75,1.37074,29,-1.3707
ENSG00000079950,STX7,75,-0.5623,111,0.56231
ENSG00000146409,SLC18B1,15,-1.1826,34,1.18269
ENSG00000112306,RPS12,2257,1.63294,727,-1.6329
ENSG00000028839,TBPL1,36,-0.4499,49,0.44994
ENSG00000118515,SGK1,78,1.36594,30,-1.3659
ENSG00000112339,HBS1L,23,-1.4959,65,1.49592
ENSG00000135541,AHI1,51,0.01198,51,-0.0119
ENSG00000029363,BCLAF1,207,0.58314,138,-0.5831
ENSG00000135525,MAP7,91,0.58304,61,-0.5830
ENSG00000197442,MAP3K5,40,-0.2101,47,0.21017
ENSG00000027697,IFNGR1,78,1.13144,35,-1.1314
ENSG00000112379,ARFGEF3,75,-0.6967,121,0.69679
ENSG00000051620,HEBP2,33,0.35762,25,-0.3576
ENSG00000024862,CCDC28A,55,0.01873,54,-0.0187
ENSG00000135597,REPS1,55,0.48181,39,-0.4818
ENSG00000146386,ABRACL,44,0.29255,36,-0.2925
ENSG00000112406,HECA,45,0.08122,42,-0.0812
ENSG00000164442,CITED2,44,-0.9962,89,0.99622
ENSG00000009844,VTA1,63,-0.3912,83,0.39125
ENSG00000010818,HIVEP2,68,-0.6815,110,0.68159
ENSG00000146416,AIG1,62,-0.1918,71,0.19188
ENSG00000112419,PHACTR2,134,2.46488,24,-2.4648
ENSG00000169976,SF3B5,47,-1.0813,100,1.08137
ENSG00000152818,UTRN,176,2.44228,32,-2.4422
ENSG00000118496,FBXO30,65,1.53590,22,-1.5359
ENSG00000164506,STXBP5,107,-0.3045,133,0.30451
ENSG00000111961,SASH1,60,-0.2651,72,0.26511
ENSG00000055208,TAB2,96,0.92678,51,-0.9267
ENSG00000131013,PPIL4,52,0.87733,28,-0.8773
ENSG00000055211,GINM1,102,1.62632,33,-1.6263
ENSG00000131023,LATS1,67,1.29434,27,-1.2943
ENSG00000120265,PCMT1,114,-1.6700,364,1.67004
ENSG00000120256,LRP11,67,-0.5469,98,0.54697
ENSG00000198729,PPP1R14C,0,-6.3603,38,6.36030
ENSG00000131016,AKAP12,216,0.44747,158,-0.4474
ENSG00000155906,RMND1,15,-0.8629,29,0.86290
ENSG00000146476,ARMT1,11,-1.8457,40,1.84579
ENSG00000131018,SYNE1,266,0.33969,210,-0.3396
ENSG00000146469,VIP,8,-2.4875,49,2.48758
ENSG00000112031,MTRF1L,60,0.81784,34,-0.8178
ENSG00000091844,RGS17,18,-0.4230,25,0.42302
ENSG00000074706,IPCEF1,75,-1.1323,165,1.13239
ENSG00000213079,SCAF8,25,-0.3929,34,0.39299
ENSG00000146426,TIAM2,34,-1.3977,90,1.39777
ENSG00000049618,ARID1B,69,-0.1627,77,0.16279
ENSG00000215712,TMEM242,49,-0.2820,59,0.28209
ENSG00000175048,ZDHHC14,15,-1.5603,46,1.56031
ENSG00000130340,SNX9,54,0.84525,30,-0.8452
ENSG00000078269,SYNJ2,21,-0.5067,30,0.50672
ENSG00000272047,GTF2H5,72,-0.3049,89,0.30490
ENSG00000130338,TULP4,111,-0.0379,114,0.03794
ENSG00000146433,TMEM181,46,-0.8875,86,0.88753
ENSG00000146425,DYNLT1,110,2.18022,24,-2.1802
ENSG00000092820,EZR,167,1.12076,76,-1.1207
ENSG00000112096,SOD2,237,-0.2767,287,0.27673
ENSG00000146457,WTAP,85,0.41464,64,-0.4146
ENSG00000120437,ACAT2,46,-0.1099,50,0.10995
ENSG00000120438,TCP1,99,-1.3618,254,1.36189
ENSG00000112110,MRPL18,50,-0.5609,74,0.56097
ENSG00000026652,AGPAT4,19,-0.6592,30,0.65929
ENSG00000112531,QKI,508,0.77679,296,-0.7767
ENSG00000198818,SFT2D1,17,-1.4955,48,1.49558
ENSG00000060762,MPC1,57,-0.8401,102,0.84015
ENSG00000071242,RPS6KA2,83,0.75503,49,-0.7550
ENSG00000026297,RNASET2,38,0.44127,28,-0.4412
ENSG00000130396,AFDN,50,0.26037,42,-0.2603
ENSG00000185127,C6orf120,2,-3.7920,35,3.79209
ENSG00000130024,PHF10,127,1.52013,44,-1.5201
ENSG00000112584,FAM120B,15,-1.4470,41,1.44702
ENSG00000008018,PSMB1,83,-0.9268,159,0.92688
ENSG00000071994,PDCD2,46,0.45855,33,-0.4585
ENSG00000177706,FAM20C,43,0.14450,39,-0.1445
ENSG00000197461,PDGFA,43,0.56619,29,-0.5661
ENSG00000188191,PRKAR1B,185,-1.2633,444,1.26335
ENSG00000164828,SUN1,86,0.57265,57,-0.5726
ENSG00000105963,ADAP1,41,-1.1286,89,1.12869
ENSG00000146540,C7orf50,46,-0.9857,91,0.98571
ENSG00000178381,ZFAND2A,45,-0.0117,45,0.01170
ENSG00000164880,INTS1,43,-0.6405,68,0.64058
ENSG00000157778,PSMG3,8,-2.8491,59,2.84919
ENSG00000106263,EIF3B,43,-0.3540,55,0.35402
ENSG00000136295,TTYH3,10,-2.7435,69,2.74356
ENSG00000146535,GNA12,29,-0.3262,36,0.32627
ENSG00000164916,FOXK1,19,-1.2249,45,1.22498
ENSG00000157954,WIPI2,65,-0.8528,118,0.85284
ENSG00000182095,TNRC18,15,-1.2599,37,1.25996
ENSG00000155034,FBXL18,25,-0.3951,32,0.39518
ENSG00000075624,ACTB,2198,0.09472,2058,-0.0947
ENSG00000075618,FSCN1,79,-0.7872,137,0.78729
ENSG00000011275,RNF216,77,1.11660,35,-1.1166
ENSG00000122674,CCZ1,26,-0.5033,37,0.50333
ENSG00000122512,PMS2,31,-0.4095,42,0.40950
ENSG00000086232,EIF2AK1,94,0.53984,64,-0.5398
ENSG00000008256,CYTH3,23,-0.6469,36,0.64696
ENSG00000136238,RAC1,380,-0.2327,447,0.23274
ENSG00000164535,DAGLB,19,-0.2129,23,0.21293
ENSG00000136240,KDELR2,34,-0.5062,49,0.50626
ENSG00000136247,ZDHHC4,47,0.46509,34,-0.4650
ENSG00000164631,ZNF12,20,-0.5870,30,0.58702
ENSG00000106392,C1GALT1,18,-0.6654,29,0.66548
ENSG00000106399,RPA3,6,-2.5809,39,2.58092
ENSG00000219545,UMAD1,34,0.50112,24,-0.5011
ENSG00000106415,GLCCI1,45,0.08130,42,-0.0813
ENSG00000003147,ICA1,33,-0.3108,41,0.31089
ENSG00000122584,NXPH1,17,-0.9653,33,0.96534
ENSG00000189043,NDUFA4,762,-1.3752,1978,1.37526
ENSG00000106443,PHF14,85,-0.1530,94,0.15305
ENSG00000106460,TMEM106B,134,0.01446,133,-0.0144
ENSG00000122644,ARL4A,55,0.69495,34,-0.6949
ENSG00000006468,ETV1,36,-0.7207,60,0.72073
ENSG00000136267,DGKB,95,-0.1605,106,0.16058
ENSG00000106524,ANKMY2,15,-1.4372,41,1.43725
ENSG00000136261,BZW2,13,-1.3531,33,1.35311
ENSG00000106537,TSPAN13,40,-2.1401,178,2.14015
ENSG00000071189,SNX13,85,0.29566,69,-0.2956
ENSG00000048052,HDAC9,52,-0.0925,55,0.09259
ENSG00000105855,ITGB8,58,-0.1923,66,0.19230
ENSG00000136237,RAPGEF5,166,-0.1847,189,0.18479
ENSG00000196683,TOMM7,495,-0.2423,585,0.24233
ENSG00000122550,KLHL7,11,-2.4173,60,2.41739
ENSG00000136243,NUP42,31,-0.1345,34,0.13453
ENSG00000136235,GPNMB,72,1.10507,33,-1.1050
ENSG00000156928,MALSU1,18,-1.3578,46,1.35787
ENSG00000164548,TRA2A,44,-0.2408,53,0.24089
ENSG00000105926,MPP6,308,1.97750,78,-1.9775
ENSG00000070882,OSBPL3,6,-2.0873,26,2.08739
ENSG00000172115,CYCS,171,-1.0985,366,1.09854
ENSG00000122566,HNRNPA2B1,454,0.13866,412,-0.1386
ENSG00000122565,CBX3,169,0.26008,141,-0.2600
ENSG00000086300,SNX10,92,-1.4860,258,1.48606
ENSG00000005020,SKAP2,60,-0.0402,61,0.04024
ENSG00000106052,TAX1BP1,298,0.46473,216,-0.4647
ENSG00000153814,JAZF1,28,-1.1882,63,1.18829
ENSG00000255690,TRIL,4,-3.2301,41,3.23018
ENSG00000122574,WIPF3,25,-1.5335,75,1.53357
ENSG00000136193,SCRN1,136,-0.6022,206,0.60225
ENSG00000180354,MTURN,231,-0.6513,362,0.65137
ENSG00000006625,GGCT,41,-0.6380,65,0.63804
ENSG00000106105,GARS,30,-1.5880,92,1.58809
ENSG00000078549,ADCYAP1R1,54,-0.1454,60,0.14542
ENSG00000164600,NEUROD6,7,-3.5966,86,3.59669
ENSG00000154678,PDE1C,2,-3.3118,28,3.31188
ENSG00000106355,LSM5,66,0.32033,52,-0.3203
ENSG00000105778,AVL9,45,-0.4986,64,0.49864
ENSG00000170852,KBTBD2,21,-0.6374,33,0.63744
ENSG00000122642,FKBP9,24,-0.6717,38,0.67172
ENSG00000122643,NT5C3A,29,0.14626,26,-0.1462
ENSG00000173852,DPY19L1,48,-0.7519,81,0.75196
ENSG00000122545,SEPTIN7,373,-0.7318,619,0.73188
ENSG00000011426,ANLN,19,-0.5036,26,0.50363
ENSG00000155849,ELMO1,35,-1.4911,100,1.49115
ENSG00000086289,EPDR1,37,-2.1339,166,2.13390
ENSG00000010270,STARD3NL,43,-0.6312,66,0.63120
ENSG00000078053,AMPH,49,-1.9499,191,1.94995
ENSG00000006715,VPS41,86,-0.4011,114,0.40119
ENSG00000006451,RALA,32,-0.5354,47,0.53549
ENSG00000065883,CDK13,65,0.47524,47,-0.4752
ENSG00000168303,MPLKIP,42,0.10170,39,-0.1017
ENSG00000106588,PSMA2,110,0.35235,86,-0.3523
ENSG00000106591,MRPL32,57,0.11715,52,-0.1171
ENSG00000002746,HECW1,9,-2.7152,65,2.71522
ENSG00000106603,COA1,50,0.04064,49,-0.0406
ENSG00000106605,BLVRA,52,0.09176,49,-0.0917
ENSG00000062582,MRPS24,47,-1.3656,123,1.36569
ENSG00000106608,URGCP,19,-0.9468,36,0.94684
ENSG00000078967,UBE2D4,24,-0.4570,34,0.45701
ENSG00000136279,DBNL,62,0.01506,62,-0.0150
ENSG00000106628,POLD2,34,-0.2875,42,0.28755
ENSG00000106636,YKT6,20,-1.0116,41,1.01165
ENSG00000058404,CAMK2B,59,-2.7242,394,2.72427
ENSG00000015676,NUDCD3,35,-2.2730,169,2.27307
ENSG00000136271,DDX56,31,-0.0263,32,0.02630
ENSG00000158604,TMED4,69,-0.1310,76,0.13105
ENSG00000105953,OGDH,44,-0.8594,80,0.85942
ENSG00000122515,ZMIZ2,31,-0.8739,57,0.87392
ENSG00000196262,PPIA,745,-1.0380,1530,1.03808
ENSG00000105968,H2AFV,146,-0.2867,178,0.28678
ENSG00000146676,PURB,89,0.14215,81,-0.1421
ENSG00000232956,SNHG15,22,-0.3222,28,0.32229
ENSG00000136280,CCM2,53,-0.8341,96,0.83412
ENSG00000136274,NACAD,39,-0.2040,45,0.20406
ENSG00000136270,TBRG4,2,-3.5615,33,3.56151
ENSG00000164742,ADCY1,85,-1.5712,255,1.57123
ENSG00000136205,TNS3,61,0.66524,38,-0.6652
ENSG00000188730,VWC2,2,-3.6352,33,3.63529
ENSG00000106070,GRB10,43,0.10316,40,-0.1031
ENSG00000106078,COBL,47,-1.2752,115,1.27520
ENSG00000170419,VSTM2A,41,-2.1860,187,2.18600
ENSG00000132432,SEC61G,168,-0.0938,179,0.09380
ENSG00000146648,EGFR,59,1.07424,28,-1.0742
ENSG00000132434,LANCL2,33,-1.3391,85,1.33916
ENSG00000154978,VOPP1,87,-0.3478,111,0.34789
ENSG00000146729,NIPSNAP2,92,0.21763,79,-0.2176
ENSG00000239789,MRPS17,28,-0.8295,49,0.82956
ENSG00000146731,CCT6A,136,-0.1038,146,0.10386
ENSG00000129103,SUMF2,40,0.38511,31,-0.3851
ENSG00000106153,CHCHD2,357,-0.7291,593,0.72911
ENSG00000173041,ZNF680,63,0.60779,41,-0.6077
ENSG00000196715,VKORC1L1,35,-0.8479,64,0.84794
ENSG00000169902,TPST1,8,-1.7648,29,1.76482
ENSG00000154710,RABGEF1,58,0.31961,46,-0.3196
ENSG00000106609,TMEM248,96,0.18721,84,-0.1872
ENSG00000126524,SBDS,175,0.52363,121,-0.5236
ENSG00000158321,AUTS2,18,-0.9539,36,0.95392
ENSG00000185274,GALNT17,38,-1.4031,100,1.40316
ENSG00000183166,CALN1,20,-0.8702,36,0.87028
ENSG00000196313,POM121,28,-0.0589,30,0.05892
ENSG00000130305,NSUN5,24,-0.4869,34,0.48696
ENSG00000009954,BAZ1B,76,0.38349,58,-0.3834
ENSG00000106635,BCL7B,34,-0.7625,58,0.76250
ENSG00000176410,DNAJC30,18,-0.6472,29,0.64724
ENSG00000071462,BUD23,56,-0.0929,59,0.09295
ENSG00000106089,STX1A,54,-1.6938,176,1.69385
ENSG00000106683,LIMK1,45,0.00713,45,-0.0071
ENSG00000106682,EIF4H,144,-1.0513,299,1.05134
ENSG00000106665,CLIP2,43,-0.4566,59,0.45662
ENSG00000263001,GTF2I,409,-0.2250,478,0.22501
ENSG00000274070,CASTOR2,61,0.28076,50,-0.2807
ENSG00000272391,POM121C,5,-2.8559,40,2.85595
ENSG00000005486,RHBDD2,128,-1.2730,310,1.27309
ENSG00000127948,POR,39,-0.2811,48,0.28115
ENSG00000189077,TMEM120A,46,0.28466,38,-0.2846
ENSG00000146701,MDH2,83,-1.3283,209,1.32833
ENSG00000106211,HSPB1,606,1.33380,240,-1.3338
ENSG00000170027,YWHAG,525,-1.3336,1325,1.33367
ENSG00000127947,PTPN12,83,1.26031,34,-1.2603
ENSG00000187257,RSBN1L,26,-0.7378,44,0.73784
ENSG00000135211,TMEM60,6,-2.0118,28,2.01180
ENSG00000187391,MAGI2,53,-0.6591,85,0.65917
ENSG00000234456,MAGI2-AS3,80,0.94672,41,-0.9467
ENSG00000127955,GNAI1,59,-0.8728,109,0.87280
ENSG00000153956,CACNA2D1,107,-0.3321,135,0.33211
ENSG00000186472,PCLO,152,-0.4998,216,0.49981
ENSG00000198822,GRM3,22,-2.5682,135,2.56829
ENSG00000164659,KIAA1324L,30,0.02988,29,-0.0298
ENSG00000135164,DMTF1,66,0.61933,43,-0.6193
ENSG00000105784,RUNDC3B,34,-0.1322,37,0.13221
ENSG00000075303,SLC25A40,26,-0.7117,44,0.71171
ENSG00000008277,ADAM22,90,-0.5988,137,0.59886
ENSG00000075142,SRI,148,-0.8634,270,0.86346
ENSG00000157214,STEAP2,49,-1.0907,106,1.09076
ENSG00000105793,GTPBP10,36,0.39705,27,-0.3970
ENSG00000157224,CLDN12,31,-0.2056,36,0.20564
ENSG00000058091,CDK14,36,-2.2456,174,2.24568
ENSG00000127914,AKAP9,178,0.60884,117,-0.6088
ENSG00000001630,CYP51A1,148,-0.1626,166,0.16267
ENSG00000001629,ANKIB1,127,1.48074,45,-1.4807
ENSG00000157259,GATAD1,65,0.82016,37,-0.8201
ENSG00000127993,RBM48,0,-5.8170,26,5.81700
ENSG00000234545,FAM133B,76,0.24902,64,-0.2490
ENSG00000004766,VPS50,10,-2.6928,68,2.69288
ENSG00000127920,GNG11,282,3.40263,26,-3.4026
ENSG00000127995,CASD1,44,-0.6003,68,0.60037
ENSG00000127990,SGCE,69,0.09655,65,-0.0965
ENSG00000242265,PEG10,115,-0.0316,118,0.03162
ENSG00000158528,PPP1R9A,46,-1.3453,118,1.34530
ENSG00000105854,PON2,185,0.91135,98,-0.9113
ENSG00000158560,DYNC1I1,86,-0.8495,156,0.84955
ENSG00000127922,SEM1,144,0.37716,111,-0.3771
ENSG00000006128,TAC1,11,-2.2469,56,2.24692
ENSG00000164715,LMTK2,44,-1.2596,105,1.25964
ENSG00000205356,TECPR1,1,-5.1847,37,5.18477
ENSG00000164713,BRI3,95,-0.1967,109,0.19679
ENSG00000106236,NPTX2,7,-2.4413,41,2.44139
ENSG00000166448,TMEM130,73,-2.2211,343,2.22116
ENSG00000196367,TRRAP,37,0.47237,27,-0.4723
ENSG00000241685,ARPC1A,146,0.05183,141,-0.0518
ENSG00000106244,PDAP1,114,0.25687,95,-0.2568
ENSG00000106245,BUD31,108,0.48516,77,-0.4851
ENSG00000241468,ATP5MF,187,-0.8190,330,0.81907
ENSG00000197343,ZNF655,26,-0.7433,44,0.74330
ENSG00000106261,ZKSCAN1,60,-0.1826,68,0.18260
ENSG00000168090,COPS6,71,-0.5572,104,0.55725
ENSG00000106290,TAF6,52,0.29860,42,-0.2986
ENSG00000188186,LAMTOR4,121,-0.4997,171,0.49975
ENSG00000239521,CASTOR3,29,-0.1253,32,0.12533
ENSG00000146834,MEPCE,8,-2.0583,37,2.05839
ENSG00000166925,TSC22D4,124,-0.4937,174,0.49379
ENSG00000077080,ACTL6B,11,-2.4391,63,2.43914
ENSG00000172354,GNB2,111,-0.6191,171,0.61919
ENSG00000172336,POP7,18,-1.9178,68,1.91782
ENSG00000087087,SRRT,22,-0.0927,24,0.09273
ENSG00000087085,ACHE,9,-1.3653,25,1.36536
ENSG00000227053,AC105446.1,0,-6.3470,38,6.34707
ENSG00000106367,AP1S1,57,-1.4269,155,1.42696
ENSG00000128564,VGF,30,-2.4964,172,2.49645
ENSG00000106400,ZNHIT1,101,0.00051,101,-0.0005
ENSG00000214253,FIS1,109,-0.8157,191,0.81573
ENSG00000128581,IFT22,37,-0.2859,45,0.28597
ENSG00000160963,COL26A1,5,-2.1759,27,2.17592
ENSG00000233123,LINC01007,9,-2.1544,40,2.15447
ENSG00000257923,CUX1,129,1.83020,36,-1.8302
ENSG00000160991,ORAI2,18,-0.3628,24,0.36289
ENSG00000005075,POLR2J,93,0.39837,70,-0.3983
ENSG00000267368,UPK3BL1,50,0.05431,48,-0.0543
ENSG00000170632,ARMC10,66,-0.1851,75,0.18514
ENSG00000161048,NAPEPLD,44,-0.7373,74,0.73738
ENSG00000105819,PMPCB,73,-0.1692,82,0.16924
ENSG00000105821,DNAJC2,67,1.61805,21,-1.6180
ENSG00000161057,PSMC2,73,-0.3520,93,0.35201
ENSG00000164815,ORC5,10,-1.5261,29,1.52619
ENSG00000005483,KMT2E,236,1.71065,72,-1.7106
ENSG00000135250,SRPK2,44,-2.2529,213,2.25295
ENSG00000008282,SYPL1,99,1.93523,26,-1.9352
ENSG00000105835,NAMPT,169,1.91887,44,-1.9188
ENSG00000005249,PRKAR2B,69,-1.0883,146,1.08833
ENSG00000105856,HBP1,34,0.54644,23,-0.5464
ENSG00000164597,COG5,10,-1.4471,27,1.44716
ENSG00000172209,GPR22,44,-0.5642,65,0.56428
ENSG00000075790,BCAP29,69,-1.0543,144,1.05438
ENSG00000233705,SLC26A4-AS1,51,-1.0446,107,1.04460
ENSG00000105879,CBLL1,31,0.49606,22,-0.4960
ENSG00000091140,DLD,62,-0.6861,100,0.68617
ENSG00000091129,NRCAM,269,-0.7177,442,0.71777
ENSG00000135241,PNPLA8,87,0.10940,80,-0.1094
ENSG00000177683,THAP5,38,-0.3206,47,0.32063
ENSG00000128590,DNAJB9,64,-0.0485,66,0.04850
ENSG00000173114,LRRN3,23,-1.5925,69,1.59256
ENSG00000128512,DOCK4,66,-0.7757,114,0.77578
ENSG00000006652,IFRD1,54,0.21568,47,-0.2156
ENSG00000214194,SMIM30,120,1.82741,33,-1.8274
ENSG00000105976,MET,34,0.17212,30,-0.1721
ENSG00000198898,CAPZA2,263,0.19852,229,-0.1985
ENSG00000128534,LSM8,76,0.96049,39,-0.9604
ENSG00000184408,KCND2,16,-1.8859,61,1.88590
ENSG00000196937,FAM3C,113,-1.2779,274,1.27792
ENSG00000106278,PTPRZ1,220,0.57090,148,-0.5709
ENSG00000081803,CADPS2,41,-1.1015,88,1.10153
ENSG00000128609,NDUFA5,207,-0.7943,359,0.79430
ENSG00000106299,WASL,126,-0.5145,181,0.51454
ENSG00000170775,GPR37,9,-1.8719,33,1.87196
ENSG00000004059,ARF5,26,-2.3279,135,2.32798
ENSG00000197157,SND1,47,-0.1815,54,0.18154
ENSG00000128594,LRRC4,5,-3.4241,64,3.42418
ENSG00000106348,IMPDH1,21,-0.3027,26,0.30273
ENSG00000128595,CALU,116,1.05922,55,-1.0592
ENSG00000128596,CCDC136,54,-0.5522,80,0.55226
ENSG00000128524,ATP6V1F,133,-1.1231,290,1.12315
ENSG00000064419,TNPO3,34,0.28642,28,-0.2864
ENSG00000158457,TSPAN33,21,-0.4943,30,0.49435
ENSG00000158467,AHCYL2,66,0.92083,35,-0.9208
ENSG00000186591,UBE2H,76,0.26004,64,-0.2600
ENSG00000128607,KLHDC10,19,-1.5496,58,1.54960
ENSG00000106477,CEP41,18,-0.8626,33,0.86265
ENSG00000106484,MEST,19,-0.8484,34,0.84842
ENSG00000286214,AUXG01000058.1,70,-2.4174,374,2.41741
ENSG00000231721,LINC-PINT,14,-0.9736,29,0.97365
ENSG00000128585,MKLN1,146,0.78669,84,-0.7866
ENSG00000128567,PODXL,125,1.97841,31,-1.9784
ENSG00000221866,PLXNA4,11,-1.7028,38,1.70282
ENSG00000131558,EXOC4,66,0.41619,49,-0.4161
ENSG00000205060,SLC35B4,27,-0.8495,50,0.84951
ENSG00000085662,AKR1B1,66,-0.9029,124,0.90298
ENSG00000172331,BPGM,16,-0.7203,27,0.72034
ENSG00000122786,CALD1,469,3.94443,30,-3.9444
ENSG00000080802,CNOT4,45,0.80983,25,-0.8098
ENSG00000243317,STMP1,149,1.47324,53,-1.4732
ENSG00000105887,MTPN,156,-0.7800,268,0.78004
ENSG00000105894,PTN,389,0.90302,208,-0.9030
ENSG00000157680,DGKI,61,0.16473,55,-0.1647
ENSG00000122779,TRIM24,27,0.12795,25,-0.1279
ENSG00000122778,KIAA1549,6,-2.3459,33,2.34592
ENSG00000157741,UBN2,51,1.10233,23,-1.1023
ENSG00000164898,FMC1,73,0.66685,46,-0.6668
ENSG00000146963,LUC7L2,102,1.01026,50,-1.0102
ENSG00000236279,CLEC2L,1,-4.9420,43,4.94202
ENSG00000064393,HIPK2,82,-0.0125,82,0.01257
ENSG00000157800,SLC37A3,43,0.75862,25,-0.7586
ENSG00000133606,MKRN1,99,0.27568,81,-0.2756
ENSG00000133597,ADCK2,5,-2.5377,34,2.53777
ENSG00000090266,NDUFB2,221,-1.0515,459,1.05159
ENSG00000157764,BRAF,59,-0.1823,67,0.18232
ENSG00000090263,MRPS33,53,-0.5450,78,0.54508
ENSG00000261115,TMEM178B,30,-1.3625,79,1.36258
ENSG00000006530,AGK,21,-0.8586,39,0.85864
ENSG00000257093,DENND11,41,0.36870,32,-0.3687
ENSG00000106028,SSBP1,121,0.33604,96,-0.3360
ENSG00000270672,MTRNR2L6,36,0.23353,30,-0.2335
ENSG00000106123,EPHB6,74,-1.1066,160,1.10663
ENSG00000197448,GSTK1,43,0.32757,35,-0.3275
ENSG00000159784,FAM131B,25,-1.5535,75,1.55352
ENSG00000159840,ZYX,42,-0.2827,51,0.28272
ENSG00000198420,TCAF1,77,-0.9396,149,0.93969
ENSG00000174469,CNTNAP2,75,-1.3986,198,1.39869
ENSG00000055130,CUL1,43,-0.9954,86,0.99541
ENSG00000155660,PDIA4,66,1.35734,26,-1.3573
ENSG00000171130,ATP6V0E2,106,-1.1119,230,1.11192
ENSG00000214022,REPIN1,36,-0.4582,49,0.45826
ENSG00000055118,KCNH2,13,-1.1073,28,1.10735
ENSG00000197150,ABCB8,18,-0.4592,25,0.45928
ENSG00000164885,CDK5,24,-2.2012,110,2.20125
ENSG00000164896,FASTK,47,-0.0610,49,0.06105
ENSG00000164897,TMUB1,20,-0.4933,28,0.49336
ENSG00000133612,AGAP3,93,-1.0178,188,1.01781
ENSG00000033050,ABCF2,39,-0.7376,65,0.73767
ENSG00000082014,SMARCD3,69,-0.1638,77,0.16384
ENSG00000013374,NUB1,65,0.83125,36,-0.8312
ENSG00000106615,RHEB,174,-0.6138,267,0.61384
ENSG00000106617,PRKAG2,49,-0.0688,51,0.06889
ENSG00000239911,PRKAG2-AS1,9,-2.6072,57,2.60727
ENSG00000178234,GALNT11,37,-1.3475,95,1.34752
ENSG00000055609,KMT2C,171,1.75924,50,-1.7592
ENSG00000133627,ACTR3B,37,-1.2665,91,1.26655
ENSG00000130226,DPP6,124,-0.9412,239,0.94120
ENSG00000157219,HTR5A,10,-1.8773,38,1.87738
ENSG00000186480,INSIG1,101,0.33611,80,-0.3361
ENSG00000184863,RBM33,141,2.55567,24,-2.5556
ENSG00000105983,LMBR1,72,0.05112,70,-0.0511
ENSG00000009335,UBE3C,54,-0.3021,67,0.30216
ENSG00000105993,DNAJB6,114,-1.3293,288,1.32935
ENSG00000155093,PTPRN2,50,-2.0810,214,2.08109
ENSG00000117868,ESYT2,142,1.01571,70,-1.0157
ENSG00000126870,WDR60,95,1.66990,29,-1.6699
ENSG00000147364,FBXO25,110,1.39397,42,-1.3939
ENSG00000198010,DLGAP2,28,-0.8721,51,0.87212
ENSG00000253982,AC100810.1,31,0.09408,29,-0.0940
ENSG00000176595,KBTBD11,116,-0.1236,126,0.12364
ENSG00000183117,CSMD1,44,0.48282,31,-0.4828
ENSG00000155189,AGPAT5,30,-1.0434,62,1.04346
ENSG00000173273,TNKS,56,-0.1477,62,0.14778
ENSG00000253230,LINC00599,47,-0.0781,50,0.07816
ENSG00000175806,MSRA,18,-1.2912,44,1.29128
ENSG00000104643,MTMR9,30,-1.4634,82,1.46344
ENSG00000154328,NEIL2,29,-0.1153,31,0.11538
ENSG00000079459,FDFT1,195,0.44636,143,-0.4463
ENSG00000164733,CTSB,315,-0.1999,362,0.19990
ENSG00000283674,AC068587.4,5,-2.2111,23,2.21114
ENSG00000154359,LONRF1,15,-1.0815,33,1.08158
ENSG00000164741,DLC1,59,1.10564,27,-1.1056
ENSG00000104723,TUSC3,12,-3.0597,106,3.05975
ENSG00000155970,MICU3,66,-1.2267,155,1.22670
ENSG00000104219,ZDHHC2,74,0.96357,38,-0.9635
ENSG00000198791,CNOT7,85,-0.3663,110,0.36637
ENSG00000155975,VPS37A,38,0.34287,30,-0.3428
ENSG00000003987,MTMR7,28,-0.3747,36,0.37471
ENSG00000129422,MTUS1,239,2.36640,46,-2.3664
ENSG00000078674,PCM1,313,1.46488,113,-1.4648
ENSG00000104763,ASAH1,147,0.21629,127,-0.2162
ENSG00000156011,PSD3,248,-0.8747,455,0.87479
ENSG00000147408,CSGALNACT1,35,0.18786,30,-0.1878
ENSG00000104613,INTS10,70,0.43569,52,-0.4356
ENSG00000147416,ATP6V1B2,103,-1.8293,367,1.82930
ENSG00000061337,LZTS1,7,-2.4341,43,2.43419
ENSG00000168546,GFRA2,11,-1.9828,43,1.98284
ENSG00000130227,XPO7,75,0.29186,61,-0.2918
ENSG00000158806,NPM2,1,-4.9871,45,4.98711
ENSG00000158856,DMTN,176,-0.8290,313,0.82906
ENSG00000168453,HR,3,-3.1697,27,3.16975
ENSG00000168481,LGI3,47,-1.4119,126,1.41198
ENSG00000168490,PHYHIP,167,-1.4205,448,1.42057
ENSG00000104635,SLC39A14,9,-1.7259,31,1.72590
ENSG00000120913,PDLIM2,43,0.28209,36,-0.2820
ENSG00000158941,CCAR2,11,-1.8787,42,1.87870
ENSG00000179388,EGR3,54,-0.6854,87,0.68544
ENSG00000008853,RHOBTB2,22,-1.5973,67,1.59736
ENSG00000147457,CHMP7,23,-0.9022,44,0.90221
ENSG00000104679,R3HCC1,14,-1.2234,33,1.22342
ENSG00000197217,ENTPD4,40,-0.7142,65,0.71425
ENSG00000147454,SLC25A37,434,4.33555,21,-4.3355
ENSG00000104722,NEFM,221,-1.3353,558,1.33539
ENSG00000277586,NEFL,347,-2.0080,1398,2.00800
ENSG00000221914,PPP2R2A,98,0.53525,67,-0.5352
ENSG00000104765,BNIP3L,410,1.00484,204,-1.0048
ENSG00000240694,PNMA2,223,-1.1922,510,1.19225
ENSG00000092964,DPYSL2,599,-0.8371,1070,0.83717
ENSG00000015592,STMN4,83,-1.1602,187,1.16027
ENSG00000120899,PTK2B,124,-0.7945,216,0.79450
ENSG00000120885,CLU,2936,0.08026,2777,-0.0802
ENSG00000168077,SCARA3,32,0.16571,28,-0.1657
ENSG00000147419,CCDC25,101,0.41676,75,-0.4167
ENSG00000134014,ELP3,17,-1.4319,46,1.43197
ENSG00000104290,FZD3,71,-0.6730,114,0.67304
ENSG00000012232,EXTL3,34,-0.6727,54,0.67278
ENSG00000133872,SARAF,482,-0.8537,872,0.85370
ENSG00000104660,LEPROTL1,32,-0.8257,56,0.82576
ENSG00000104671,DCTN6,78,-0.1924,89,0.19245
ENSG00000104687,GSR,24,-1.1322,54,1.13225
ENSG00000104695,PPP2CB,235,-0.5104,335,0.51041
ENSG00000133878,DUSP26,28,-1.2259,65,1.22591
ENSG00000156687,UNC5D,16,-1.5648,49,1.56487
ENSG00000147475,ERLIN2,82,1.52894,28,-1.5289
ENSG00000147471,PLPBP,62,0.33618,49,-0.3361
ENSG00000129691,ASH2L,49,-0.1148,54,0.11488
ENSG00000175324,LSM1,31,-0.3533,39,0.35336
ENSG00000156735,BAG4,31,-1.8521,112,1.85211
ENSG00000085788,DDHD2,70,-0.5264,101,0.52648
ENSG00000147548,NSD3,192,0.49037,137,-0.4903
ENSG00000077782,FGFR1,38,0.13225,35,-0.1322
ENSG00000147526,TACC1,292,0.49323,208,-0.4932
ENSG00000169499,PLEKHA2,79,0.51430,55,-0.5143
ENSG00000169490,TM2D2,43,-0.3001,53,0.30014
ENSG00000168615,ADAM9,23,-0.9136,43,0.91365
ENSG00000165061,ZMAT4,5,-2.6501,36,2.65017
ENSG00000147533,GOLGA7,90,0.12775,82,-0.1277
ENSG00000158669,GPAT4,28,-0.0761,30,0.07618
ENSG00000083168,KAT6A,45,0.43005,33,-0.4300
ENSG00000070718,AP3M2,25,-1.9316,98,1.93168
ENSG00000070501,POLB,43,0.55890,29,-0.5589
ENSG00000078668,VDAC3,73,-1.4650,202,1.46502
ENSG00000168575,SLC20A2,76,0.66662,48,-0.6666
ENSG00000176209,SMIM19,38,-0.0402,39,0.04026
ENSG00000120925,RNF170,41,-0.4397,56,0.43970
ENSG00000168172,HOOK3,145,0.75041,86,-0.7504
ENSG00000168522,FNTA,61,0.09505,57,-0.0950
ENSG00000164808,SPIDR,34,0.03375,33,-0.0337
ENSG00000221869,CEBPD,259,2.47921,46,-2.4792
ENSG00000253729,PRKDC,149,0.84399,83,-0.8439
ENSG00000104738,MCM4,30,-0.2715,37,0.27158
ENSG00000169139,UBE2V2,129,-0.8066,226,0.80661
ENSG00000147481,SNTG1,32,-0.5633,48,0.56333
ENSG00000168300,PCMTD1,122,1.38923,46,-1.3892
ENSG00000023287,RB1CC1,166,-0.1817,189,0.18175
ENSG00000047249,ATP6V1H,99,-1.5090,282,1.50907
ENSG00000147509,RGS20,7,-2.0636,29,2.06366
ENSG00000187735,TCEA1,141,1.00216,70,-1.0021
ENSG00000120992,LYPLA1,28,-0.4204,38,0.42042
ENSG00000137547,MRPL15,44,-0.5204,63,0.52045
ENSG00000206579,XKR4,66,1.09582,31,-1.0958
ENSG00000008988,RPS20,1203,1.44300,442,-1.4430
ENSG00000170791,CHCHD7,25,-0.3667,33,0.36670
ENSG00000170786,SDR16C5,0,-4.9163,27,4.91637
ENSG00000104331,IMPAD1,84,-0.2313,98,0.23136
ENSG00000169122,FAM110B,6,-2.6918,44,2.69183
ENSG00000215114,UBXN2B,35,-0.6910,56,0.69101
ENSG00000137575,SDCBP,269,0.42215,201,-0.4221
ENSG00000198846,TOX,11,-2.1981,50,2.19815
ENSG00000178538,CA8,4,-2.6993,26,2.69930
ENSG00000104388,RAB2A,156,-0.9789,308,0.97890
ENSG00000177182,CLVS1,17,-0.6203,26,0.62038
ENSG00000198363,ASPH,155,-0.2833,189,0.28334
ENSG00000274956,NKAIN3-IT1,53,0.66437,34,-0.6643
ENSG00000137563,GGH,30,-0.3541,39,0.35415
ENSG00000185728,YTHDF3,44,-0.8521,80,0.85215
ENSG00000254377,MIR124-2HG,25,-0.7449,42,0.74499
ENSG00000172817,CYP7B1,77,1.41007,29,-1.4100
ENSG00000104442,ARMC1,30,-1.0276,62,1.02765
ENSG00000169085,VXN,80,-1.5054,229,1.50545
ENSG00000175073,VCPIP1,56,-0.3123,70,0.31238
ENSG00000245910,SNHG6,456,0.84347,254,-0.8434
ENSG00000121022,COPS5,49,-0.6998,79,0.69980
ENSG00000066777,ARFGEF1,124,1.57149,41,-1.5714
ENSG00000046889,PREX2,123,1.02858,60,-1.0285
ENSG00000140396,NCOA2,102,1.02636,50,-1.0263
ENSG00000067167,TRAM1,116,1.45972,42,-1.4597
ENSG00000147601,TERF1,65,0.30007,52,-0.3000
ENSG00000147604,RPL7,1319,1.19521,576,-1.1952
ENSG00000040341,STAU2,120,-0.2122,139,0.21227
ENSG00000104343,UBE2W,60,-0.6841,96,0.68419
ENSG00000154582,ELOC,55,-1.6907,179,1.69079
ENSG00000175606,TMEM70,16,-2.3793,87,2.37936
ENSG00000104369,JPH1,4,-2.4457,26,2.44571
ENSG00000104381,GDAP1,31,-1.9564,122,1.95647
ENSG00000164751,PEX2,56,0.89705,30,-0.8970
ENSG00000171033,PKIA,109,-0.4310,147,0.43105
ENSG00000104427,ZC2HC1A,19,-1.8172,68,1.81720
ENSG00000104435,STMN2,160,-2.6097,980,2.60973
ENSG00000164683,HEY1,106,1.64310,33,-1.6431
ENSG00000147586,MRPS28,78,0.57989,52,-0.5798
ENSG00000076554,TPD52,51,-1.9353,198,1.93536
ENSG00000164684,ZNF704,46,0.42710,34,-0.4271
ENSG00000164687,FABP5,285,1.42157,106,-1.4215
ENSG00000147588,PMP2,362,0.89185,195,-0.8918
ENSG00000133731,IMPA1,11,-2.3441,60,2.34418
ENSG00000104231,ZFAND1,32,-0.4858,46,0.48584
ENSG00000184672,RALYL,5,-4.0348,96,4.03485
ENSG00000176731,RBIS,168,0.49088,119,-0.4908
ENSG00000104267,CA2,39,-0.1357,43,0.13578
ENSG00000123124,WWP1,127,1.48412,45,-1.4841
ENSG00000085719,CPNE3,64,1.00180,32,-1.0018
ENSG00000156103,MMP16,55,0.70996,34,-0.7099
ENSG00000164823,OSGIN2,61,0.85649,33,-0.8564
ENSG00000104320,NBN,96,1.22382,41,-1.2238
ENSG00000104325,DECR1,37,-0.0528,39,0.05289
ENSG00000104327,CALB1,30,-1.4108,81,1.41086
ENSG00000123119,NECAB1,269,-1.0658,564,1.06583
ENSG00000155099,PIP4P2,28,-1.5053,79,1.50533
ENSG00000253738,OTUD6B-AS1,69,-0.7404,115,0.74040
ENSG00000155100,OTUD6B,17,-0.4866,24,0.48668
ENSG00000079102,RUNX1T1,127,1.84545,35,-1.8454
ENSG00000205133,TRIQK,56,0.03308,55,-0.0330
ENSG00000188343,FAM92A,27,-0.5732,41,0.57320
ENSG00000164951,PDP1,101,-1.4488,276,1.44886
ENSG00000164944,VIRMA,42,0.44876,31,-0.4487
ENSG00000156162,DPY19L4,54,1.09241,25,-1.0924
ENSG00000156170,NDUFAF6,15,-0.7526,26,0.75262
ENSG00000156467,UQCRB,926,0.18074,817,-0.1807
ENSG00000156471,PTDSS1,7,-2.6750,47,2.67500
ENSG00000169439,SDC2,54,0.01504,53,-0.0150
ENSG00000180543,TSPYL5,23,-1.1856,52,1.18560
ENSG00000147649,MTDH,136,0.11446,126,-0.1144
ENSG00000104341,LAPTM4B,34,-1.3873,89,1.38735
ENSG00000156482,RPL30,1777,1.51100,623,-1.5110
ENSG00000132541,RIDA,48,-0.8029,84,0.80293
ENSG00000104361,NIPAL2,19,-1.1879,45,1.18793
ENSG00000253948,VPS13B-DT,24,-0.0694,26,0.06945
ENSG00000164919,COX6C,456,-1.1968,1047,1.19681
ENSG00000147669,POLR2K,124,-0.1559,138,0.15591
ENSG00000034677,RNF19A,128,1.17299,57,-1.1729
ENSG00000186106,ANKRD46,92,-0.3947,121,0.39479
ENSG00000070756,PABPC1,1040,2.46903,187,-2.4690
ENSG00000164924,YWHAZ,547,-0.8759,1005,0.87591
ENSG00000261087,AP003469.4,7,-2.2739,34,2.27396
ENSG00000120963,ZNF706,85,-0.4521,116,0.45219
ENSG00000104490,NCALD,132,-1.1311,290,1.13114
ENSG00000048392,RRM2B,42,-0.2935,51,0.29353
ENSG00000104517,UBR5,77,0.70622,47,-0.7062
ENSG00000155096,AZIN1,227,0.06252,217,-0.0625
ENSG00000155097,ATP6V1C1,138,-0.9778,273,0.97781
ENSG00000164929,BAALC,146,-1.1535,326,1.15350
ENSG00000164933,SLC25A32,32,0.15196,29,-0.1519
ENSG00000176406,RIMS2,116,0.19180,102,-0.1918
ENSG00000147650,LRP12,58,0.69497,36,-0.6949
ENSG00000169946,ZFPM2,5,-2.2662,28,2.26624
ENSG00000254615,AC027031.2,3,-3.3471,34,3.34712
ENSG00000164830,OXR1,255,-0.6130,391,0.61300
ENSG00000147655,RSPO2,2,-3.9631,36,3.96313
ENSG00000104408,EIF3E,179,0.58742,119,-0.5874
ENSG00000104412,EMC2,72,0.33609,57,-0.3360
ENSG00000120533,ENY2,135,0.50599,95,-0.5059
ENSG00000147654,EBAG9,83,0.73962,50,-0.7396
ENSG00000147642,SYBU,58,-1.4355,157,1.43555
ENSG00000164794,KCNV1,37,-1.3615,97,1.36154
ENSG00000164796,CSMD3,26,0.11853,24,-0.1185
ENSG00000147677,EIF3H,165,0.51116,116,-0.5111
ENSG00000164754,RAD21,261,0.51602,182,-0.5160
ENSG00000177570,SAMD12,44,-0.7122,72,0.71222
ENSG00000147676,MAL2,81,-1.2745,198,1.27451
ENSG00000136999,CCN3,30,-0.5916,46,0.59164
ENSG00000136960,ENPP2,22,-0.6007,34,0.60074
ENSG00000172172,MRPL13,52,0.60098,34,-0.6009
ENSG00000136986,DERL1,35,-0.2901,43,0.29013
ENSG00000165156,ZHX1,151,1.11149,70,-1.1114
ENSG00000156804,FBXO32,66,0.43426,49,-0.4342
ENSG00000176853,FAM91A1,67,0.69997,41,-0.6999
ENSG00000164983,TMEM65,56,-0.3746,73,0.37463
ENSG00000170881,RNF139,28,-0.2977,34,0.29773
ENSG00000147687,TATDN1,38,0.27201,32,-0.2720
ENSG00000147684,NDUFB9,186,-0.4932,262,0.49324
ENSG00000170873,MTSS1,62,1.03864,30,-1.0386
ENSG00000104549,SQLE,56,0.29912,46,-0.2991
ENSG00000164961,WASHC5,56,0.73569,34,-0.7356
ENSG00000153310,FAM49B,89,-0.7457,149,0.74579
ENSG00000153317,ASAP1,102,0.19580,89,-0.1958
ENSG00000132294,EFR3A,124,-0.8684,226,0.86844
ENSG00000184156,KCNQ3,61,-0.7897,105,0.78971
ENSG00000129292,PHF20L1,86,0.46363,62,-0.4636
ENSG00000104419,NDRG1,134,0.68117,83,-0.6811
ENSG00000131773,KHDRBS3,80,-1.3744,207,1.37447
ENSG00000167632,TRAPPC9,24,-0.3410,31,0.34100
ENSG00000123908,AGO2,68,0.97117,34,-0.9711
ENSG00000169398,PTK2,119,0.27604,98,-0.2760
ENSG00000022567,SLC45A4,34,-0.2204,40,0.22040
ENSG00000181790,ADGRB1,23,-1.8657,84,1.86573
ENSG00000130193,THEM6,9,-1.5580,27,1.55806
ENSG00000180155,LYNX1,44,-1.7053,146,1.70534
ENSG00000160932,LY6E,92,-0.9552,180,0.95528
ENSG00000176956,LY6H,157,-1.4830,439,1.48306
ENSG00000158106,RHPN1,5,-2.4266,31,2.42664
ENSG00000104529,EEF1D,205,1.76265,60,-1.7626
ENSG00000104522,TSTA3,16,-0.6739,26,0.67398
ENSG00000183309,ZNF623,0,-5.2671,30,5.26714
ENSG00000179950,PUF60,65,-0.4343,89,0.43430
ENSG00000185189,NRBP2,14,-1.4858,40,1.48580
ENSG00000178209,PLEC,201,1.14308,91,-1.1430
ENSG00000178719,GRINA,213,-0.6787,341,0.67872
ENSG00000197858,GPAA1,34,-1.0924,73,1.09248
ENSG00000179091,CYC1,136,-0.5602,200,0.56023
ENSG00000179526,SHARPIN,26,0.24649,22,-0.2464
ENSG00000179632,MAF1,46,-0.0321,47,0.03211
ENSG00000179832,MROH1,19,-0.9409,36,0.94093
ENSG00000261236,BOP1,9,-1.9498,37,1.94984
ENSG00000185122,HSF1,29,-0.6246,46,0.62466
ENSG00000185000,DGAT1,11,-1.7332,38,1.73324
ENSG00000261678,SCRT1,20,-1.5646,59,1.56462
ENSG00000071894,CPSF1,34,0.14621,31,-0.1462
ENSG00000160948,VPS28,98,-0.4012,129,0.40129
ENSG00000187954,CYHR1,39,-1.1257,86,1.12572
ENSG00000167702,KIFC2,44,-0.7879,76,0.78796
ENSG00000160972,PPP1R16A,48,0.80704,27,-0.8070
ENSG00000167700,MFSD3,10,-1.5446,29,1.54465
ENSG00000160959,LRRC14,11,-1.4874,31,1.48746
ENSG00000254402,LRRC24,12,-1.4265,34,1.42659
ENSG00000213563,C8orf82,52,1.06979,24,-1.0697
ENSG00000161016,RPL8,844,1.03157,412,-1.0315
ENSG00000170619,COMMD5,11,-1.2716,27,1.27160
ENSG00000182307,C8orf33,7,-2.6318,47,2.63188
ENSG00000181404,WASHC1,39,-0.5117,56,0.51177
ENSG00000107104,KANK1,59,1.44806,21,-1.4480
ENSG00000080503,SMARCA2,93,-1.2253,218,1.22539
ENSG00000147852,VLDLR,9,-1.5190,27,1.51905
ENSG00000080298,RFX3,119,1.07023,57,-1.0702
ENSG00000106688,SLC1A1,56,-0.1895,64,0.18952
ENSG00000106993,CDC37L1,10,-2.2370,50,2.23704
ENSG00000147853,AK3,50,-0.1230,55,0.12306
ENSG00000183354,KIAA2026,142,1.45721,52,-1.4572
ENSG00000137040,RANBP6,44,-0.6476,69,0.64760
ENSG00000137038,DMAC1,77,-0.5505,113,0.55051
ENSG00000153707,PTPRD,15,-3.3875,158,3.38759
ENSG00000107186,MPDZ,36,-0.7173,60,0.71737
ENSG00000147862,NFIB,140,0.80256,80,-0.8025
ENSG00000175893,ZDHHC21,63,-0.4664,87,0.46643
ENSG00000155158,TTC39B,33,-0.2337,38,0.23374
ENSG00000164975,SNAPC3,37,-0.6007,56,0.60078
ENSG00000164985,PSIP1,249,0.38945,190,-0.3894
ENSG00000107295,SH3GL2,209,-0.7613,355,0.76133
ENSG00000155876,RRAGA,25,-2.8526,183,2.85260
ENSG00000137154,RPS6,2254,2.08124,532,-2.0812
ENSG00000155886,SLC24A2,82,-1.7704,282,1.77045
ENSG00000171843,MLLT3,46,0.58464,30,-0.5846
ENSG00000188352,FOCAD,34,-0.6547,54,0.65478
ENSG00000198642,KLHL9,45,-0.4174,61,0.41744
ENSG00000107105,ELAVL2,31,-2.6038,192,2.60388
ENSG00000198680,TUSC1,19,-0.5497,28,0.54976
ENSG00000137055,PLAA,15,-0.8986,29,0.89862
ENSG00000147894,C9orf72,11,-1.7028,37,1.70288
ENSG00000235453,SMIM27,36,0.01440,36,-0.0144
ENSG00000165264,NDUFB6,107,-0.9143,203,0.91439
ENSG00000137074,APTX,28,0.28608,23,-0.2860
ENSG00000086061,DNAJA1,285,-0.7560,481,0.75604
ENSG00000122692,SMU1,19,-1.4030,50,1.40303
ENSG00000107262,BAG1,149,0.83519,83,-0.8351
ENSG00000086065,CHMP5,204,0.31571,164,-0.3157
ENSG00000086102,NFX1,22,-0.7110,36,0.71102
ENSG00000010438,PRSS3,7,-2.5884,47,2.58849
ENSG00000107341,UBE2R2,141,0.76810,83,-0.7681
ENSG00000137073,UBAP2,154,2.24212,32,-2.2421
ENSG00000165006,UBAP1,36,-0.5241,52,0.52415
ENSG00000164976,MYORG,25,-0.3014,31,0.30140
ENSG00000164972,C9orf24,9,-2.0301,37,2.03010
ENSG00000164970,FAM219A,37,-0.6343,58,0.63435
ENSG00000168913,ENHO,85,-1.0362,174,1.03625
ENSG00000122756,CNTFR,20,-0.5963,30,0.59631
ENSG00000164967,RPP25L,32,0.25069,27,-0.2506
ENSG00000137100,DCTN3,81,-0.9182,153,0.91825
ENSG00000147955,SIGMAR1,27,-0.4942,38,0.49426
ENSG00000187186,AL162231.1,37,-1.0169,76,1.01692
ENSG00000122733,PHF24,49,-1.0068,98,1.00689
ENSG00000165280,VCP,170,0.30802,138,-0.3080
ENSG00000165283,STOML2,26,-1.7463,88,1.74633
ENSG00000005238,FAM214B,12,-1.3474,32,1.34747
ENSG00000198722,UNC13B,29,-0.4207,39,0.42077
ENSG00000198853,RUSC2,33,-1.5883,101,1.58834
ENSG00000107140,TESK1,33,-0.2580,39,0.25809
ENSG00000159884,CCDC107,63,0.90944,33,-0.9094
ENSG00000107175,CREB3,48,-0.0975,51,0.09752
ENSG00000070610,GBA2,25,-1.5371,74,1.53714
ENSG00000137133,HINT2,40,0.00805,40,-0.0080
ENSG00000137103,TMEM8B,38,-0.3356,48,0.33564
ENSG00000122705,CLTA,115,-1.1655,259,1.16559
ENSG00000159921,GNE,6,-2.2002,29,2.20029
ENSG00000137075,RNF38,60,0.09056,56,-0.0905
ENSG00000281649,EBLN3P,12,-2.3530,62,2.35303
ENSG00000137106,GRHPR,64,-0.3112,80,0.31126
ENSG00000175768,TOMM5,145,0.37564,112,-0.3756
ENSG00000122741,DCAF10,11,-1.8385,41,1.83857
ENSG00000283886,BX664615.2,27,-0.0476,28,0.04760
ENSG00000107242,PIP5K1B,35,-0.4748,49,0.47480
ENSG00000187866,FAM122A,13,-1.1028,29,1.10285
ENSG00000107282,APBA1,23,-1.1583,52,1.15832
ENSG00000188647,PTAR1,119,1.18426,52,-1.1842
ENSG00000119138,KLF9,91,-0.5116,130,0.51168
ENSG00000083067,TRPM3,2,-3.3994,27,3.39940
ENSG00000107362,ABHD17B,13,-0.9981,27,0.99816
ENSG00000119125,GDA,75,-1.2335,176,1.23358
ENSG00000107372,ZFAND5,246,-0.3380,311,0.33803
ENSG00000165092,ALDH1A1,92,1.55575,31,-1.5557
ENSG00000198963,RORB,25,-2.7267,167,2.72675
ENSG00000106733,NMRK1,16,-0.9346,30,0.93462
ENSG00000134996,OSTF1,11,-2.1965,51,2.19652
ENSG00000135002,RFK,61,-0.9576,119,0.95766
ENSG00000106772,PRUNE2,94,-0.8390,169,0.83908
ENSG00000197969,VPS13A,62,-0.3448,79,0.34487
ENSG00000156052,GNAQ,166,-0.6314,257,0.63142
ENSG00000135069,PSAT1,45,-0.9093,85,0.90937
ENSG00000106829,TLE4,17,-0.6916,28,0.69166
ENSG00000196781,TLE1,69,0.39623,52,-0.3962
ENSG00000135018,UBQLN1,179,-0.1408,197,0.14085
ENSG00000165119,HNRNPK,308,-0.3680,398,0.36802
ENSG00000148053,NTRK2,624,0.15727,559,-0.1572
ENSG00000135049,AGTPBP1,108,0.74924,64,-0.7492
ENSG00000135040,NAA35,33,0.06891,32,-0.0689
ENSG00000135052,GOLM1,96,-0.1093,103,0.10933
ENSG00000135070,ISCA1,50,-1.4046,134,1.40469
ENSG00000196730,DAPK1,38,-0.8412,69,0.84122
ENSG00000135047,CTSL,34,-0.9056,63,0.90563
ENSG00000106723,SPIN1,67,-1.6128,207,1.61285
ENSG00000148082,SHC3,117,-0.0323,120,0.03236
ENSG00000187742,SECISBP2,79,1.06244,38,-1.0624
ENSG00000187764,SEMA4D,5,-2.7229,39,2.72297
ENSG00000165023,DIRAS2,28,-3.2602,276,3.26028
ENSG00000148090,AUH,2,-3.8358,38,3.83581
ENSG00000090054,SPTLC1,54,0.07310,52,-0.0731
ENSG00000196305,IARS,49,-0.9789,98,0.97896
ENSG00000185963,BICD2,22,-0.6484,34,0.64840
ENSG00000165233,CARD19,23,-0.2294,27,0.22940
ENSG00000131669,NINJ1,18,-0.3202,23,0.32022
ENSG00000165238,WNK2,37,-1.0426,77,1.04268
ENSG00000188938,FAM120AOS,46,-0.0602,48,0.06027
ENSG00000048828,FAM120A,119,0.82504,67,-0.8250
ENSG00000148110,MFSD14B,22,-0.4039,29,0.40390
ENSG00000182150,ERCC6L2,88,1.71428,27,-1.7142
ENSG00000130956,HABP4,59,-1.3844,155,1.38449
ENSG00000136842,TMOD1,42,-0.4606,59,0.46063
ENSG00000136937,NCBP1,50,0.41608,37,-0.4160
ENSG00000136936,XPA,50,0.80554,28,-0.8055
ENSG00000136938,ANP32B,302,2.89529,40,-2.8952
ENSG00000095380,NANS,30,0.18583,27,-0.1858
ENSG00000136928,GABBR2,73,-2.3473,376,2.34737
ENSG00000106803,SEC61B,78,-0.4321,105,0.43219
ENSG00000023318,ERP44,63,1.23483,27,-1.2348
ENSG00000241697,TMEFF1,27,-2.0355,113,2.03553
ENSG00000136897,MRPL50,55,0.34612,44,-0.3461
ENSG00000136870,ZNF189,52,0.38074,40,-0.3807
ENSG00000165152,TMEM246,22,-2.4811,128,2.48110
ENSG00000155827,RNF20,23,-0.5501,34,0.55013
ENSG00000136783,NIPSNAP3A,23,-0.2578,28,0.25780
ENSG00000070214,SLC44A1,83,-0.0003,83,0.00034
ENSG00000106701,FSD1L,27,-0.8540,50,0.85402
ENSG00000119318,RAD23B,108,-0.5954,163,0.59545
ENSG00000070061,ELP1,35,-0.7544,60,0.75446
ENSG00000106771,TMEM245,99,-0.2516,118,0.25166
ENSG00000260230,FRRS1L,89,-1.4841,249,1.48412
ENSG00000095203,EPB41L4B,14,-1.6865,47,1.68659
ENSG00000070159,PTPN3,17,-0.6003,25,0.60036
ENSG00000157654,PALM2-AKAP2,70,-0.0224,71,0.02245
ENSG00000136810,TXN,227,-0.2083,262,0.20834
ENSG00000136813,ECPAS,64,-0.4735,89,0.47352
ENSG00000173258,ZNF483,331,-0.5556,487,0.55567
ENSG00000106853,PTGR1,35,0.10132,32,-0.1013
ENSG00000242616,GNG10,57,-0.5205,82,0.52057
ENSG00000148154,UGCG,45,-0.7640,76,0.76407
ENSG00000119471,HSDL2,34,0.32516,27,-0.3251
ENSG00000148153,INIP,42,0.17554,37,-0.1755
ENSG00000148158,SNX30,22,-0.8276,39,0.82764
ENSG00000176386,CDC26,61,0.73652,36,-0.7365
ENSG00000148218,ALAD,61,0.80150,35,-0.8015
ENSG00000148229,POLE3,53,0.30838,43,-0.3083
ENSG00000136888,ATP6V1G1,109,-0.7301,180,0.73016
ENSG00000157693,TMEM268,24,-1.3443,60,1.34438
ENSG00000148219,ASTN2,13,-1.1689,30,1.16892
ENSG00000078725,BRINP1,55,-0.7200,90,0.72000
ENSG00000106780,MEGF9,88,0.13776,80,-0.1377
ENSG00000119402,FBXW2,26,-0.6691,42,0.66917
ENSG00000095261,PSMD5,25,-0.0451,26,0.04516
ENSG00000119396,RAB14,202,0.09262,190,-0.0926
ENSG00000148180,GSN,246,2.12777,56,-2.1277
ENSG00000148175,STOM,341,2.96390,43,-2.9639
ENSG00000136848,DAB2IP,20,-1.1584,46,1.15846
ENSG00000119421,NDUFA8,81,-1.3661,211,1.36618
ENSG00000119446,RBM18,44,-0.2098,51,0.20984
ENSG00000056586,RC3H2,55,-0.2235,64,0.22350
ENSG00000011454,RABGAP1,109,0.15861,98,-0.1586
ENSG00000165209,STRBP,39,-1.3551,100,1.35510
ENSG00000119522,DENND1A,20,-0.6258,31,0.62586
ENSG00000106689,LHX2,23,-1.7710,79,1.77108
ENSG00000119408,NEK6,21,-0.3524,27,0.35242
ENSG00000136930,PSMB7,83,-0.9694,162,0.96943
ENSG00000136942,RPL35,1550,1.07399,736,-1.0739
ENSG00000136950,ARPC5L,58,-1.2750,140,1.27500
ENSG00000173611,SCAI,69,-0.2408,82,0.24087
ENSG00000119414,PPP6C,66,-0.1435,73,0.14359
ENSG00000136933,RABEPK,14,-1.0651,30,1.06514
ENSG00000044574,HSPA5,168,-0.2674,202,0.26742
ENSG00000165219,GAPVD1,47,0.40919,35,-0.4091
ENSG00000119487,MAPKAP1,81,0.58941,53,-0.5894
ENSG00000169155,ZBTB43,4,-2.8768,30,2.87688
ENSG00000136828,RALGPS1,9,-1.9463,37,1.94632
ENSG00000136895,GARNL3,30,-0.0085,31,0.00854
ENSG00000197958,RPL12,1470,2.31917,294,-2.3191
ENSG00000148356,LRSAM1,20,-0.7855,35,0.78554
ENSG00000136854,STXBP1,238,-1.6124,728,1.61248
ENSG00000136807,CDK9,19,-1.0095,38,1.00957
ENSG00000106991,ENG,314,4.21416,16,-4.2141
ENSG00000106992,AK1,115,0.66230,72,-0.6623
ENSG00000160408,ST6GALNAC6,75,-0.1859,85,0.18597
ENSG00000136908,DPM2,38,0.05962,36,-0.0596
ENSG00000167106,FAM102A,39,-0.3820,51,0.38202
ENSG00000148339,SLC25A25,17,-0.9624,34,0.96247
ENSG00000148334,PTGES2,18,-2.3904,98,2.39048
ENSG00000171159,C9orf16,211,-0.8662,386,0.86627
ENSG00000148337,CIZ1,20,-1.1613,44,1.16130
ENSG00000106976,DNM1,218,-1.5329,632,1.53295
ENSG00000167110,GOLGA2,59,0.19148,51,-0.1914
ENSG00000167112,TRUB2,69,0.21193,59,-0.2119
ENSG00000167113,COQ4,37,-0.4393,50,0.43935
ENSG00000167114,SLC27A4,0,-5.8243,49,5.82435
ENSG00000167118,URM1,14,-1.1494,33,1.14942
ENSG00000197694,SPTAN1,332,-0.5812,497,0.58128
ENSG00000119335,SET,308,0.25664,258,-0.2566
ENSG00000160445,ZER1,52,-1.2117,121,1.21178
ENSG00000107021,TBC1D13,39,0.21860,33,-0.2186
ENSG00000167136,ENDOG,33,-0.9721,65,0.97216
ENSG00000136802,LRRC8A,55,-0.5306,80,0.53066
ENSG00000148341,SH3GLB2,62,-1.1676,140,1.16763
ENSG00000095321,CRAT,10,-1.7988,38,1.79880
ENSG00000119383,PTPA,50,-1.4690,138,1.46901
ENSG00000188483,IER5L,23,-0.1963,26,0.19633
ENSG00000148335,NTMT1,4,-2.6512,29,2.65120
ENSG00000136827,TOR1A,27,-0.5805,40,0.58054
ENSG00000136819,C9orf78,149,0.72086,90,-0.7208
ENSG00000136878,USP20,13,-1.3759,33,1.37596
ENSG00000187239,FNBP1,17,-1.0110,35,1.01108
ENSG00000148358,GPR107,37,0.50471,26,-0.5047
ENSG00000107130,NCS1,104,-1.1404,230,1.14040
ENSG00000130707,ASS1,50,0.32237,40,-0.3223
ENSG00000107164,FUBP3,15,-1.2359,36,1.23594
ENSG00000130723,PRRC2B,116,-0.4829,162,0.48296
ENSG00000130714,POMT1,0,-5.2091,25,5.20915
ENSG00000130717,UCK1,29,-0.4056,39,0.40568
ENSG00000107263,RAPGEF1,43,-0.1015,46,0.10157
ENSG00000107290,SETX,120,1.03082,58,-1.0308
ENSG00000125484,GTF3C4,5,-2.5846,35,2.58465
ENSG00000165699,TSC1,34,-0.5601,50,0.56019
ENSG00000148308,GTF3C5,24,-0.0269,24,0.02692
ENSG00000160271,RALGDS,11,-1.5134,33,1.51345
ENSG00000148296,SURF6,13,-1.4221,35,1.42213
ENSG00000148303,RPL7A,862,0.47902,619,-0.4790
ENSG00000148290,SURF1,73,0.10315,68,-0.1031
ENSG00000148291,SURF2,17,-0.5831,25,0.58313
ENSG00000148248,SURF4,54,-0.5790,81,0.57901
ENSG00000160326,SLC2A6,3,-3.0578,31,3.05783
ENSG00000235106,BRD3OS,10,-2.5950,62,2.59501
ENSG00000169925,BRD3,13,-1.3195,34,1.31953
ENSG00000196363,WDR5,14,-0.7766,24,0.77660
ENSG00000186350,RXRA,47,0.68600,29,-0.6860
ENSG00000130558,OLFM1,245,-2.3889,1287,2.38899
ENSG00000122140,MRPS2,22,-0.9324,42,0.93244
ENSG00000107147,KCNT1,10,-2.2779,50,2.27793
ENSG00000130559,CAMSAP1,22,-1.4781,63,1.47810
ENSG00000130560,UBAC1,1,-5.1347,50,5.13477
ENSG00000148411,NACC2,54,-0.2430,64,0.24309
ENSG00000238227,TMEM250,26,-0.8522,48,0.85221
ENSG00000160360,GPSM1,7,-1.9916,29,1.99169
ENSG00000165688,PMPCA,13,-1.7644,45,1.76440
ENSG00000148396,SEC16A,19,-1.4574,54,1.45743
ENSG00000172889,EGFL7,145,0.41883,109,-0.4188
ENSG00000165716,DIPK1B,43,-0.3705,56,0.37053
ENSG00000233016,SNHG7,94,1.35637,37,-1.3563
ENSG00000244187,TMEM141,49,-0.6507,78,0.65079
ENSG00000196642,RABL6,89,-0.0808,94,0.08080
ENSG00000232434,AJM1,14,-1.6347,43,1.63473
ENSG00000054148,PHPT1,167,0.12806,152,-0.1280
ENSG00000107223,EDF1,269,-0.2465,320,0.24659
ENSG00000159069,FBXW5,89,-0.1448,99,0.14481
ENSG00000107317,PTGDS,1325,0.85184,734,-0.8518
ENSG00000148362,PAXX,58,0.31246,46,-0.3124
ENSG00000107331,ABCA2,41,-1.2287,96,1.22876
ENSG00000107281,NPDC1,195,-0.3021,241,0.30219
ENSG00000177239,MAN1B1,20,-1.0234,41,1.02340
ENSG00000176978,DPP7,84,-0.0148,85,0.01485
ENSG00000176884,GRIN1,117,-1.4366,317,1.43661
ENSG00000176101,SSNA1,29,-1.1986,68,1.19860
ENSG00000176058,TPRN,9,-1.6740,29,1.67408
ENSG00000187713,TMEM203,20,-1.4792,58,1.47922
ENSG00000212864,RNF208,50,-0.8750,92,0.87506
ENSG00000188229,TUBB4B,148,-1.0840,315,1.08400
ENSG00000188986,NELFB,57,0.14048,51,-0.1404
ENSG00000165802,NSMF,132,-0.3823,172,0.38231
ENSG00000182154,MRPL41,129,-0.5292,186,0.52920
ENSG00000148408,CACNA1B,18,-1.6630,58,1.66303
ENSG00000015171,ZMYND11,177,0.80509,101,-0.8050
ENSG00000151240,DIP2C,38,-0.5141,54,0.51415
ENSG00000107929,LARP4B,44,-0.2843,54,0.28433
ENSG00000107937,GTPBP4,46,0.44522,34,-0.4452
ENSG00000067064,IDI1,234,0.50806,164,-0.5080
ENSG00000047056,WDR37,40,0.00892,40,-0.0089
ENSG00000185736,ADARB2,51,1.22081,22,-1.2208
ENSG00000067057,PFKP,132,-0.8470,238,0.84702
ENSG00000107959,PITRM1,23,-1.2733,55,1.27333
ENSG00000067082,KLF6,123,2.06943,29,-2.0694
ENSG00000173848,NET1,128,2.34072,25,-2.3407
ENSG00000196372,ASB13,7,-2.1776,32,2.17767
ENSG00000108021,TASOR2,73,1.07735,34,-1.0773
ENSG00000057608,GDI2,154,0.13518,140,-0.1351
ENSG00000134452,FBH1,48,0.25891,40,-0.2589
ENSG00000134453,RBM17,68,0.20769,58,-0.2076
ENSG00000170525,PFKFB3,83,1.01714,41,-1.0171
ENSG00000165629,ATP5F1C,226,0.07555,215,-0.0755
ENSG00000048740,CELF2,137,-0.9441,263,0.94413
ENSG00000151461,UPF2,63,0.89671,34,-0.8967
ENSG00000065665,SEC61A2,23,-1.2085,53,1.20851
ENSG00000165609,NUDT5,86,1.93164,22,-1.9316
ENSG00000151465,CDC123,24,-1.1708,56,1.17087
ENSG00000183049,CAMK1D,77,-1.3766,201,1.37665
ENSG00000151468,CCDC3,77,0.34506,61,-0.3450
ENSG00000123240,OPTN,223,-0.0928,238,0.09284
ENSG00000107537,PHYH,22,-1.0727,47,1.07279
ENSG00000086475,SEPHS1,43,0.58210,28,-0.5821
ENSG00000151474,FRMD4A,39,-0.0579,41,0.05796
ENSG00000176244,ACBD7,60,0.14961,54,-0.1496
ENSG00000152465,NMT2,65,0.48331,46,-0.4833
ENSG00000148468,FAM171A1,63,-1.2673,151,1.26738
ENSG00000148481,MINDY3,56,0.09369,52,-0.0936
ENSG00000148484,RSU1,111,2.05923,26,-2.0592
ENSG00000026025,VIM,1927,3.87598,131,-3.8759
ENSG00000136738,STAM,44,-0.2148,51,0.21485
ENSG00000148482,SLC39A12,18,-0.7064,30,0.70649
ENSG00000165995,CACNB2,52,-0.7720,89,0.77202
ENSG00000165997,ARL5B,38,0.38904,29,-0.3890
ENSG00000078114,NEBL,339,1.03231,166,-1.0323
ENSG00000148444,COMMD3,1,-4.9061,37,4.90615
ENSG00000168283,BMI1,37,-0.9698,72,0.96984
ENSG00000150867,PIP4K2A,143,1.04895,69,-1.0489
ENSG00000148450,MSRB2,53,-0.2195,62,0.21954
ENSG00000120549,KIAA1217,32,0.24432,27,-0.2443
ENSG00000107863,ARHGAP21,202,0.16520,180,-0.1652
ENSG00000151025,GPR158,36,-1.0659,76,1.06596
ENSG00000136750,GAD2,45,-1.4431,125,1.44315
ENSG00000136754,ABI1,66,-0.5547,98,0.55474
ENSG00000107890,ANKRD26,69,0.80959,39,-0.8095
ENSG00000136758,YME1L1,94,0.05710,90,-0.0571
ENSG00000107897,ACBD5,31,-1.1063,66,1.10635
ENSG00000099246,RAB18,158,-0.1425,174,0.14250
ENSG00000254635,WAC-AS1,32,-0.0623,33,0.06231
ENSG00000095787,WAC,144,-0.3426,183,0.34263
ENSG00000165757,JCAD,89,1.62285,29,-1.6228
ENSG00000107951,MTPAP,27,-0.2546,33,0.25463
ENSG00000148516,ZEB1,162,1.46584,58,-1.4658
ENSG00000165322,ARHGAP12,57,0.23515,48,-0.2351
ENSG00000170759,KIF5B,198,0.73822,119,-0.7382
ENSG00000216937,CCDC7,260,3.30017,26,-3.3001
ENSG00000150093,ITGB1,244,2.96023,31,-2.9602
ENSG00000108094,CUL2,69,0.39163,53,-0.3916
ENSG00000095794,CREM,107,1.24872,45,-1.2487
ENSG00000108100,CCNY,102,0.00993,101,-0.0099
ENSG00000198105,ZNF248,28,-0.2864,34,0.28641
ENSG00000175395,ZNF25,36,-1.3903,96,1.39039
ENSG00000189180,ZNF33A,65,0.93498,34,-0.9349
ENSG00000075407,ZNF37A,47,0.88667,25,-0.8866
ENSG00000165733,BMS1,78,1.21497,33,-1.2149
ENSG00000198915,RASGEF1A,13,-1.7513,43,1.75136
ENSG00000169813,HNRNPF,32,-0.0793,34,0.07934
ENSG00000169740,ZNF32,36,-0.6189,56,0.61890
ENSG00000107551,RASSF4,27,-0.4674,38,0.46744
ENSG00000265354,TIMM23,14,-1.7856,51,1.78561
ENSG00000266412,NCOA4,138,0.53477,95,-0.5347
ENSG00000170324,FRMPD2,16,-2.3262,85,2.32625
ENSG00000107643,MAPK8,32,-1.2599,78,1.25999
ENSG00000197444,OGDHL,7,-3.3206,70,3.32062
ENSG00000227345,PARG,54,0.85478,30,-0.8547
ENSG00000099290,WASHC2A,36,0.21966,31,-0.2196
ENSG00000198964,SGMS1,51,0.91962,27,-0.9196
ENSG00000177613,CSTF2T,6,-2.5985,37,2.59858
ENSG00000122873,CISD1,57,-1.7851,198,1.78514
ENSG00000072401,UBE2D1,18,-1.3834,48,1.38346
ENSG00000108064,TFAM,31,0.02259,31,-0.0225
ENSG00000237949,LINC00844,162,1.87339,44,-1.8733
ENSG00000165443,PHYHIPL,276,0.42370,206,-0.4237
ENSG00000148541,FAM13C,3,-3.5098,38,3.50987
ENSG00000108091,CCDC6,54,-0.7843,94,0.78436
ENSG00000151150,ANK3,145,-0.7024,236,0.70240
ENSG00000150347,ARID5B,69,0.65934,43,-0.6593
ENSG00000138311,ZNF365,63,-1.5270,181,1.52709
ENSG00000181915,ADO,17,-1.7586,59,1.75865
ENSG00000148572,NRBF2,8,-2.0593,36,2.05932
ENSG00000171988,JMJD1C,161,1.13240,73,-1.1324
ENSG00000198739,LRRTM3,93,0.52293,65,-0.5229
ENSG00000108176,DNAJC12,4,-3.6673,53,3.66737
ENSG00000148634,HERC4,84,0.73971,50,-0.7397
ENSG00000096746,HNRNPH3,142,0.14036,129,-0.1403
ENSG00000204130,RUFY2,99,0.80155,57,-0.8015
ENSG00000060339,CCAR1,94,0.81216,53,-0.8121
ENSG00000107625,DDX50,45,0.25627,37,-0.2562
ENSG00000165732,DDX21,82,1.47795,29,-1.4779
ENSG00000198954,KIF1BP,50,-0.4373,69,0.43731
ENSG00000122862,SRGN,603,4.74280,22,-4.7428
ENSG00000122958,VPS26A,58,-0.3804,76,0.38044
ENSG00000156515,HK1,96,-1.1025,207,1.10258
ENSG00000171224,FAM241B,13,-2.1949,59,2.19498
ENSG00000079332,SAR1A,63,-0.3236,79,0.32368
ENSG00000180817,PPA1,292,-0.0709,307,0.07091
ENSG00000172731,LRRC20,1,-4.4524,25,4.45245
ENSG00000148730,EIF4EBP2,125,1.04320,60,-1.0432
ENSG00000166228,PCBD1,68,-0.1653,76,0.16535
ENSG00000197746,PSAP,647,-1.0034,1297,1.00345
ENSG00000107742,SPOCK2,152,-0.4769,211,0.47693
ENSG00000166295,ANAPC16,177,1.25837,74,-1.2583
ENSG00000168209,DDIT4,82,1.30838,33,-1.3083
ENSG00000148719,DNAJB12,30,0.04903,29,-0.0490
ENSG00000107745,MICU1,29,-1.0643,61,1.06439
ENSG00000213551,DNAJC9,28,0.17995,25,-0.1799
ENSG00000182180,MRPS16,29,-0.3616,38,0.36163
ENSG00000138279,ANXA7,87,-0.4759,122,0.47594
ENSG00000107758,PPP3CB,168,-1.0716,354,1.07162
ENSG00000176986,SEC24C,29,-0.3629,38,0.36291
ENSG00000172586,CHCHD1,49,-0.9821,98,0.98216
ENSG00000214655,ZSWIM8,39,0.25775,32,-0.2577
ENSG00000148660,CAMK2G,64,-1.8607,234,1.86077
ENSG00000156110,ADK,21,-0.2169,25,0.21696
ENSG00000156650,KAT6B,45,0.16996,40,-0.1699
ENSG00000156671,SAMD8,72,0.01830,71,-0.0183
ENSG00000165637,VDAC2,94,-1.1405,207,1.14050
ENSG00000156113,KCNMA1,88,-0.8212,156,0.82123
ENSG00000148606,POLR3A,10,-2.1816,49,2.18166
ENSG00000138326,RPS24,3273,1.89337,881,-1.8933
ENSG00000108175,ZMIZ1,38,-1.1829,88,1.18293
ENSG00000108179,PPIF,5,-3.0294,41,3.02946
ENSG00000165424,ZCCHC24,58,0.25843,48,-0.2584
ENSG00000122359,ANXA11,88,-0.3552,112,0.35524
ENSG00000122378,PRXL2A,319,0.07750,302,-0.0775
ENSG00000108219,TSPAN14,47,0.24815,40,-0.2481
ENSG00000185737,NRG3,5,-2.9016,41,2.90162
ENSG00000165678,GHITM,264,-1.0783,557,1.07833
ENSG00000107771,CCSER2,256,1.08458,120,-1.0845
ENSG00000062650,WAPL,80,1.24602,33,-1.2460
ENSG00000173267,SNCG,110,-1.2177,257,1.21771
ENSG00000148671,ADIRF,919,3.87784,62,-3.8778
ENSG00000148672,GLUD1,181,-0.1251,198,0.12513
ENSG00000223482,NUTM2A-AS1,39,0.74372,23,-0.7437
ENSG00000138138,ATAD1,82,0.05748,79,-0.0574
ENSG00000171862,PTEN,163,0.40230,124,-0.4023
ENSG00000138134,STAMBPL1,15,-0.8949,27,0.89496
ENSG00000107798,LIPA,58,0.50009,41,-0.5000
ENSG00000185745,IFIT1,77,0.21630,66,-0.2163
ENSG00000148688,RPP30,19,-0.5478,28,0.54782
ENSG00000180628,PCGF5,98,-0.0993,105,0.09931
ENSG00000165338,HECTD2,64,1.03406,31,-1.0340
ENSG00000119938,PPP1R3C,37,-0.0214,38,0.02146
ENSG00000107854,TNKS2,57,0.12451,53,-0.1245
ENSG00000107864,CPEB3,34,-1.3540,88,1.35407
ENSG00000198060,MARCH5,28,-0.4115,38,0.41150
ENSG00000138190,EXOC6,98,1.39434,37,-1.3943
ENSG00000138207,RBP4,19,-1.8521,70,1.85210
ENSG00000148690,FRA10AC1,103,0.38581,78,-0.3858
ENSG00000108231,LGI1,89,-0.0314,91,0.03145
ENSG00000095637,SORBS1,236,0.88779,128,-0.8877
ENSG00000059573,ALDH18A1,25,-0.0598,26,0.05988
ENSG00000177853,ZNF518A,94,2.02736,23,-2.0273
ENSG00000197430,OPALIN,1,-4.0857,33,4.08570
ENSG00000077147,TM9SF3,160,0.18646,140,-0.1864
ENSG00000196233,LCOR,59,1.03376,29,-1.0337
ENSG00000187122,SLIT1,32,-1.4782,89,1.47826
ENSG00000052749,RRP12,10,-1.5399,29,1.53995
ENSG00000171314,PGAM1,135,-1.8068,474,1.80689
ENSG00000155229,MMS19,23,-0.9998,46,0.99980
ENSG00000171160,MORN4,26,-0.4710,36,0.47107
ENSG00000155252,PI4K2A,32,-0.3075,40,0.30755
ENSG00000119986,AVPI1,5,-2.7389,33,2.73896
ENSG00000155256,ZFYVE27,32,-0.1531,36,0.15312
ENSG00000155265,GOLGA7B,12,-2.0046,50,2.00468
ENSG00000095713,CRTAC1,26,-0.6903,42,0.69035
ENSG00000107521,HPS1,9,-1.5364,28,1.53641
ENSG00000119946,CNNM1,4,-3.1636,37,3.16364
ENSG00000120053,GOT1,97,-1.7295,324,1.72958
ENSG00000155287,SLC25A28,24,-0.3512,31,0.35128
ENSG00000014919,COX15,50,1.16434,22,-1.1643
ENSG00000196072,BLOC1S2,37,-1.2050,87,1.20509
ENSG00000099194,SCD,282,0.65030,180,-0.6503
ENSG00000166136,NDUFB8,156,-1.2965,385,1.29655
ENSG00000166135,HIF1AN,24,-0.1694,27,0.16947
ENSG00000119906,SLF2,57,1.02734,28,-1.0273
ENSG00000055950,MRPL43,34,-0.7228,57,0.72288
ENSG00000107816,LZTS2,49,0.92604,26,-0.9260
ENSG00000107819,SFXN3,52,-0.0472,53,0.04728
ENSG00000166167,BTRC,56,-0.5715,84,0.57151
ENSG00000166171,DPCD,6,-2.4239,37,2.42399
ENSG00000107829,FBXW4,36,0.03648,35,-0.0364
ENSG00000198408,OGA,282,0.39175,215,-0.3917
ENSG00000120049,KCNIP2,22,-0.7857,38,0.78574
ENSG00000166197,NOLC1,40,-0.8833,75,0.88337
ENSG00000107862,GBF1,4,-3.3834,50,3.38344
ENSG00000059915,PSD,101,-1.1620,227,1.16206
ENSG00000107872,FBXL15,46,-0.9960,93,0.99603
ENSG00000107874,CUEDC2,28,-1.4892,80,1.48924
ENSG00000138107,ACTR1A,53,-1.0785,112,1.07854
ENSG00000171206,TRIM8,45,-0.2325,53,0.23258
ENSG00000138175,ARL3,67,-0.9184,127,0.91845
ENSG00000166272,WBP1L,16,-0.6833,25,0.68330
ENSG00000166275,BORCS7,47,-0.3996,62,0.39968
ENSG00000148842,CNNM2,5,-2.3446,28,2.34467
ENSG00000076685,NT5C2,50,0.55746,34,-0.5574
ENSG00000148798,INA,90,-1.6778,291,1.67781
ENSG00000173915,ATP5MD,621,-0.4766,864,0.47663
ENSG00000107954,NEURL1,35,-1.0491,74,1.04916
ENSG00000107957,SH3PXD2A,40,-0.1514,44,0.15144
ENSG00000065613,SLK,197,1.37763,75,-1.3776
ENSG00000148834,GSTO1,84,-0.9688,166,0.96888
ENSG00000108018,SORCS1,2,-3.7628,29,3.76280
ENSG00000108039,XPNPEP1,13,-1.1610,29,1.16100
ENSG00000148700,ADD3,407,1.65196,129,-1.6519
ENSG00000119950,MXI1,181,1.26955,75,-1.2695
ENSG00000119953,SMNDC1,52,1.05468,25,-1.0546
ENSG00000108055,SMC3,101,1.45847,36,-1.4584
ENSG00000150593,PDCD4,125,1.54759,42,-1.5475
ENSG00000214413,BBIP1,53,0.45303,39,-0.4530
ENSG00000108061,SHOC2,123,0.61164,80,-0.6116
ENSG00000119927,GPAM,15,-0.8925,29,0.89254
ENSG00000148737,TCF7L2,43,0.75848,25,-0.7584
ENSG00000196865,NHLRC2,83,1.75910,24,-1.7591
ENSG00000165813,CCDC186,95,0.99480,47,-0.9948
ENSG00000169129,AFAP1L2,25,-0.2075,29,0.20755
ENSG00000099204,ABLIM1,146,0.72479,88,-0.7247
ENSG00000151553,FAM160B1,20,-0.9869,40,0.98691
ENSG00000165832,TRUB1,37,-0.8266,66,0.82669
ENSG00000107518,ATRNL1,379,0.26353,316,-0.2635
ENSG00000165868,HSPA12A,67,-1.4214,181,1.42147
ENSG00000187164,SHTN1,120,0.22213,102,-0.2221
ENSG00000165650,PDZD8,77,0.62798,50,-0.6279
ENSG00000170370,EMX2,121,2.34849,23,-2.3484
ENSG00000107560,RAB11FIP2,84,-0.2120,97,0.21208
ENSG00000165669,FAM204A,84,0.64588,53,-0.6458
ENSG00000151893,CACUL1,33,-0.6690,53,0.66908
ENSG00000107581,EIF3A,145,0.24531,122,-0.2453
ENSG00000119979,DENND10,42,-0.1491,47,0.14910
ENSG00000165672,PRDX3,113,-0.5701,168,0.57013
ENSG00000151923,TIAL1,43,-0.4262,58,0.42625
ENSG00000198825,INPP5F,96,-1.3997,254,1.39977
ENSG00000120008,WDR11,61,1.15945,27,-1.1594
ENSG00000066468,FGFR2,9,-2.5715,54,2.57152
ENSG00000107669,ATE1,47,-0.0436,48,0.04367
ENSG00000138162,TACC2,14,-1.0350,30,1.03506
ENSG00000107679,PLEKHA1,60,-1.3069,148,1.30699
ENSG00000166033,HTRA1,100,-1.0234,204,1.02348
ENSG00000095574,IKZF5,36,0.31256,29,-0.3125
ENSG00000196177,ACADSB,49,0.05712,47,-0.0571
ENSG00000154473,BUB3,51,0.09181,48,-0.0918
ENSG00000154478,GPR26,31,-0.2055,35,0.20551
ENSG00000182022,CHST15,13,-1.6125,41,1.61251
ENSG00000065154,OAT,67,-1.8741,246,1.87410
ENSG00000107902,LHPP,33,-0.4953,47,0.49538
ENSG00000203791,EEF1AKMT2,38,0.52453,26,-0.5245
ENSG00000019995,ZRANB1,44,-0.7089,73,0.70899
ENSG00000175029,CTBP2,62,0.65713,39,-0.6571
ENSG00000188690,UROS,26,-2.2310,122,2.23104
ENSG00000107949,BCCIP,113,1.37141,43,-1.3714
ENSG00000132334,PTPRE,37,0.29074,30,-0.2907
ENSG00000108010,GLRX3,73,0.42058,54,-0.4205
ENSG00000175470,PPP2R2D,38,-0.5662,57,0.56621
ENSG00000176171,BNIP3,114,-1.5800,342,1.58008
ENSG00000151640,DPYSL4,20,-1.0793,44,1.07930
ENSG00000165752,STK32C,19,-1.5293,57,1.52935
ENSG00000171813,PWWP2B,25,-0.0774,26,0.07741
ENSG00000068383,INPP5A,32,-1.1723,73,1.17232
ENSG00000148826,NKX6-2,11,-1.2203,27,1.22036
ENSG00000197177,ADGRA1,15,-1.4609,43,1.46095
ENSG00000171798,KNDC1,50,-0.6977,82,0.69778
ENSG00000130640,TUBGCP2,48,-0.3913,63,0.39130
ENSG00000130643,CALY,80,-2.0962,343,2.09623
ENSG00000127884,ECHS1,63,-1.3212,159,1.32122
ENSG00000203772,SPRN,2,-3.8139,32,3.81396
ENSG00000177963,RIC8A,18,-1.4868,51,1.48680
ENSG00000142082,SIRT3,26,-0.1782,30,0.17822
ENSG00000185627,PSMD13,11,-2.6805,73,2.68056
ENSG00000142089,IFITM3,1109,3.77433,81,-3.7743
ENSG00000182272,B4GALNT4,42,-1.1807,97,1.18078
ENSG00000185187,SIGIRR,55,0.81862,31,-0.8186
ENSG00000174915,PTDSS2,1,-4.4748,26,4.47487
ENSG00000023191,RNH1,61,0.39165,46,-0.3916
ENSG00000174775,HRAS,68,0.07034,65,-0.0703
ENSG00000177030,DEAF1,81,0.09565,76,-0.0956
ENSG00000177156,TALDO1,71,-0.2483,84,0.24839
ENSG00000177225,GATD1,33,0.54034,22,-0.5403
ENSG00000184524,CEND1,92,-1.5449,270,1.54492
ENSG00000177542,SLC25A22,51,-1.0667,108,1.06676
ENSG00000177600,RPLP2,1580,1.22229,677,-1.2222
ENSG00000177666,PNPLA2,21,-0.2220,25,0.22207
ENSG00000177697,CD151,118,2.02288,29,-2.0228
ENSG00000177700,POLR2L,286,0.36215,222,-0.3621
ENSG00000177830,CHID1,36,-0.8786,66,0.87868
ENSG00000183020,AP2A2,116,-0.2091,135,0.20914
ENSG00000078902,TOLLIP,33,-3.0344,277,3.03449
ENSG00000174672,BRSK2,8,-2.9719,66,2.97190
ENSG00000182208,MOB2,47,0.41523,35,-0.4152
ENSG00000184545,DUSP8,42,-0.6105,64,0.61055
ENSG00000244242,IFITM10,5,-2.4468,32,2.44684
ENSG00000117984,CTSD,183,-0.7912,318,0.79123
ENSG00000214026,MRPL23,20,-0.9031,37,0.90316
ENSG00000110651,CD81,326,-0.4628,450,0.46287
ENSG00000184281,TSSC4,14,-0.9404,27,0.94047
ENSG00000129757,CDKN1C,12,-0.6630,20,0.66306
ENSG00000205531,NAP1L4,155,0.66410,98,-0.6641
ENSG00000110619,CARS,16,-1.3020,39,1.30207
ENSG00000005801,ZNF195,21,-0.2750,26,0.27505
ENSG00000167323,STIM1,38,-0.3224,47,0.32242
ENSG00000167325,RRM1,32,0.04455,31,-0.0445
ENSG00000244734,HBB,27766,18.1678,0,-18.167
ENSG00000110148,CCKBR,12,-1.4933,35,1.49333
ENSG00000166311,SMPD1,31,-0.5279,45,0.52791
ENSG00000166313,APBB1,140,-1.4842,393,1.48423
ENSG00000110171,TRIM3,1,-4.2975,29,4.29753
ENSG00000132254,ARFIP2,35,-0.5728,52,0.57282
ENSG00000132286,TIMM10B,27,-0.1323,30,0.13232
ENSG00000166333,ILK,53,0.09213,50,-0.0921
ENSG00000166337,TAF10,65,-0.1106,70,0.11065
ENSG00000166340,TPP1,169,0.66805,106,-0.6680
ENSG00000158042,MRPL17,30,-0.5838,46,0.58387
ENSG00000175390,EIF3F,141,0.45428,103,-0.4542
ENSG00000166402,TUB,48,-0.6012,74,0.60124
ENSG00000166405,RIC3,15,-1.4094,41,1.40942
ENSG00000166441,RPL27A,1326,1.49571,470,-1.4957
ENSG00000175348,TMEM9B,31,-1.4313,86,1.43134
ENSG00000175352,NRIP3,52,-0.1871,60,0.18711
ENSG00000184014,DENND5A,90,0.35135,71,-0.3513
ENSG00000166471,TMEM41B,49,0.14501,44,-0.1450
ENSG00000205339,IPO7,151,0.06366,145,-0.0636
ENSG00000133812,SBF2,67,1.61264,22,-1.6126
ENSG00000255823,MTRNR2L8,2548,0.61135,1668,-0.6113
ENSG00000110315,RNF141,69,-0.1284,76,0.12846
ENSG00000072952,MRVI1,31,0.05520,30,-0.0552
ENSG00000198730,CTR9,58,0.40623,44,-0.4062
ENSG00000110321,EIF4G2,437,-0.0687,459,0.06872
ENSG00000236287,ZBED5,42,0.09662,39,-0.0966
ENSG00000110328,GALNT18,35,0.18859,31,-0.1885
ENSG00000170242,USP47,23,-1.3857,60,1.38573
ENSG00000050165,DKK3,390,-0.8771,716,0.87714
ENSG00000133816,MICAL2,57,-1.0099,116,1.00990
ENSG00000197702,PARVA,87,1.20928,37,-1.2092
ENSG00000187079,TEAD1,92,1.94055,24,-1.9405
ENSG00000133794,ARNTL,18,-1.2941,45,1.29415
ENSG00000148925,BTBD10,68,-0.7174,112,0.71748
ENSG00000197601,FAR1,127,0.68387,79,-0.6838
ENSG00000262655,SPON1,43,0.49530,30,-0.4953
ENSG00000129083,COPB1,64,0.30799,52,-0.3079
ENSG00000129084,PSMA1,117,-0.2906,143,0.29062
ENSG00000110696,C11orf58,244,0.48958,173,-0.4895
ENSG00000110700,RPS13,1319,1.45765,480,-1.4576
ENSG00000011405,PIK3C2A,140,1.60916,46,-1.6091
ENSG00000070081,NUCB2,112,1.53358,39,-1.5335
ENSG00000129159,KCNC1,8,-3.3499,86,3.34993
ENSG00000129158,SERGEF,8,-2.2872,43,2.28720
ENSG00000110768,GTF2H1,35,-0.3312,44,0.33122
ENSG00000134333,LDHA,414,0.14695,374,-0.1469
ENSG00000074319,TSG101,54,-0.1018,58,0.10187
ENSG00000110786,PTPN5,24,-1.9973,97,1.99736
ENSG00000109854,HTATIP2,25,-0.0402,26,0.04029
ENSG00000165973,NELL1,10,-2.2786,51,2.27866
ENSG00000171714,ANO5,36,-0.4475,49,0.44750
ENSG00000091664,SLC17A6,1,-4.8942,33,4.89420
ENSG00000198168,SVIP,64,-0.9185,122,0.91853
ENSG00000134343,ANO3,66,-0.2189,77,0.21894
ENSG00000109881,CCDC34,13,-1.5339,38,1.53399
ENSG00000148943,LIN7C,97,-0.0909,103,0.09093
ENSG00000169519,METTL15,13,-1.0059,27,1.00599
ENSG00000152219,ARL14EP,15,-1.2478,37,1.24781
ENSG00000170946,DNAJC24,51,0.95667,26,-0.9566
ENSG00000148950,IMMP1L,18,-1.3177,46,1.31772
ENSG00000049449,RCN1,118,0.49983,83,-0.4998
ENSG00000149100,EIF3M,99,-0.0307,101,0.03076
ENSG00000060749,QSER1,40,0.74773,24,-0.7477
ENSG00000280798,LINC00294,33,-0.2008,38,0.20081
ENSG00000176102,CSTF3,30,-0.6849,48,0.68498
ENSG00000110422,HIPK3,255,2.41710,47,-2.4171
ENSG00000110427,KIAA1549L,100,-1.3139,249,1.31392
ENSG00000085063,CD59,491,0.98803,247,-0.9880
ENSG00000110429,FBXO3,25,-1.7731,87,1.77319
ENSG00000135363,LMO2,292,3.81275,20,-3.8127
ENSG00000135387,CAPRIN1,151,-0.2098,174,0.20983
ENSG00000121691,CAT,106,1.70580,32,-1.7058
ENSG00000110435,PDHX,54,-0.3624,69,0.36244
ENSG00000110436,SLC1A2,1135,-0.6706,1807,0.67061
ENSG00000179431,FJX1,1,-4.4827,25,4.48272
ENSG00000166326,TRIM44,118,-0.4526,162,0.45266
ENSG00000110442,COMMD9,29,-1.0051,59,1.00511
ENSG00000166352,C11orf74,28,-0.1747,32,0.17479
ENSG00000148948,LRRC4C,8,-2.6877,53,2.68774
ENSG00000166181,API5,82,-0.4184,110,0.41849
ENSG00000052841,TTC17,33,0.40804,25,-0.4080
ENSG00000149084,HSD17B12,68,-0.2578,81,0.25783
ENSG00000151348,EXT2,30,-0.2128,34,0.21288
ENSG00000019505,SYT13,59,-1.6951,193,1.69511
ENSG00000175264,CHST1,49,-1.6313,153,1.63132
ENSG00000121671,CRY2,49,-0.2680,60,0.26804
ENSG00000121653,MAPK8IP1,64,-1.2520,153,1.25205
ENSG00000121680,PEX16,22,-0.4976,32,0.49766
ENSG00000149091,DGKZ,74,-1.7827,254,1.78274
ENSG00000175224,ATG13,36,-0.9100,68,0.91002
ENSG00000175220,ARHGAP1,36,-0.2700,44,0.27005
ENSG00000175216,CKAP5,143,0.32498,114,-0.3249
ENSG00000134569,LRP4,36,-0.2429,42,0.24294
ENSG00000149179,C11orf49,34,-1.0300,71,1.03006
ENSG00000149182,ARFGAP2,82,0.11281,76,-0.1128
ENSG00000134575,ACP2,25,-0.3764,33,0.37644
ENSG00000110514,MADD,72,-1.0547,150,1.05478
ENSG00000165916,PSMC3,110,-0.2498,131,0.24983
ENSG00000149187,CELF1,115,0.15953,103,-0.1595
ENSG00000213619,NDUFS3,42,-1.4885,119,1.48854
ENSG00000110536,PTPMT1,62,0.30523,50,-0.3052
ENSG00000123444,KBTBD4,24,-0.0654,25,0.06545
ENSG00000172247,C1QTNF4,120,-0.8084,211,0.80847
ENSG00000109919,MTCH2,58,-0.3355,73,0.33552
ENSG00000149177,PTPRJ,63,0.97256,32,-0.9725
ENSG00000149136,SSRP1,24,-1.1860,56,1.18608
ENSG00000186907,RTN4RL2,12,-1.8675,44,1.86757
ENSG00000134809,TIMM10,33,-0.7202,55,0.72021
ENSG00000156587,UBE2L6,58,0.90631,31,-0.9063
ENSG00000149131,SERPING1,162,2.51075,28,-2.5107
ENSG00000166793,YPEL4,7,-2.5967,44,2.59679
ENSG00000156599,ZDHHC5,17,-0.7507,29,0.75079
ENSG00000156603,MED19,14,-1.4130,39,1.41304
ENSG00000213593,TMX2,58,-0.8025,101,0.80256
ENSG00000211450,SELENOH,143,-1.0643,300,1.06439
ENSG00000198561,CTNND1,73,0.35897,57,-0.3589
ENSG00000186660,ZFP91,58,-0.1976,66,0.19766
ENSG00000110048,OSBP,28,-0.9194,53,0.91943
ENSG00000166902,MRPL16,20,-1.2758,49,1.27580
ENSG00000110107,PRPF19,34,-1.9141,129,1.91414
ENSG00000110108,TMEM109,72,1.29564,29,-1.2956
ENSG00000006118,TMEM132A,46,-1.7911,159,1.79116
ENSG00000167986,DDB1,67,-1.1062,144,1.10621
ENSG00000149532,CPSF7,36,-0.1906,42,0.19069
ENSG00000167985,SDHAF2,37,-0.3686,48,0.36863
ENSG00000011347,SYT7,30,-2.0952,128,2.09524
ENSG00000134780,DAGLA,27,-0.6589,44,0.65893
ENSG00000134825,TMEM258,94,-0.6372,147,0.63729
ENSG00000134824,FADS2,47,-0.0224,47,0.02241
ENSG00000149485,FADS1,86,0.65809,54,-0.6580
ENSG00000221968,FADS3,59,0.53335,40,-0.5333
ENSG00000167996,FTH1,4638,0.65901,2937,-0.6590
ENSG00000162174,ASRGL1,21,-1.2104,48,1.21049
ENSG00000124942,AHNAK,609,4.19249,33,-4.1924
ENSG00000254772,EEF1G,596,1.23870,252,-1.2387
ENSG00000149541,B3GAT3,20,-1.6317,63,1.63173
ENSG00000089597,GANAB,43,-0.2614,52,0.26141
ENSG00000204922,UQCC3,13,-1.4668,37,1.46689
ENSG00000162191,UBXN1,105,0.78198,61,-0.7819
ENSG00000168000,BSCL2,181,-1.4380,492,1.43801
ENSG00000162188,GNG3,133,-1.5481,390,1.54817
ENSG00000214753,HNRNPUL2,97,-0.2015,111,0.20152
ENSG00000162222,TTC9C,3,-3.3238,31,3.32381
ENSG00000168002,POLR2G,48,-0.3693,62,0.36932
ENSG00000162231,NXF1,7,-1.8373,25,1.83739
ENSG00000162236,STX5,42,0.40299,31,-0.4029
ENSG00000168003,SLC3A2,43,-1.2539,102,1.25399
ENSG00000168539,CHRM1,54,-0.4160,73,0.41600
ENSG00000176485,PLAAT3,121,0.89522,65,-0.8952
ENSG00000133318,RTN3,578,-1.3518,1475,1.35182
ENSG00000072518,MARK2,2,-4.1807,37,4.18076
ENSG00000176340,COX8A,299,-0.7572,506,0.75725
ENSG00000167770,OTUB1,106,-0.6432,166,0.64328
ENSG00000168439,STIP1,70,-0.5428,102,0.54281
ENSG00000149761,NUDT22,33,-0.0267,34,0.02679
ENSG00000110011,DNAJC4,33,-0.0753,35,0.07536
ENSG00000173511,VEGFB,84,0.18210,74,-0.1821
ENSG00000173486,FKBP2,25,0.13610,22,-0.1361
ENSG00000173457,PPP1R14B,43,0.13818,39,-0.1381
ENSG00000002330,BAD,57,-0.8843,106,0.88434
ENSG00000173264,GPR137,14,-1.4183,39,1.41830
ENSG00000173153,ESRRA,7,-2.4039,39,2.40394
ENSG00000173113,TRMT112,102,-0.6713,164,0.67134
ENSG00000126432,PRDX5,227,-0.8201,401,0.82017
ENSG00000162302,RPS6KA4,29,-0.0585,30,0.05856
ENSG00000110076,NRXN2,69,-1.0684,145,1.06847
ENSG00000168066,SF1,107,-0.1906,122,0.19068
ENSG00000168067,MAP4K2,63,0.78109,36,-0.7810
ENSG00000133895,MEN1,29,0.10180,27,-0.1018
ENSG00000110046,ATG2A,11,-1.3509,28,1.35093
ENSG00000068971,PPP2R5B,43,-0.5717,65,0.57175
ENSG00000213465,ARL2,110,-0.2847,135,0.28472
ENSG00000110025,SNX15,17,-0.9675,33,0.96750
ENSG00000162300,ZFPL1,27,-0.0059,27,0.00597
ENSG00000149823,VPS51,43,-1.0739,90,1.07390
ENSG00000149809,TM7SF2,47,-0.8178,84,0.81780
ENSG00000149806,FAU,1079,0.81709,612,-0.8170
ENSG00000162298,SYVN1,18,-0.9426,35,0.94262
ENSG00000149792,MRPL49,17,-0.8222,30,0.82226
ENSG00000014216,CAPN1,8,-2.3696,44,2.36963
ENSG00000133884,DPF2,6,-2.1986,30,2.19863
ENSG00000245532,NEAT1,1033,3.84557,71,-3.8455
ENSG00000251562,MALAT1,17623,2.97544,2240,-2.9754
ENSG00000142186,SCYL1,48,-0.8199,85,0.81993
ENSG00000168056,LTBP3,71,0.56256,48,-0.5625
ENSG00000176973,FAM89B,82,0.15856,73,-0.1585
ENSG00000173442,EHBP1L1,85,1.04406,41,-1.0440
ENSG00000172977,KAT5,15,-1.0393,31,1.03936
ENSG00000172922,RNASEH2C,56,0.43710,41,-0.4371
ENSG00000172757,CFL1,409,-1.1139,886,1.11394
ENSG00000172500,FIBP,46,-0.8990,86,0.89902
ENSG00000175602,CCDC85B,210,-0.9347,402,0.93470
ENSG00000175573,C11orf68,27,-1.6282,83,1.62829
ENSG00000175550,DRAP1,75,-0.6532,119,0.65321
ENSG00000175467,SART1,42,0.88042,22,-0.8804
ENSG00000175334,BANF1,127,0.15214,114,-0.1521
ENSG00000087365,SF3B2,116,0.05273,112,-0.0527
ENSG00000175115,PACS1,24,-0.9437,47,0.94376
ENSG00000174996,KLC2,27,-2.1153,119,2.11530
ENSG00000174903,RAB1B,93,0.02426,91,-0.0242
ENSG00000174871,CNIH2,30,-1.7751,104,1.77518
ENSG00000174851,YIF1A,31,-0.0014,31,0.00144
ENSG00000179292,TMEM151A,20,-1.7524,69,1.75241
ENSG00000174684,B4GAT1,78,-2.1385,343,2.13853
ENSG00000174547,MRPL11,32,0.18892,28,-0.1889
ENSG00000174516,PELI3,31,-0.5212,45,0.52126
ENSG00000174483,BBS1,30,0.28461,25,-0.2846
ENSG00000174165,ZDHHC24,22,-0.1459,24,0.14591
ENSG00000174080,CTSF,104,-0.5441,152,0.54415
ENSG00000173992,CCS,33,0.25106,28,-0.2510
ENSG00000239306,RBM14,52,0.25187,43,-0.2518
ENSG00000173933,RBM4,60,-0.5312,87,0.53122
ENSG00000173914,RBM4B,28,0.24396,23,-0.2439
ENSG00000173898,SPTBN2,52,-1.0688,109,1.06883
ENSG00000173599,PC,20,-1.3024,51,1.30246
ENSG00000173621,LRFN4,31,-0.2107,36,0.21073
ENSG00000173120,KDM2A,3,-3.4011,35,3.40117
ENSG00000173020,GRK2,132,0.16528,117,-0.1652
ENSG00000172932,ANKRD13D,15,-1.3170,38,1.31704
ENSG00000175482,POLD4,36,0.26689,30,-0.2668
ENSG00000172531,PPP1CA,51,-0.5952,77,0.59527
ENSG00000110711,AIP,28,-1.0320,57,1.03208
ENSG00000110697,PITPNM1,12,-1.9096,48,1.90962
ENSG00000167797,CDK2AP2,58,0.84953,32,-0.8495
ENSG00000084207,GSTP1,334,0.78985,193,-0.7898
ENSG00000167792,NDUFV1,110,-0.8458,199,0.84587
ENSG00000110717,NDUFS8,113,-0.5210,162,0.52109
ENSG00000110721,CHKA,39,0.31885,31,-0.3188
ENSG00000110066,KMT5B,20,-1.1562,45,1.15624
ENSG00000110075,PPP6R3,61,0.51101,43,-0.5110
ENSG00000110090,CPT1A,59,1.22952,25,-1.2295
ENSG00000197345,MRPL21,93,0.16717,83,-0.1671
ENSG00000131626,PPFIA1,77,1.32953,31,-1.3295
ENSG00000085733,CTTN,77,0.06179,74,-0.0617
ENSG00000162105,SHANK2,24,-1.2389,57,1.23896
ENSG00000172893,DHCR7,17,-1.0732,37,1.07326
ENSG00000137497,NUMA1,78,0.15047,70,-0.1504
ENSG00000149357,LAMTOR1,101,-0.5778,150,0.57783
ENSG00000110200,ANAPC15,6,-2.6981,41,2.69819
ENSG00000162129,CLPB,56,0.47560,40,-0.4756
ENSG00000186642,PDE2A,72,-0.9608,140,0.96089
ENSG00000214530,STARD10,31,-0.0235,31,0.02359
ENSG00000137478,FCHSD2,88,1.96651,22,-1.9665
ENSG00000110237,ARHGEF17,24,-1.4890,67,1.48901
ENSG00000054965,FAM168A,54,-1.2027,124,1.20279
ENSG00000021300,PLEKHB1,118,0.16045,105,-0.1604
ENSG00000175582,RAB6A,166,-0.8549,300,0.85492
ENSG00000175581,MRPL48,13,-1.3712,34,1.37127
ENSG00000181924,COA4,43,0.46344,31,-0.4634
ENSG00000175575,PAAF1,8,-1.7988,29,1.79888
ENSG00000214517,PPME1,22,-2.1375,98,2.13750
ENSG00000165434,PGM2L1,166,-0.7620,282,0.76202
ENSG00000118363,SPCS2,144,-0.1656,161,0.16568
ENSG00000137486,ARRB1,20,-2.0810,85,2.08101
ENSG00000149273,RPS3,718,1.23814,304,-1.2381
ENSG00000171533,MAP6,71,-0.1802,81,0.18025
ENSG00000137492,THAP12,34,-0.1044,36,0.10443
ENSG00000078124,ACER3,14,-1.6401,44,1.64019
ENSG00000149260,CAPN5,5,-2.4976,29,2.49764
ENSG00000149269,PAK1,117,-1.5024,333,1.50248
ENSG00000074201,CLNS1A,74,-0.0057,75,0.00572
ENSG00000048649,RSF1,218,1.39800,83,-1.3980
ENSG00000151366,NDUFC2,112,-1.5060,319,1.50600
ENSG00000182103,FAM181B,34,0.06925,32,-0.0692
ENSG00000137509,PRCP,86,0.71876,52,-0.7187
ENSG00000137502,RAB30,112,0.79719,64,-0.7971
ENSG00000165494,PCF11,71,1.00247,35,-1.0024
ENSG00000137494,ANKRD42,18,-0.5543,26,0.55437
ENSG00000137500,CCDC90B,89,0.79319,51,-0.7931
ENSG00000150672,DLG2,114,-0.1697,129,0.16976
ENSG00000171204,TMEM126B,52,-0.6774,84,0.67749
ENSG00000171202,TMEM126A,27,-1.0593,57,1.05939
ENSG00000137504,CREBZF,37,0.36908,29,-0.3690
ENSG00000137501,SYTL2,71,-0.2559,85,0.25596
ENSG00000073921,PICALM,178,0.83004,100,-0.8300
ENSG00000074266,EED,53,1.02555,26,-1.0255
ENSG00000149196,HIKESHI,40,-0.9099,75,0.90999
ENSG00000151376,ME3,27,-0.4059,36,0.40593
ENSG00000168959,GRM5,65,-0.9746,128,0.97469
ENSG00000110172,CHORDC1,28,-1.1225,62,1.12256
ENSG00000165323,FAT3,84,-0.0717,88,0.07176
ENSG00000180773,SLC36A4,0,-6.2028,35,6.20289
ENSG00000166012,TAF1D,187,0.94319,97,-0.9431
ENSG00000150316,CWC15,171,1.08602,80,-1.0860
ENSG00000263465,SRSF8,38,-1.4051,101,1.40511
ENSG00000149218,ENDOD1,74,0.06354,71,-0.0635
ENSG00000149212,SESN3,221,0.40199,167,-0.4019
ENSG00000166037,CEP57,38,0.40062,29,-0.4006
ENSG00000087053,MTMR2,36,-0.1421,40,0.14215
ENSG00000149231,CCDC82,114,1.03354,56,-1.0335
ENSG00000110318,CEP126,45,-0.3381,57,0.33819
ENSG00000110330,BIRC2,45,-0.1045,49,0.10458
ENSG00000152558,TMEM123,257,2.95256,33,-2.9525
ENSG00000137692,DCUN1D5,18,-1.3382,46,1.33826
ENSG00000187240,DYNC2H1,93,1.76341,27,-1.7634
ENSG00000152578,GRIA4,94,-0.6364,147,0.63645
ENSG00000170903,MSANTD4,46,0.11870,42,-0.1187
ENSG00000149313,AASDHPPT,79,-1.1777,179,1.17776
ENSG00000152402,GUCY1A2,106,-0.4540,146,0.45404
ENSG00000110675,ELMOD1,52,-1.8106,182,1.81063
ENSG00000166266,CUL5,94,0.30724,76,-0.3072
ENSG00000075239,ACAT1,94,-0.3088,116,0.30881
ENSG00000149311,ATM,164,2.35728,32,-2.3572
ENSG00000178105,DDX10,37,0.20744,32,-0.2074
ENSG00000185742,C11orf87,78,-1.5181,223,1.51813
ENSG00000137710,RDX,203,1.63829,65,-1.6382
ENSG00000137714,FDX1,18,-1.1359,41,1.13591
ENSG00000137727,ARHGAP20,19,-0.4991,28,0.49914
ENSG00000170145,SIK2,28,-0.7290,46,0.72900
ENSG00000109846,CRYAB,1363,1.86523,374,-1.8652
ENSG00000150764,DIXDC1,43,0.00848,42,-0.0084
ENSG00000150768,DLAT,24,-1.3819,62,1.38195
ENSG00000150776,NKAPD1,31,0.17450,28,-0.1745
ENSG00000150779,TIMM8B,65,-0.3188,81,0.31882
ENSG00000204370,SDHD,52,-0.4897,73,0.48975
ENSG00000150787,PTS,62,0.31842,49,-0.3184
ENSG00000149294,NCAM1,143,-1.1736,323,1.17360
ENSG00000109906,ZBTB16,56,-0.9802,111,0.98027
ENSG00000076043,REXO2,35,0.01232,35,-0.0123
ENSG00000182985,CADM1,20,-2.6506,130,2.65068
ENSG00000109917,ZPR1,35,-0.3746,45,0.37468
ENSG00000160584,SIK3,43,-1.1972,98,1.19724
ENSG00000168092,PAFAH1B2,84,-1.2417,200,1.24172
ENSG00000149577,SIDT2,26,-0.1594,29,0.15943
ENSG00000186318,BACE1,36,-0.7134,59,0.71340
ENSG00000137726,FXYD6,267,-1.2150,621,1.21504
ENSG00000177098,SCN4B,2,-4.1695,53,4.16957
ENSG00000149575,SCN2B,37,-2.0074,151,2.00748
ENSG00000110344,UBE4A,75,-0.0320,76,0.03206
ENSG00000167283,ATP5MG,411,-0.1292,450,0.12929
ENSG00000118058,KMT2A,93,0.22320,80,-0.2232
ENSG00000149582,TMEM25,15,-2.4924,86,2.49244
ENSG00000118096,IFT46,18,-1.3591,48,1.35917
ENSG00000095139,ARCN1,79,0.09576,74,-0.0957
ENSG00000019144,PHLDB1,17,-0.5097,24,0.50978
ENSG00000110367,DDX6,245,0.52408,170,-0.5240
ENSG00000118181,RPS25,2131,1.45861,775,-1.4586
ENSG00000196655,TRAPPC4,30,-0.6689,47,0.66897
ENSG00000149428,HYOU1,54,-0.6400,84,0.64008
ENSG00000160695,VPS11,30,-0.6000,45,0.60001
ENSG00000188486,H2AFX,5,-2.5279,32,2.52790
ENSG00000172375,C2CD2L,27,-1.1578,62,1.15788
ENSG00000110395,CBL,33,-0.0129,33,0.01296
ENSG00000173456,RNF26,5,-2.3044,28,2.30446
ENSG00000036672,USP2,17,-0.8980,32,0.89800
ENSG00000154096,THY1,274,-1.7624,929,1.76244
ENSG00000110400,NECTIN1,7,-2.7223,51,2.72234
ENSG00000184232,OAF,23,-0.2079,26,0.20794
ENSG00000196914,ARHGEF12,179,-0.0808,189,0.08087
ENSG00000109929,SC5D,124,-0.3105,154,0.31058
ENSG00000137642,SORL1,155,-0.9991,311,0.99915
ENSG00000255248,MIR100HG,94,0.37919,72,-0.3791
ENSG00000109971,HSPA8,801,-0.6560,1263,0.65601
ENSG00000023171,GRAMD1B,35,-1.3500,90,1.35007
ENSG00000166257,SCN3B,98,-1.3692,254,1.36921
ENSG00000154144,TBRG1,62,-0.4462,85,0.44627
ENSG00000110013,SIAE,7,-2.7818,52,2.78186
ENSG00000154146,NRGN,745,-1.4655,2058,1.46551
ENSG00000165478,HEPACAM,42,-0.9279,81,0.92796
ENSG00000165495,PKNOX2,2,-3.9248,33,3.92482
ENSG00000149557,FEZ1,118,-1.0201,240,1.02019
ENSG00000149547,EI24,48,-0.7375,80,0.73752
ENSG00000109832,DDX25,1,-4.7480,33,4.74809
ENSG00000182934,SRPRA,36,-0.2783,43,0.27839
ENSG00000110074,FOXRED1,44,0.17889,39,-0.1788
ENSG00000149571,KIRREL3,0,-5.5959,27,5.59591
ENSG00000134909,ARHGAP32,115,-0.4506,157,0.45068
ENSG00000084234,APLP2,276,-0.5061,392,0.50614
ENSG00000196323,ZBTB44,95,0.34062,75,-0.3406
ENSG00000120451,SNX19,36,-0.2492,43,0.24926
ENSG00000182667,NTM,116,-0.7763,198,0.77631
ENSG00000183715,OPCML,67,-1.2468,160,1.24687
ENSG00000080854,IGSF9B,46,0.75304,27,-0.7530
ENSG00000166086,JAM3,53,0.96523,27,-0.9652
ENSG00000151502,VPS26B,33,-1.6374,103,1.63745
ENSG00000151500,THYN1,39,-0.7505,66,0.75058
ENSG00000151498,ACAD8,20,-0.6344,31,0.63445
ENSG00000109956,B3GAT1,82,-0.9204,156,0.92045
ENSG00000120645,IQSEC3,13,-1.7998,46,1.79985
ENSG00000073614,KDM5A,70,1.74448,21,-1.7444
ENSG00000060237,WNK1,207,0.56940,140,-0.5694
ENSG00000082805,ERC1,67,1.11231,31,-1.1123
ENSG00000006831,ADIPOR2,41,0.62690,26,-0.6269
ENSG00000151067,CACNA1C,12,-1.4932,34,1.49322
ENSG00000004478,FKBP4,34,-1.9560,133,1.95601
ENSG00000118971,CCND2,59,-1.3326,148,1.33263
ENSG00000078237,TIGAR,1,-4.4568,37,4.45680
ENSG00000047621,C12orf4,22,-0.4548,30,0.45480
ENSG00000139180,NDUFA9,40,-1.1001,86,1.10012
ENSG00000130035,GALNT8,18,-2.1712,81,2.17128
ENSG00000111262,KCNA1,1,-5.3315,50,5.33158
ENSG00000010278,CD9,63,1.02151,31,-1.0215
ENSG00000215039,CD27-AS1,8,-1.8813,33,1.88130
ENSG00000139190,VAMP1,41,-1.3469,106,1.34694
ENSG00000111639,MRPL51,122,-0.0660,128,0.06600
ENSG00000111640,GAPDH,1784,-0.7160,2931,0.71603
ENSG00000010295,IFFO1,16,-0.7066,26,0.70661
ENSG00000111642,CHD4,104,0.47328,75,-0.4732
ENSG00000111653,ING4,36,0.18295,32,-0.1829
ENSG00000139200,PIANP,30,-1.8439,109,1.84394
ENSG00000111652,COPS7A,32,-1.7168,106,1.71684
ENSG00000089693,MLF2,83,-1.9091,311,1.90913
ENSG00000159335,PTMS,251,0.24309,212,-0.2430
ENSG00000250510,GPR162,48,-1.4142,128,1.41427
ENSG00000111667,USP5,19,-2.3639,97,2.36394
ENSG00000111669,TPI1,496,-0.7340,826,0.73406
ENSG00000111674,ENO2,223,-1.7678,761,1.76789
ENSG00000111676,ATN1,55,-0.5666,81,0.56668
ENSG00000111678,C12orf57,266,0.17258,236,-0.1725
ENSG00000215021,PHB2,16,-2.7715,110,2.77155
ENSG00000139182,CLSTN3,18,-3.0618,151,3.06187
ENSG00000139197,PEX5,22,-0.8172,39,0.81729
ENSG00000059804,SLC2A3,156,0.74248,93,-0.7424
ENSG00000089818,NECAP1,30,-2.5004,174,2.50046
ENSG00000166532,RIMKLB,62,0.92407,33,-0.9240
ENSG00000003056,M6PR,56,-0.4497,76,0.44975
ENSG00000175899,A2M,1044,3.63322,84,-3.6332
ENSG00000139112,GABARAPL1,125,-1.3089,311,1.30899
ENSG00000256537,SMIM10L1,67,0.09304,63,-0.0930
ENSG00000111261,MANSC1,35,-0.3626,45,0.36264
ENSG00000111269,CREBL2,113,0.55347,76,-0.5534
ENSG00000111276,CDKN1B,77,-0.7452,130,0.74526
ENSG00000013583,HEBP1,41,0.09318,38,-0.0931
ENSG00000084444,FAM234B,9,-3.1391,83,3.13914
ENSG00000273079,GRIN2B,93,-0.9128,175,0.91283
ENSG00000171681,ATF7IP,88,1.21527,37,-1.2152
ENSG00000084463,WBP11,78,-0.1292,85,0.12924
ENSG00000151490,PTPRO,48,0.37180,37,-0.3718
ENSG00000023734,STRAP,70,-1.3964,184,1.39644
ENSG00000008394,MGST1,82,-0.0027,82,0.00274
ENSG00000048540,LMO3,118,-1.5103,338,1.51033
ENSG00000052126,PLEKHA5,138,1.05195,66,-1.0519
ENSG00000139154,AEBP2,88,0.89833,47,-0.8983
ENSG00000121350,PYROXD1,45,0.60404,30,-0.6040
ENSG00000111711,GOLT1B,47,0.34781,37,-0.3478
ENSG00000111716,LDHB,425,-0.9034,795,0.90343
ENSG00000111726,CMAS,82,-1.0133,165,1.01336
ENSG00000111728,ST8SIA1,37,-0.0979,39,0.09790
ENSG00000111731,C2CD5,62,-0.0548,65,0.05484
ENSG00000139163,ETNK1,41,-1.4315,111,1.43153
ENSG00000060982,BCAT1,18,-1.4411,48,1.44113
ENSG00000205707,ETFRF1,58,0.56182,39,-0.5618
ENSG00000133703,KRAS,43,-0.9445,83,0.94450
ENSG00000123094,RASSF8,82,1.51446,28,-1.5144
ENSG00000123095,BHLHE41,28,-0.9737,55,0.97374
ENSG00000123096,SSPN,27,0.27755,22,-0.2775
ENSG00000123104,ITPR2,102,1.63690,33,-1.6369
ENSG00000111790,FGFR1OP2,180,0.42463,134,-0.4246
ENSG00000064115,TM7SF3,60,0.04135,58,-0.0413
ENSG00000152944,MED21,48,0.18140,43,-0.1814
ENSG00000211455,STK38L,138,1.97582,35,-1.9758
ENSG00000110841,PPFIBP1,126,0.82881,71,-0.8288
ENSG00000061794,MRPS35,24,-1.3315,62,1.33152
ENSG00000087448,KLHL42,65,-0.3031,80,0.30313
ENSG00000123106,CCDC91,75,-0.0419,77,0.04196
ENSG00000064763,FAR2,18,-0.4978,25,0.49782
ENSG00000087502,ERGIC2,48,-0.4387,65,0.43878
ENSG00000133687,TMTC1,49,0.30351,40,-0.3035
ENSG00000133704,IPO8,59,1.27161,24,-1.2716
ENSG00000110888,CAPRIN2,54,0.80442,30,-0.8044
ENSG00000170456,DENND5B,86,0.01433,85,-0.0143
ENSG00000151743,AMN1,37,-0.6936,61,0.69364
ENSG00000151746,BICD1,100,0.92615,52,-0.9261
ENSG00000139132,FGD4,55,1.31376,22,-1.3137
ENSG00000087470,DNM1L,129,-0.1581,144,0.15814
ENSG00000139117,CPNE8,16,-1.2367,38,1.23671
ENSG00000139116,KIF21A,188,-0.0961,201,0.09618
ENSG00000173208,ABCD2,36,0.22377,31,-0.2237
ENSG00000151229,SLC2A13,68,-1.5073,194,1.50739
ENSG00000188906,LRRK2,103,1.41795,38,-1.4179
ENSG00000018236,CNTN1,256,-0.9482,494,0.94825
ENSG00000015153,YAF2,12,-2.2447,61,2.24474
ENSG00000134283,PPHLN1,80,0.76281,47,-0.7628
ENSG00000139168,ZCRB1,124,0.28684,102,-0.2868
ENSG00000139174,PRICKLE1,28,-0.5456,41,0.54564
ENSG00000129317,PUS7L,70,1.36120,27,-1.3612
ENSG00000151239,TWF1,51,0.48759,36,-0.4875
ENSG00000184613,NELL2,125,-1.7190,413,1.71907
ENSG00000139218,SCAF11,155,1.43154,57,-1.4315
ENSG00000111371,SLC38A1,218,0.98678,110,-0.9867
ENSG00000134294,SLC38A2,207,0.84624,115,-0.8462
ENSG00000005175,RPAP3,47,0.75076,28,-0.7507
ENSG00000211584,SLC48A1,67,-0.3379,85,0.33795
ENSG00000134291,TMEM106C,34,0.08259,32,-0.0825
ENSG00000152556,PFKM,64,-1.4193,173,1.41930
ENSG00000177981,ASB8,44,-0.6625,70,0.66257
ENSG00000177875,CCDC184,8,-2.4800,49,2.48000
ENSG00000167535,CACNB3,24,-1.3061,61,1.30618
ENSG00000174243,DDX23,22,-0.7823,37,0.78230
ENSG00000172602,RND1,3,-3.5235,43,3.52358
ENSG00000134287,ARF3,131,-1.4016,347,1.40164
ENSG00000181418,DDN,113,-0.4560,156,0.45607
ENSG00000181929,PRKAG1,20,-0.6109,31,0.61092
ENSG00000167548,KMT2D,32,0.05839,31,-0.0583
ENSG00000123416,TUBA1B,439,-2.3403,2227,2.34031
ENSG00000167552,TUBA1A,303,-1.2709,733,1.27097
ENSG00000123352,SPATS2,15,-1.2250,37,1.22500
ENSG00000135519,KCNH3,15,-2.4450,83,2.44504
ENSG00000187778,MCRS1,6,-2.7901,43,2.79019
ENSG00000110844,PRPF40B,25,-0.0073,25,0.00738
ENSG00000139644,TMBIM6,449,0.29912,365,-0.2991
ENSG00000135472,FAIM2,166,-1.3752,433,1.37523
ENSG00000110881,ASIC1,13,-0.8408,23,0.84084
ENSG00000066117,SMARCD1,50,0.79891,28,-0.7989
ENSG00000178449,COX14,69,-1.2917,171,1.29178
ENSG00000161813,LARP4,34,0.36262,26,-0.3626
ENSG00000066084,DIP2B,43,-0.3052,53,0.30527
ENSG00000185432,METTL7A,337,1.38929,128,-1.3892
ENSG00000110911,SLC11A2,51,0.13512,46,-0.1351
ENSG00000050426,LETMD1,7,-2.6955,48,2.69552
ENSG00000110925,CSRNP2,29,-0.7612,49,0.76123
ENSG00000135457,TFCP2,12,-1.3847,33,1.38478
ENSG00000184271,POU6F1,19,-0.4878,26,0.48780
ENSG00000183283,DAZAP2,179,0.27516,148,-0.2751
ENSG00000050438,SLC4A8,38,-1.1142,83,1.11423
ENSG00000196876,SCN8A,63,-1.3388,159,1.33888
ENSG00000135503,ACVR1B,35,-0.9352,67,0.93528
ENSG00000161835,GRASP,83,0.29255,68,-0.2925
ENSG00000123358,NR4A1,303,3.18884,33,-3.1888
ENSG00000123395,ATG101,2,-3.8272,38,3.82729
ENSG00000063046,EIF4B,216,0.14379,196,-0.1437
ENSG00000167778,SPRYD3,103,-0.9831,204,0.98312
ENSG00000167779,IGFBP6,17,-0.8611,32,0.86113
ENSG00000123349,PFDN5,519,0.51178,364,-0.5117
ENSG00000139637,C12orf10,39,-0.5511,57,0.55110
ENSG00000205352,PRR13,69,-0.6303,107,0.63035
ENSG00000197111,PCBP2,348,0.70283,214,-0.7028
ENSG00000139625,MAP3K12,25,-0.4745,36,0.47454
ENSG00000135390,ATP5MC2,168,-0.2601,201,0.26010
ENSG00000012822,CALCOCO1,39,-0.6821,63,0.68219
ENSG00000123415,SMUG1,13,-0.9820,25,0.98206
ENSG00000094916,CBX5,245,0.94807,127,-0.9480
ENSG00000135486,HNRNPA1,511,0.76126,301,-0.7612
ENSG00000111481,COPZ1,48,-0.7946,83,0.79461
ENSG00000161642,ZNF385A,39,-0.0077,39,0.00771
ENSG00000123360,PDE1B,29,-0.9886,59,0.98866
ENSG00000135447,PPP1R1A,10,-2.1703,47,2.17036
ENSG00000135426,TESPA1,39,-2.0018,158,2.00185
ENSG00000135441,BLOC1S1,150,-0.2535,179,0.25352
ENSG00000135404,CD63,381,0.54887,260,-0.5488
ENSG00000205323,SARNP,96,0.56871,64,-0.5687
ENSG00000111540,RAB5B,97,-0.4011,129,0.40116
ENSG00000197728,RPS26,969,1.01740,478,-1.0174
ENSG00000170515,PA2G4,101,0.13119,92,-0.1311
ENSG00000229117,RPL41,3319,0.71034,2028,-0.7103
ENSG00000139641,ESYT1,57,0.79814,33,-0.7981
ENSG00000196465,MYL6B,94,-0.7339,157,0.73392
ENSG00000092841,MYL6,801,1.36506,311,-1.3650
ENSG00000139613,SMARCC2,98,0.31615,79,-0.3161
ENSG00000181852,RNF41,45,-0.5422,66,0.54221
ENSG00000139579,NABP2,71,0.31474,57,-0.3147
ENSG00000062485,CS,71,-0.4816,100,0.48160
ENSG00000257727,CNPY2,94,0.04218,92,-0.0421
ENSG00000170581,STAT2,49,0.23132,41,-0.2313
ENSG00000135423,GLS2,21,-0.8054,37,0.80548
ENSG00000076108,BAZ2A,23,-0.3671,30,0.36716
ENSG00000110955,ATP5F1B,280,-1.4852,784,1.48522
ENSG00000110958,PTGES3,288,-0.4047,381,0.40474
ENSG00000196531,NACA,1033,1.04757,500,-1.0475
ENSG00000166886,NAB2,29,-0.7399,49,0.73991
ENSG00000123384,LRP1,182,0.10457,169,-0.1045
ENSG00000179912,R3HDM2,60,-0.2656,72,0.26568
ENSG00000166986,MARS,7,-2.7556,50,2.75568
ENSG00000175197,DDIT3,22,-0.6226,34,0.62268
ENSG00000175203,DCTN2,55,-1.6459,172,1.64596
ENSG00000155980,KIF5A,182,-1.4046,483,1.40469
ENSG00000166908,PIP4K2C,29,-1.9584,114,1.95849
ENSG00000178498,DTX3,65,-0.4207,87,0.42074
ENSG00000240771,ARHGEF25,9,-3.0704,79,3.07040
ENSG00000135454,B4GALNT1,3,-4.6752,100,4.67520
ENSG00000135506,OS9,110,0.33047,88,-0.3304
ENSG00000135439,AGAP2,41,-1.0180,83,1.01802
ENSG00000135452,TSPAN31,27,-0.3772,36,0.37728
ENSG00000123297,TSFM,37,-0.0950,39,0.09503
ENSG00000175215,CTDSP2,68,0.81837,38,-0.8183
ENSG00000257698,GIHCG,17,-1.2345,42,1.23455
ENSG00000118596,SLC16A7,20,-0.9581,39,0.95813
ENSG00000198673,TAFA2,36,-1.4222,98,1.42220
ENSG00000135655,USP15,83,0.86019,45,-0.8601
ENSG00000061987,MON2,38,-0.4793,53,0.47934
ENSG00000111110,PPM1H,3,-3.9063,51,3.90635
ENSG00000184575,XPOT,19,-1.5806,59,1.58064
ENSG00000183735,TBK1,30,-0.6912,48,0.69122
ENSG00000135677,GNS,91,1.45338,33,-1.4533
ENSG00000111490,TBC1D30,4,-2.6306,28,2.63066
ENSG00000156076,WIF1,5,-3.1947,48,3.19479
ENSG00000174106,LEMD3,37,-0.2271,44,0.22715
ENSG00000139233,LLPH,73,1.00763,36,-1.0076
ENSG00000155957,TMBIM4,106,1.30151,43,-1.3015
ENSG00000111530,CAND1,132,-0.4164,176,0.41645
ENSG00000127314,RAP1B,91,0.99556,45,-0.9955
ENSG00000175782,SLC35E3,44,0.70186,27,-0.7018
ENSG00000135679,MDM2,53,0.43238,39,-0.4323
ENSG00000111605,CPSF6,66,-0.1758,74,0.17586
ENSG00000166225,FRS2,64,1.04762,30,-1.0476
ENSG00000166226,CCT2,138,-0.1090,149,0.10900
ENSG00000127328,RAB3IP,35,-0.1667,40,0.16671
ENSG00000111596,CNOT2,71,0.68044,44,-0.6804
ENSG00000135643,KCNMB4,26,-1.9400,100,1.94001
ENSG00000153233,PTPRR,19,-0.7961,33,0.79618
ENSG00000133858,ZFC3H1,69,1.43621,25,-1.4362
ENSG00000139291,TMEM19,38,0.26150,32,-0.2615
ENSG00000080371,RAB21,108,0.36875,84,-0.3687
ENSG00000121749,TBC1D15,71,0.51128,50,-0.5112
ENSG00000072657,TRHDE,39,-1.2806,96,1.28060
ENSG00000253719,ATXN7L3B,139,-0.5304,201,0.53045
ENSG00000166006,KCNC2,90,-1.1402,199,1.14024
ENSG00000139278,GLIPR1,49,0.89045,26,-0.8904
ENSG00000111615,KRR1,59,0.30079,48,-0.3007
ENSG00000139289,PHLDA1,73,0.98704,37,-0.9870
ENSG00000187109,NAP1L1,778,1.03040,381,-1.0304
ENSG00000179941,BBS10,20,-0.5467,30,0.54679
ENSG00000091039,OSBPL8,212,1.13695,96,-1.1369
ENSG00000186908,ZDHHC17,81,-0.1066,87,0.10665
ENSG00000067798,NAV3,61,0.38855,47,-0.3885
ENSG00000067715,SYT1,479,-1.9507,1852,1.95073
ENSG00000058272,PPP1R12A,210,0.84088,117,-0.8408
ENSG00000111052,LIN7A,25,-0.9961,50,0.99614
ENSG00000139220,PPFIA2,90,-0.8956,168,0.89560
ENSG00000072041,SLC6A15,22,-1.4380,61,1.43801
ENSG00000182050,MGAT4C,32,-0.0309,33,0.03092
ENSG00000133641,C12orf29,54,-0.2262,63,0.22628
ENSG00000198707,CEP290,60,0.67143,38,-0.6714
ENSG00000139324,TMTC3,38,0.15985,34,-0.1598
ENSG00000049130,KITLG,48,-0.2277,57,0.22778
ENSG00000139318,DUSP6,36,-0.9075,68,0.90755
ENSG00000070961,ATP2B1,359,-0.7256,595,0.72566
ENSG00000271614,ATP2B1-AS1,5,-2.3834,29,2.38349
ENSG00000011465,DCN,761,4.85321,26,-4.8532
ENSG00000133639,BTG1,197,2.17401,43,-2.1740
ENSG00000102189,EEA1,120,1.17128,53,-1.1712
ENSG00000173598,NUDT4,112,-1.0106,226,1.01065
ENSG00000177889,UBE2N,76,-1.3964,202,1.39648
ENSG00000198015,MRPL42,68,0.15117,61,-0.1511
ENSG00000136040,PLXNC1,47,0.30073,38,-0.3007
ENSG00000184752,NDUFA12,123,-0.4125,163,0.41257
ENSG00000028203,VEZT,80,0.41365,60,-0.4136
ENSG00000111142,METAP2,141,1.08848,66,-1.0884
ENSG00000074527,NTN4,46,0.44336,34,-0.4433
ENSG00000139343,SNRPF,67,0.28213,55,-0.2821
ENSG00000111144,LTA4H,38,-0.4377,51,0.43772
ENSG00000059758,CDK17,104,0.08172,99,-0.0817
ENSG00000120802,TMPO,51,0.18530,44,-0.1853
ENSG00000075415,SLC25A3,193,-1.1277,423,1.12772
ENSG00000185046,ANKS1B,76,-1.7681,261,1.76818
ENSG00000111647,UHRF1BP1L,38,-0.2047,44,0.20477
ENSG00000075089,ACTR6,28,-1.2982,70,1.29825
ENSG00000136021,SCYL2,28,-0.6855,46,0.68556
ENSG00000120805,ARL1,97,0.02852,95,-0.0285
ENSG00000196091,MYBPC1,187,2.33906,37,-2.3390
ENSG00000111666,CHPT1,57,-0.6030,86,0.60300
ENSG00000111670,GNPTAB,94,0.04656,91,-0.0465
ENSG00000120860,WASHC3,39,-0.4624,54,0.46248
ENSG00000139352,ASCL1,31,0.20836,27,-0.2083
ENSG00000111696,NT5DC3,20,-1.6095,62,1.60951
ENSG00000166598,HSP90B1,553,0.50939,388,-0.5093
ENSG00000120837,NFYB,49,0.06626,46,-0.0662
ENSG00000198431,TXNRD1,25,-1.0161,51,1.01615
ENSG00000151131,C12orf45,54,0.73069,33,-0.7306
ENSG00000136051,WASHC4,101,1.55806,34,-1.5580
ENSG00000074590,NUAK1,94,-1.2944,232,1.29444
ENSG00000136026,CKAP4,45,0.54108,31,-0.5410
ENSG00000111785,RIC8B,37,0.49626,26,-0.4962
ENSG00000151135,TMEM263,32,-0.2834,39,0.28342
ENSG00000136045,PWP1,33,-0.4690,45,0.46903
ENSG00000075035,WSCD2,7,-2.4980,44,2.49809
ENSG00000075856,SART3,29,-0.3232,37,0.32323
ENSG00000136003,ISCU,200,-0.3397,254,0.33976
ENSG00000110880,CORO1C,26,-0.2863,31,0.28637
ENSG00000084112,SSH1,32,0.07490,30,-0.0749
ENSG00000166111,SVOP,32,-1.4519,88,1.45199
ENSG00000110906,KCTD10,57,1.03966,28,-1.0396
ENSG00000151148,UBE3B,17,-0.8919,32,0.89199
ENSG00000139428,MMAB,0,-6.1052,33,6.10522
ENSG00000139433,GLTP,63,1.30507,25,-1.3050
ENSG00000139436,GIT2,52,0.96596,26,-0.9659
ENSG00000174456,C12orf76,43,-1.3074,108,1.30740
ENSG00000174437,ATP2A2,246,-1.1059,529,1.10599
ENSG00000196510,ANAPC7,32,-0.3328,40,0.33286
ENSG00000111229,ARPC3,346,0.96565,177,-0.9656
ENSG00000204856,FAM216A,42,-0.4333,57,0.43333
ENSG00000111237,VPS29,150,0.30533,121,-0.3053
ENSG00000196850,PPTC7,13,-1.5983,39,1.59837
ENSG00000186298,PPP1CC,64,-0.3696,83,0.36962
ENSG00000111249,CUX2,19,-1.1932,43,1.19321
ENSG00000204842,ATXN2,103,0.40280,78,-0.4028
ENSG00000089234,BRAP,27,0.28579,22,-0.2857
ENSG00000111275,ALDH2,179,0.16288,160,-0.1628
ENSG00000234608,MAPKAPK5-AS1,40,0.47225,28,-0.4722
ENSG00000089022,MAPKAPK5,32,0.23311,27,-0.2331
ENSG00000089248,ERP29,54,-0.7137,88,0.71374
ENSG00000111300,NAA25,15,-0.9870,29,0.98701
ENSG00000173064,HECTD4,84,-0.3417,106,0.34172
ENSG00000089009,RPL6,1017,0.81388,578,-0.8138
ENSG00000179295,PTPN11,95,-0.8242,168,0.82423
ENSG00000089169,RPH3A,88,-0.9469,170,0.94692
ENSG00000135144,DTX1,7,-1.8459,27,1.84598
ENSG00000123064,DDX54,30,-0.4919,43,0.49196
ENSG00000139405,RITA1,15,-1.1642,35,1.16421
ENSG00000151176,PLBD2,13,-1.5358,38,1.53588
ENSG00000123066,MED13L,39,-0.2958,48,0.29580
ENSG00000111412,C12orf49,18,-1.2533,45,1.25336
ENSG00000135119,RNFT2,34,0.04446,33,-0.0444
ENSG00000088992,TESC,24,-0.8132,43,0.81329
ENSG00000135108,FBXO21,70,-0.5550,103,0.55500
ENSG00000171435,KSR2,33,-0.4321,45,0.43212
ENSG00000176871,WSB2,101,-1.4436,275,1.44360
ENSG00000089220,PEBP1,601,-1.2858,1467,1.28580
ENSG00000135090,TAOK3,54,0.01859,53,-0.0185
ENSG00000111707,SUDS3,15,-1.2511,36,1.25110
ENSG00000139767,SRRM4,15,-1.5332,44,1.53326
ENSG00000152137,HSPB8,133,0.34213,105,-0.3421
ENSG00000111725,PRKAB1,31,0.02194,30,-0.0219
ENSG00000122966,CIT,111,-0.0776,117,0.07764
ENSG00000111737,RAB35,18,-0.6793,29,0.67930
ENSG00000089157,RPLP0,513,1.03671,250,-1.0367
ENSG00000111775,COX6A1,557,-0.8090,977,0.80900
ENSG00000257218,GATC,87,0.96188,44,-0.9618
ENSG00000111786,SRSF9,89,-0.0026,89,0.00263
ENSG00000088986,DYNLL1,609,-1.1369,1340,1.13697
ENSG00000022840,RNF10,116,0.38403,89,-0.3840
ENSG00000167272,POP5,9,-1.5429,26,1.54292
ENSG00000157782,CABP1,88,-1.9767,347,1.97677
ENSG00000110917,MLEC,58,0.01754,57,-0.0175
ENSG00000157837,SPPL3,21,-1.9483,82,1.94836
ENSG00000157895,C12orf43,25,-0.5580,37,0.55801
ENSG00000110931,CAMKK2,75,-1.4955,213,1.49554
ENSG00000089053,ANAPC5,79,0.12985,72,-0.1298
ENSG00000170633,RNF34,17,-1.2644,41,1.26447
ENSG00000110801,PSMD9,25,-0.0479,26,0.04790
ENSG00000110987,BCL7A,21,-1.0301,43,1.03013
ENSG00000139719,VPS33A,27,-0.2999,33,0.29993
ENSG00000130779,CLIP1,81,-0.1447,89,0.14478
ENSG00000111011,RSRC2,120,0.62525,78,-0.6252
ENSG00000139726,DENR,49,-0.7340,82,0.73405
ENSG00000130787,HIP1R,43,0.07910,40,-0.0791
ENSG00000182196,ARL6IP4,131,-0.6206,202,0.62065
ENSG00000090975,PITPNM2,15,-0.9523,29,0.95239
ENSG00000130921,C12orf65,27,0.10216,25,-0.1021
ENSG00000111328,CDK2AP1,245,0.90372,130,-0.9037
ENSG00000139697,SBNO1,87,-0.3194,108,0.31948
ENSG00000188026,RILPL1,22,-0.3699,29,0.36994
ENSG00000086598,TMED2,98,-0.1083,106,0.10832
ENSG00000111361,EIF2B1,47,0.58863,31,-0.5886
ENSG00000111358,GTF2H3,53,0.68417,33,-0.6841
ENSG00000119242,CCDC92,72,-0.9755,143,0.97554
ENSG00000179195,ZNF664,34,-0.7745,59,0.77451
ENSG00000196498,NCOR2,49,-0.4120,66,0.41205
ENSG00000073060,SCARB1,29,-0.1815,33,0.18153
ENSG00000150991,UBC,1337,0.06040,1282,-0.0604
ENSG00000184992,BRI3BP,29,-1.7916,102,1.79164
ENSG00000081760,AACS,35,-1.0869,75,1.08691
ENSG00000139364,TMEM132B,107,-0.1088,115,0.10882
ENSG00000256193,LINC00507,17,-1.1880,39,1.18808
ENSG00000151948,GLT1D1,16,-0.8169,29,0.81690
ENSG00000060709,RIMBP2,31,-0.9180,59,0.91804
ENSG00000132341,RAN,200,-0.7690,340,0.76902
ENSG00000061936,SFSWAP,51,1.03853,24,-1.0385
ENSG00000198598,MMP17,30,-0.6782,48,0.67825
ENSG00000177169,ULK1,10,-2.4558,57,2.45585
ENSG00000183495,EP400,25,-0.3231,32,0.32310
ENSG00000182870,GALNT9,16,-1.7871,57,1.78710
ENSG00000112787,FBRSL1,31,-0.2047,36,0.20473
ENSG00000247077,PGAM5,25,-0.3897,33,0.38977
ENSG00000176915,ANKLE2,16,-0.9229,32,0.92299
ENSG00000090615,GOLGA3,20,-1.4803,57,1.48037
ENSG00000198040,ZNF84,26,-0.6014,39,0.60141
ENSG00000196199,MPHOSPH8,116,0.01678,114,-0.0167
ENSG00000121390,PSPC1,29,-1.0346,60,1.03464
ENSG00000121741,ZMYM2,100,0.32134,80,-0.3213
ENSG00000121742,GJB6,11,-2.6721,71,2.67214
ENSG00000165475,CRYL1,26,-0.0491,27,0.04917
ENSG00000278291,AL161772.1,41,-1.2450,97,1.24509
ENSG00000172458,IL17D,25,-0.7068,41,0.70689
ENSG00000150459,SAP18,118,-0.7497,198,0.74972
ENSG00000173141,MRPL57,73,-0.6559,115,0.65594
ENSG00000180776,ZDHHC20,42,0.07251,40,-0.0725
ENSG00000165487,MICU2,44,0.00816,44,-0.0081
ENSG00000151835,SACS,143,0.29266,117,-0.2926
ENSG00000165566,AMER2,69,-0.6787,110,0.67877
ENSG00000139505,MTMR6,45,-1.0627,94,1.06279
ENSG00000139496,NUP58,16,-1.6013,50,1.60134
ENSG00000132932,ATP8A2,68,-0.2563,81,0.25638
ENSG00000127870,RNF6,59,-0.2994,73,0.29942
ENSG00000132970,WASF3,105,-0.5469,154,0.54694
ENSG00000132975,GPR12,51,0.86729,28,-0.8672
ENSG00000152484,USP12,96,0.70617,59,-0.7061
ENSG00000122026,RPL21,2519,1.66012,797,-1.6601
ENSG00000122034,GTF3A,104,-0.0348,107,0.03486
ENSG00000122033,MTIF3,34,-0.8789,64,0.87895
ENSG00000186184,POLR1D,124,0.84725,69,-0.8472
ENSG00000132963,POMP,259,0.53226,179,-0.5322
ENSG00000139514,SLC7A1,6,-2.0040,27,2.00409
ENSG00000122042,UBL3,102,-0.9687,200,0.96870
ENSG00000102781,KATNAL1,76,0.74248,45,-0.7424
ENSG00000189403,HMGB1,446,0.10157,415,-0.1015
ENSG00000120694,HSPH1,320,-0.9352,612,0.93522
ENSG00000073910,FRY,79,-0.1251,86,0.12510
ENSG00000139597,N4BP2L1,50,-0.0569,52,0.05699
ENSG00000244754,N4BP2L2,276,1.57297,92,-1.5729
ENSG00000083642,PDS5B,108,-0.2899,132,0.28994
ENSG00000133121,STARD13,46,0.92837,24,-0.9283
ENSG00000172915,NBEA,81,-0.8565,147,0.85656
ENSG00000133083,DCLK1,192,-1.2441,455,1.24413
ENSG00000133104,SPART,84,-0.0374,87,0.03744
ENSG00000180440,SERTM1,21,-0.9546,41,0.95469
ENSG00000120686,UFM1,92,0.30748,74,-0.3074
ENSG00000183722,LHFPL6,149,1.45946,54,-1.4594
ENSG00000133103,COG6,18,-0.9199,34,0.91997
ENSG00000102738,MRPS31,43,0.82167,24,-0.8216
ENSG00000120688,WBP4,35,-0.4512,49,0.45127
ENSG00000165572,KBTBD6,12,-2.7171,82,2.71716
ENSG00000120696,KBTBD7,27,-0.2158,32,0.21586
ENSG00000102760,RGCC,86,-0.5353,125,0.53535
ENSG00000102780,DGKH,42,0.61490,28,-0.6149
ENSG00000023516,AKAP11,285,-0.2263,334,0.22632
ENSG00000120675,DNAJC15,115,0.68062,72,-0.6806
ENSG00000151778,SERP2,16,-3.0770,136,3.07703
ENSG00000102804,TSC22D1,938,-0.0636,980,0.06363
ENSG00000133114,GPALPP1,70,0.76960,41,-0.7696
ENSG00000188342,GTF2F2,14,-0.7275,24,0.72759
ENSG00000133112,TPT1,5687,2.48833,1013,-2.4883
ENSG00000123200,ZC3H13,235,1.27369,97,-1.2736
ENSG00000139684,ESD,120,-0.0263,122,0.02639
ENSG00000102468,HTR2A,44,-1.3800,117,1.38005
ENSG00000136143,SUCLA2,74,-0.9870,146,0.98707
ENSG00000136146,MED4,52,-0.0280,53,0.02801
ENSG00000136156,ITM2B,905,-0.2531,1079,0.25318
ENSG00000139687,RB1,89,1.11542,41,-1.1154
ENSG00000102531,FNDC3A,103,0.94560,53,-0.9456
ENSG00000102547,CAB39L,68,0.19421,59,-0.1942
ENSG00000136144,RCBTB1,75,1.22905,32,-1.2290
ENSG00000123179,EBPL,39,-0.0043,39,0.00433
ENSG00000102753,KPNA3,49,-0.4286,66,0.42869
ENSG00000123178,SPRYD7,16,-2.1884,74,2.18840
ENSG00000204977,TRIM13,35,0.29623,29,-0.2962
ENSG00000136104,RNASEH2B,41,0.36978,31,-0.3697
ENSG00000102786,INTS6,36,0.42233,26,-0.4223
ENSG00000136100,VPS36,65,-0.3398,82,0.33983
ENSG00000165416,SUGT1,133,0.04296,129,-0.0429
ENSG00000136099,PCDH8,31,-2.0792,133,2.07929
ENSG00000118946,PCDH17,26,-1.4273,71,1.42731
ENSG00000280165,PCDH20,9,-1.8695,34,1.86950
ENSG00000184226,PCDH9,423,0.13228,386,-0.1322
ENSG00000204899,MZT1,73,-0.2075,84,0.20753
ENSG00000083520,DIS3,42,0.20273,37,-0.2027
ENSG00000118922,KLF12,11,-1.8066,39,1.80669
ENSG00000136111,TBC1D4,79,1.54852,27,-1.5485
ENSG00000188243,COMMD6,252,0.63838,162,-0.6383
ENSG00000136153,LMO7,33,-1.0635,69,1.06357
ENSG00000178695,KCTD12,336,2.42932,62,-2.4293
ENSG00000005812,FBXL3,69,-0.3664,89,0.36640
ENSG00000005810,MYCBP2,207,-0.5150,296,0.51501
ENSG00000139737,SLAIN1,14,-1.9310,57,1.93108
ENSG00000136160,EDNRB,17,-1.2954,43,1.29542
ENSG00000152193,OBI1,30,0.18470,27,-0.1847
ENSG00000139746,RBM26,77,-0.4552,105,0.45520
ENSG00000102471,NDFIP2,94,-1.2161,218,1.21614
ENSG00000136158,SPRY2,19,-1.3931,51,1.39316
ENSG00000178235,SLITRK1,31,-1.0893,66,1.08935
ENSG00000165300,SLITRK5,58,-0.4004,77,0.40042
ENSG00000152749,GPR180,8,-1.6262,26,1.62622
ENSG00000134873,CLDN10,37,-0.8350,66,0.83503
ENSG00000134874,DZIP1,109,1.14998,49,-1.1499
ENSG00000102580,DNAJC3,56,1.11731,25,-1.1173
ENSG00000102595,UGGT2,66,1.46584,24,-1.4658
ENSG00000185352,HS6ST3,39,-1.1839,90,1.18398
ENSG00000139793,MBNL2,240,0.06372,229,-0.0637
ENSG00000125249,RAP2A,123,-0.8269,219,0.82691
ENSG00000065150,IPO5,124,-0.3653,160,0.36536
ENSG00000152767,FARP1,69,-0.3027,85,0.30273
ENSG00000102572,STK24,42,-0.6809,67,0.68096
ENSG00000088387,DOCK9,106,0.00334,106,-0.0033
ENSG00000134882,UBAC2,29,-0.1628,32,0.16288
ENSG00000125304,TM9SF2,75,-0.7377,125,0.73779
ENSG00000102452,NALCN,33,-0.8510,61,0.85103
ENSG00000102466,FGF14,43,-0.9935,87,0.99353
ENSG00000134900,TPP2,75,1.26617,31,-1.2661
ENSG00000134899,ERCC5,62,1.37764,24,-1.3776
ENSG00000125266,EFNB2,98,1.04633,47,-1.0463
ENSG00000134884,ARGLU1,162,0.48750,115,-0.4875
ENSG00000204442,FAM155A,28,-1.5612,85,1.56125
ENSG00000174405,LIG4,28,-0.5230,40,0.52304
ENSG00000139826,ABHD13,16,-1.1452,36,1.14522
ENSG00000185950,IRS2,62,-1.3471,158,1.34713
ENSG00000213995,NAXD,26,-0.5241,37,0.52410
ENSG00000134905,CARS2,23,-0.1288,26,0.12884
ENSG00000088448,ANKRD10,38,-0.1633,42,0.16333
ENSG00000102606,ARHGEF7,115,-0.4906,162,0.49062
ENSG00000126217,MCF2L,49,-0.8920,91,0.89207
ENSG00000126226,PCID2,42,0.51570,29,-0.5157
ENSG00000139842,CUL4A,34,0.16089,31,-0.1608
ENSG00000185896,LAMP1,101,-0.2678,122,0.26789
ENSG00000150403,TMCO3,35,0.31421,28,-0.3142
ENSG00000198176,TFDP1,42,0.36644,33,-0.3664
ENSG00000183087,GAS6,42,-0.5575,61,0.55750
ENSG00000130177,CDC16,80,0.72546,48,-0.7254
ENSG00000169062,UPF3A,88,0.99313,44,-0.9931
ENSG00000198824,CHAMP1,23,-0.2558,28,0.25586
ENSG00000100814,CCNB1IP1,17,-0.4934,24,0.49341
ENSG00000259001,AL355075.4,66,1.22809,28,-1.2280
ENSG00000129484,PARP2,5,-3.0286,43,3.02865
ENSG00000092094,OSGEP,15,-0.7302,26,0.73028
ENSG00000100823,APEX1,55,-0.4626,76,0.46260
ENSG00000165782,PIP4P1,16,-2.0091,67,2.00917
ENSG00000129538,RNASE1,229,2.00866,56,-2.0086
ENSG00000165795,NDRG2,247,-0.6179,380,0.61796
ENSG00000258441,LINC00641,37,-1.4266,102,1.42661
ENSG00000092199,HNRNPC,219,-0.2849,267,0.28492
ENSG00000092201,SUPT16H,95,0.11552,88,-0.1155
ENSG00000100888,CHD8,46,-0.1106,50,0.11067
ENSG00000129472,RAB2B,42,0.05457,40,-0.0545
ENSG00000092203,TOX4,29,-0.9741,58,0.97416
ENSG00000165821,SALL2,36,0.14102,32,-0.1410
ENSG00000129562,DAD1,120,0.42351,90,-0.4235
ENSG00000155463,OXA1L,64,0.44968,47,-0.4496
ENSG00000172590,MRPL52,119,0.18785,105,-0.1878
ENSG00000100461,RBM23,86,0.84654,48,-0.8465
ENSG00000100462,PRMT5,23,-1.0483,49,1.04835
ENSG00000100804,PSMB5,82,-0.8318,146,0.83182
ENSG00000100813,ACIN1,21,-0.7335,35,0.73354
ENSG00000179933,C14orf119,35,0.28335,28,-0.2833
ENSG00000092068,SLC7A8,13,-1.2719,32,1.27194
ENSG00000129473,BCL2L2,21,-2.7437,143,2.74378
ENSG00000100836,PABPN1,22,-1.3422,56,1.34222
ENSG00000092096,SLC22A17,177,-1.8601,645,1.86018
ENSG00000129460,NGDN,13,-0.9094,25,0.90949
ENSG00000092051,JPH4,71,-1.0259,144,1.02599
ENSG00000100884,CPNE6,23,-1.2618,56,1.26189
ENSG00000100897,DCAF11,34,-0.7271,57,0.72712
ENSG00000092010,PSME1,85,0.99085,43,-0.9908
ENSG00000100908,EMC9,25,-0.0170,25,0.01702
ENSG00000100911,PSME2,87,1.84089,24,-1.8408
ENSG00000100926,TM9SF1,10,-1.3428,26,1.34288
ENSG00000254505,CHMP4A,85,1.04290,41,-1.0429
ENSG00000213920,MDP1,15,-1.5657,46,1.56577
ENSG00000129559,NEDD8,167,-0.8814,308,0.88143
ENSG00000100938,GMPR2,32,-0.0470,33,0.04706
ENSG00000100445,SDR39U1,9,-2.3447,50,2.34476
ENSG00000168952,STXBP6,52,-0.6417,82,0.64170
ENSG00000139910,NOVA1,61,-0.9526,119,0.95265
ENSG00000176165,FOXG1,58,-0.9223,110,0.92230
ENSG00000186960,LINC01551,10,-1.7130,34,1.71305
ENSG00000092140,G2E3,13,-0.8751,25,0.87514
ENSG00000092108,SCFD1,48,-0.1618,54,0.16183
ENSG00000196792,STRN3,54,0.52728,37,-0.5272
ENSG00000100478,AP4S1,13,-1.6347,40,1.63471
ENSG00000092148,HECTD1,93,-0.4165,124,0.41657
ENSG00000100852,ARHGAP5,531,1.29983,216,-1.2998
ENSG00000151320,AKAP6,191,0.10181,178,-0.1018
ENSG00000151322,NPAS3,38,0.42007,29,-0.4200
ENSG00000165389,SPTSSA,80,1.40490,30,-1.4049
ENSG00000129518,EAPP,46,-0.7331,77,0.73318
ENSG00000129515,SNX6,103,1.19913,44,-1.1991
ENSG00000165410,CFL2,76,-0.0128,77,0.01289
ENSG00000100883,SRP54,47,-0.0528,49,0.05284
ENSG00000151327,FAM177A1,53,-0.1521,58,0.15218
ENSG00000092020,PPP2R3C,66,0.88709,36,-0.8870
ENSG00000100902,PSMA6,103,-0.2472,123,0.24725
ENSG00000100906,NFKBIA,353,3.21268,38,-3.2126
ENSG00000174373,RALGAPA1,127,0.95451,65,-0.9545
ENSG00000100916,BRMS1L,44,-0.1836,51,0.18365
ENSG00000151332,MBIP,1,-4.1186,28,4.11866
ENSG00000139874,SSTR1,19,-1.6102,58,1.61025
ENSG00000100934,SEC23A,46,-1.2022,107,1.20220
ENSG00000182400,TRAPPC6B,55,-0.2370,65,0.23706
ENSG00000100941,PNN,144,1.64481,46,-1.6448
ENSG00000165355,FBXO33,34,-0.6456,53,0.64569
ENSG00000165379,LRFN5,39,-0.4346,53,0.43464
ENSG00000179454,KLHL28,5,-2.5417,31,2.54175
ENSG00000198718,TOGARAM1,53,-0.0586,56,0.05867
ENSG00000100442,FKBP3,191,-0.0776,202,0.07766
ENSG00000213741,RPS29,2085,1.16917,927,-1.1691
ENSG00000165502,RPL36AL,293,0.41537,219,-0.4153
ENSG00000165516,KLHDC2,28,-2.0114,113,2.01141
ENSG00000165525,NEMF,192,0.85993,106,-0.8599
ENSG00000282885,AL627171.2,2935,2.19012,643,-2.1901
ENSG00000165527,ARF6,23,-0.4769,32,0.47696
ENSG00000100483,VCPKMT,1,-4.7012,26,4.70120
ENSG00000100485,SOS2,95,1.80356,27,-1.8035
ENSG00000012983,MAP4K5,49,0.76596,29,-0.7659
ENSG00000198513,ATL1,99,-1.3743,258,1.37439
ENSG00000151748,SAV1,53,0.91219,28,-0.9121
ENSG00000100503,NIN,54,0.33445,42,-0.3344
ENSG00000100505,TRIM9,39,-1.5467,115,1.54679
ENSG00000186469,GNG2,73,-0.6762,117,0.67626
ENSG00000087302,RTRAF,68,-0.3200,85,0.32006
ENSG00000180998,GPR137C,49,0.30760,39,-0.3076
ENSG00000197930,ERO1A,47,-0.2648,57,0.26480
ENSG00000100519,PSMC6,101,-0.7035,165,0.70354
ENSG00000073712,FERMT2,99,1.48035,35,-1.4803
ENSG00000100523,DDHD1,36,-0.4365,49,0.43659
ENSG00000100528,CNIH1,77,-0.2074,89,0.20743
ENSG00000197045,GMFB,143,-0.2930,175,0.29304
ENSG00000100532,CGRRF1,36,0.37150,28,-0.3715
ENSG00000020577,SAMD4A,29,0.06079,28,-0.0607
ENSG00000168175,MAPK1IP1L,89,0.46129,64,-0.4612
ENSG00000131981,LGALS3,196,2.43856,36,-2.4385
ENSG00000178974,FBXO34,86,-0.0883,92,0.08837
ENSG00000126777,KTN1,415,1.98406,105,-1.9840
ENSG00000070367,EXOC5,124,0.67443,77,-0.6744
ENSG00000053770,AP5M1,44,-0.6434,68,0.64348
ENSG00000139977,NAA30,27,-1.0331,55,1.03314
ENSG00000259969,AL049838.1,6,-2.2077,28,2.20771
ENSG00000131966,ACTR10,80,-0.7320,134,0.73209
ENSG00000100567,PSMA3,43,-0.6522,68,0.65226
ENSG00000257621,PSMA3-AS1,39,0.71932,24,-0.7193
ENSG00000032219,ARID4A,54,-0.1217,59,0.12173
ENSG00000100575,TIMM9,16,-1.1921,38,1.19213
ENSG00000100592,DAAM1,62,-0.1700,69,0.17006
ENSG00000050130,JKAMP,52,-0.1731,58,0.17310
ENSG00000139970,RTN1,368,-2.2671,1774,2.26717
ENSG00000126773,PCNX4,89,0.80705,51,-0.8070
ENSG00000100612,DHRS7,83,-0.0921,88,0.09212
ENSG00000100614,PPM1A,128,-0.4797,178,0.47977
ENSG00000020426,MNAT1,65,1.52268,22,-1.5226
ENSG00000100644,HIF1A,149,0.67703,93,-0.6770
ENSG00000139973,SYT16,29,-2.1741,132,2.17415
ENSG00000140015,KCNH5,17,-1.5650,52,1.56503
ENSG00000154001,PPP2R5E,64,-0.6296,100,0.62969
ENSG00000126821,SGPP1,10,-2.2062,49,2.20620
ENSG00000100714,MTHFD1,76,0.90271,40,-0.9027
ENSG00000179841,AKAP5,32,-1.0887,69,1.08873
ENSG00000126803,HSPA2,28,-0.4425,38,0.44252
ENSG00000070182,SPTB,40,0.37890,31,-0.3789
ENSG00000258289,CHURC1,176,0.65945,111,-0.6594
ENSG00000139998,RAB15,37,-1.0281,76,1.02815
ENSG00000125952,MAX,81,0.80054,46,-0.8005
ENSG00000033170,FUT8,60,0.76603,35,-0.7660
ENSG00000171723,GPHN,16,-1.6153,49,1.61538
ENSG00000072415,MPP5,36,-0.3696,47,0.36969
ENSG00000100554,ATP6V1D,145,-0.5634,215,0.56345
ENSG00000134001,EIF2S1,49,-0.4820,69,0.48207
ENSG00000100564,PIGH,2,-3.4600,32,3.46006
ENSG00000100568,VTI1B,109,-0.1979,125,0.19796
ENSG00000072042,RDH11,73,-0.8304,131,0.83047
ENSG00000185650,ZFP36L1,560,3.39035,53,-3.3903
ENSG00000072110,ACTN1,136,0.03191,133,-0.0319
ENSG00000139990,DCAF5,39,0.69249,24,-0.6924
ENSG00000081177,EXD2,9,-1.4952,26,1.49529
ENSG00000100626,GALNT16,18,-1.3326,45,1.33269
ENSG00000100632,ERH,59,-0.7342,99,0.73422
ENSG00000029364,SLC39A9,28,-0.5233,41,0.52338
ENSG00000100650,SRSF5,188,-0.0175,191,0.01756
ENSG00000133983,COX16,185,0.71069,113,-0.7106
ENSG00000213463,SYNJ2BP,46,0.60298,30,-0.6029
ENSG00000133997,MED6,9,-1.4494,26,1.44941
ENSG00000133985,TTC9,22,-1.4720,62,1.47206
ENSG00000006432,MAP3K9,24,-0.4042,32,0.40426
ENSG00000100731,PCNX1,45,-0.5143,64,0.51432
ENSG00000197555,SIPA1L1,151,0.51146,106,-0.5114
ENSG00000182732,RGS6,20,-0.5926,30,0.59265
ENSG00000119707,RBM25,155,1.53460,53,-1.5346
ENSG00000080815,PSEN1,22,-0.4557,31,0.45576
ENSG00000133961,NUMB,68,0.82895,38,-0.8289
ENSG00000119661,DNAL1,58,0.29489,48,-0.2948
ENSG00000176903,PNMA1,103,-1.5536,303,1.55361
ENSG00000156050,FAM161B,21,-0.5216,31,0.52168
ENSG00000119711,ALDH6A1,166,0.77255,97,-0.7725
ENSG00000119655,NPC2,148,2.09638,34,-2.0963
ENSG00000165898,ISCA2,7,-1.8167,25,1.81673
ENSG00000119682,AREL1,46,0.93115,24,-0.9311
ENSG00000119596,YLPM1,46,-0.4895,65,0.48954
ENSG00000119640,ACYP1,37,-0.5946,56,0.59463
ENSG00000170348,TMED10,194,0.72510,117,-0.7251
ENSG00000170345,FOS,521,4.61128,21,-4.6112
ENSG00000133935,ERG28,22,-1.2493,53,1.24934
ENSG00000089916,GPATCH2L,13,-1.6996,44,1.69961
ENSG00000013523,ANGEL1,12,-1.1728,29,1.17284
ENSG00000119669,IRF2BPL,14,-1.7118,46,1.71189
ENSG00000198894,CIPC,49,-0.7287,82,0.72870
ENSG00000177108,ZDHHC22,12,-1.3293,31,1.32936
ENSG00000165553,NGB,0,-6.5635,44,6.56351
ENSG00000100580,TMED8,45,-0.1880,52,0.18806
ENSG00000100591,AHSA1,38,-2.0774,163,2.07747
ENSG00000100596,SPTLC2,65,0.75954,38,-0.7595
ENSG00000119705,SLIRP,215,-0.5228,310,0.52281
ENSG00000100603,SNW1,42,0.01605,42,-0.0160
ENSG00000021645,NRXN3,25,-2.7676,176,2.76763
ENSG00000211448,DIO2,33,-0.6611,53,0.66115
ENSG00000165417,GTF2A1,38,-1.1004,83,1.10043
ENSG00000140022,STON2,44,0.61616,29,-0.6161
ENSG00000071537,SEL1L,73,-0.4123,98,0.41232
ENSG00000185070,FLRT2,18,-2.7638,124,2.76386
ENSG00000054983,GALC,33,0.11512,30,-0.1151
ENSG00000100722,ZC3H14,82,0.32469,66,-0.3246
ENSG00000053254,FOXN3,78,0.93941,40,-0.9394
ENSG00000100764,PSMC1,91,-0.5795,136,0.57955
ENSG00000198668,CALM1,1965,-0.9888,3899,0.98881
ENSG00000165914,TTC7B,40,-1.0162,82,1.01621
ENSG00000100784,RPS6KA5,80,0.76455,47,-0.7645
ENSG00000133943,DGLUCY,51,0.64404,33,-0.6440
ENSG00000100796,PPP4R3A,66,0.99991,33,-0.9999
ENSG00000100815,TRIP11,64,0.39587,49,-0.3958
ENSG00000066427,ATXN3,68,0.95260,35,-0.9526
ENSG00000183648,NDUFB1,307,-0.7588,520,0.75883
ENSG00000165934,CPSF2,50,0.69608,30,-0.6960
ENSG00000100600,LGMN,44,-1.0780,94,1.07801
ENSG00000066455,GOLGA5,25,-0.0953,27,0.09532
ENSG00000100604,CHGA,50,-2.5177,289,2.51778
ENSG00000100605,ITPK1,39,-1.8756,146,1.87561
ENSG00000165943,MOAP1,109,-1.7854,375,1.78540
ENSG00000012963,UBR7,45,0.19508,39,-0.1950
ENSG00000133958,UNC79,25,-0.4074,33,0.40740
ENSG00000089737,DDX24,168,-0.9532,326,0.95329
ENSG00000165949,IFI27,387,3.57126,32,-3.5712
ENSG00000119632,IFI27L2,141,0.37464,108,-0.3746
ENSG00000119698,PPP4R4,15,-1.5919,47,1.59192
ENSG00000100697,DICER1,50,-0.1213,54,0.12138
ENSG00000182512,GLRX5,86,-0.1168,93,0.11680
ENSG00000227051,C14orf132,48,-1.6227,150,1.62278
ENSG00000066739,ATG2B,35,-0.8006,62,0.80061
ENSG00000100744,GSKIP,35,-0.8673,64,0.86737
ENSG00000090060,PAPOLA,202,0.67227,127,-0.6722
ENSG00000183576,SETD3,112,0.74814,67,-0.7481
ENSG00000036530,CYP46A1,96,-0.6642,152,0.66424
ENSG00000196405,EVL,147,-0.2766,178,0.27667
ENSG00000100811,YY1,72,-0.2352,85,0.23526
ENSG00000140105,WARS,93,0.18519,82,-0.1851
ENSG00000183092,BEGAIN,35,-0.0294,36,0.02947
ENSG00000214548,MEG3,255,-0.5545,374,0.55459
ENSG00000225746,MEG8,57,0.75831,34,-0.7583
ENSG00000078304,PPP2R5C,177,0.33863,140,-0.3386
ENSG00000197102,DYNC1H1,328,-0.0695,344,0.06953
ENSG00000080824,HSP90AA1,2032,-0.6090,3100,0.60905
ENSG00000100865,CINP,44,-0.1335,48,0.13355
ENSG00000196663,TECPR2,28,-0.6889,45,0.68899
ENSG00000156381,ANKRD9,11,-2.3440,58,2.34405
ENSG00000131323,TRAF3,20,-0.7795,34,0.77956
ENSG00000198752,CDC42BPB,55,-0.7914,95,0.79145
ENSG00000100664,EIF5,176,-0.9194,333,0.91949
ENSG00000075413,MARK3,125,0.84227,70,-0.8422
ENSG00000166165,CKB,501,-1.7023,1631,1.70234
ENSG00000166170,BAG5,64,0.39706,48,-0.3970
ENSG00000126214,KLC1,192,-1.7644,652,1.76446
ENSG00000256053,COA8,83,0.47993,60,-0.4799
ENSG00000100711,ZFYVE21,44,-0.8534,79,0.85346
ENSG00000088808,PPP1R13B,54,0.86388,29,-0.8638
ENSG00000156411,ATP5MPL,284,-1.1620,636,1.16205
ENSG00000203485,INF2,79,-0.1533,88,0.15338
ENSG00000184990,SIVA1,86,0.51131,60,-0.5113
ENSG00000142208,AKT1,7,-2.3789,41,2.37890
ENSG00000099814,CEP170B,23,-2.0729,98,2.07299
ENSG00000185567,AHNAK2,45,0.30357,37,-0.3035
ENSG00000183828,NUDT14,15,-2.0176,61,2.01761
ENSG00000185024,BRF1,8,-1.8459,29,1.84596
ENSG00000184887,BTBD6,58,-0.1783,66,0.17839
ENSG00000179364,PACS2,26,-0.9997,53,0.99975
ENSG00000182979,MTA1,25,0.16998,23,-0.1699
ENSG00000182809,CRIP2,284,0.66113,179,-0.6611
ENSG00000184986,TMEM121,29,0.11233,26,-0.1123
ENSG00000274253,AC138649.1,20,-1.5931,62,1.59311
ENSG00000170113,NIPA1,13,-2.3884,71,2.38843
ENSG00000140157,NIPA2,56,0.21560,48,-0.2156
ENSG00000273749,CYFIP1,50,0.27109,42,-0.2710
ENSG00000182636,NDN,56,-1.1132,122,1.11325
ENSG00000128739,SNRPN,238,-1.8205,842,1.82057
ENSG00000224078,SNHG14,1240,0.31569,996,-0.3156
ENSG00000114062,UBE3A,73,-0.5533,107,0.55330
ENSG00000166206,GABRB3,90,-1.3548,230,1.35483
ENSG00000186297,GABRA5,15,-2.7499,103,2.74993
ENSG00000128731,HERC2,101,0.50462,71,-0.5046
ENSG00000034053,APBA2,32,-2.3466,165,2.34665
ENSG00000185115,NSMCE3,11,-1.7247,36,1.72471
ENSG00000104067,TJP1,340,2.47754,61,-2.4775
ENSG00000198690,FAN1,48,0.43887,35,-0.4388
ENSG00000166912,MTMR10,103,1.69541,31,-1.6954
ENSG00000169926,KLF13,23,-1.6579,74,1.65797
ENSG00000169918,OTUD7A,32,-0.1091,35,0.10914
ENSG00000166922,SCG5,115,-2.0804,489,2.08048
ENSG00000248905,FMN1,33,-0.4118,45,0.41186
ENSG00000134153,EMC7,41,-0.9657,80,0.96578
ENSG00000134152,KATNBL1,82,1.82158,23,-1.8215
ENSG00000128463,EMC4,61,-1.2345,144,1.23454
ENSG00000140199,SLC12A6,7,-2.3776,40,2.37762
ENSG00000182117,NOP10,96,-0.2402,114,0.24025
ENSG00000176454,LPCAT4,20,-2.4664,115,2.46649
ENSG00000175265,GOLGA8A,43,0.43305,32,-0.4330
ENSG00000215252,GOLGA8B,39,0.24263,33,-0.2426
ENSG00000021776,AQR,60,0.66472,37,-0.6647
ENSG00000198146,ZNF770,45,-0.9117,85,0.91175
ENSG00000134138,MEIS2,15,-0.9946,29,0.99469
ENSG00000166068,SPRED1,81,-0.1459,90,0.14599
ENSG00000171262,FAM98B,44,-0.8816,81,0.88161
ENSG00000172575,RASGRP1,22,-1.4008,59,1.40081
ENSG00000166073,GPR176,18,-0.9775,35,0.97751
ENSG00000128829,EIF2AK4,52,0.23257,44,-0.2325
ENSG00000140319,SRP14,495,-0.2888,605,0.28887
ENSG00000137843,PAK6,11,-1.6648,36,1.66481
ENSG00000259330,INAFM2,65,1.28969,26,-1.2896
ENSG00000140323,DISP2,10,-2.1867,47,2.18673
ENSG00000128928,IVD,41,-0.0940,44,0.09401
ENSG00000137824,RMDN3,30,-0.8890,55,0.88900
ENSG00000137880,GCHFR,30,0.25088,25,-0.2508
ENSG00000104142,VPS18,8,-1.5157,24,1.51570
ENSG00000187446,CHP1,64,-0.7190,105,0.71900
ENSG00000247556,OIP5-AS1,252,-0.8063,442,0.80636
ENSG00000137806,NDUFAF1,16,-1.2101,37,1.21018
ENSG00000137815,RTF1,56,-0.8502,102,0.85025
ENSG00000137825,ITPKA,19,-2.2882,95,2.28823
ENSG00000092445,TYRO3,41,-1.4982,117,1.49823
ENSG00000174197,MGA,84,1.45647,30,-1.4564
ENSG00000166887,VPS39,69,0.01081,69,-0.0108
ENSG00000103978,TMEM87A,96,1.24631,40,-1.2463
ENSG00000103994,ZNF106,147,0.51244,103,-0.5124
ENSG00000180979,LRRC57,17,-0.5984,26,0.59844
ENSG00000128881,TTBK2,100,-0.1850,114,0.18506
ENSG00000159459,UBR1,45,0.02893,44,-0.0289
ENSG00000166946,CCNDBP1,41,-0.9061,78,0.90612
ENSG00000137822,TUBGCP4,17,-1.2581,41,1.25818
ENSG00000067369,TP53BP1,89,0.20116,77,-0.2011
ENSG00000166963,MAP1A,294,-1.0685,616,1.06858
ENSG00000237289,CKMT1B,1,-4.2076,34,4.20766
ENSG00000223572,CKMT1A,11,-2.0967,47,2.09677
ENSG00000167004,PDIA3,139,0.25133,117,-0.2513
ENSG00000140264,SERF2,1169,1.13100,533,-1.1310
ENSG00000140259,MFAP1,20,-0.9163,38,0.91636
ENSG00000166734,CASC4,249,1.10971,115,-1.1097
ENSG00000137770,CTDSPL2,14,-0.9213,28,0.92130
ENSG00000104131,EIF3J,171,0.86078,94,-0.8607
ENSG00000104133,SPG11,41,0.49394,29,-0.4939
ENSG00000166710,B2M,3431,3.56556,289,-3.5655
ENSG00000185880,TRIM69,20,-1.3812,53,1.38127
ENSG00000171766,GATM,302,0.81850,171,-0.8185
ENSG00000104164,BLOC1S6,63,-0.8136,111,0.81362
ENSG00000137872,SEMA6D,21,-0.9546,42,0.95467
ENSG00000104177,MYEF2,112,0.27374,93,-0.2737
ENSG00000128951,DUT,63,-0.9422,122,0.94224
ENSG00000255302,EID1,333,-0.3831,434,0.38316
ENSG00000138593,SECISBP2L,110,-0.3936,144,0.39364
ENSG00000166200,COPS2,118,0.31572,95,-0.3157
ENSG00000104047,DTWD1,37,0.01537,36,-0.0153
ENSG00000285410,GABPB1-IT1,29,-0.2349,34,0.23493
ENSG00000138592,USP8,86,0.56242,58,-0.5624
ENSG00000138600,SPPL2A,68,1.06243,32,-1.0624
ENSG00000104093,DMXL2,137,-0.0455,142,0.04554
ENSG00000104112,SCG3,450,0.34742,353,-0.3474
ENSG00000140280,LYSMD2,31,-1.8744,115,1.87444
ENSG00000128872,TMOD2,238,-0.7821,409,0.78219
ENSG00000138594,TMOD3,119,2.36293,23,-2.3629
ENSG00000166477,LEO1,26,-0.0822,28,0.08228
ENSG00000069956,MAPK6,52,-0.7819,89,0.78195
ENSG00000069966,GNB5,83,-0.7796,143,0.77964
ENSG00000197535,MYO5A,186,-1.0184,378,1.01842
ENSG00000128989,ARPP19,404,-1.2918,991,1.29186
ENSG00000047346,FAM214A,21,-0.6275,32,0.62753
ENSG00000137766,UNC13C,28,-1.3180,71,1.31804
ENSG00000137876,RSL24D1,125,-0.0488,130,0.04887
ENSG00000260916,CCPG1,134,0.80680,76,-0.8068
ENSG00000137871,ZNF280D,101,0.87672,55,-0.8767
ENSG00000140262,TCF12,89,1.78056,25,-1.7805
ENSG00000255529,POLR2M,31,-0.5649,46,0.56497
ENSG00000137845,ADAM10,87,0.79309,50,-0.7930
ENSG00000128923,MINDY2,64,0.02076,63,-0.0207
ENSG00000157450,RNF111,33,-0.3245,42,0.32459
ENSG00000137776,SLTM,166,1.37670,63,-1.3767
ENSG00000157470,FAM81A,16,-2.5239,96,2.52399
ENSG00000140307,GTF2A2,67,-0.0696,70,0.06968
ENSG00000069667,RORA,18,-1.5642,55,1.56425
ENSG00000129003,VPS13C,242,1.44388,88,-1.4438
ENSG00000171914,TLN2,77,-0.5963,117,0.59633
ENSG00000140416,TPM1,300,1.24181,127,-1.2418
ENSG00000185088,RPS27L,203,1.30008,82,-1.3000
ENSG00000166128,RAB8B,43,-0.0849,46,0.08498
ENSG00000103657,HERC1,99,-0.7049,162,0.70496
ENSG00000028528,SNX1,56,0.49962,40,-0.4996
ENSG00000166794,PPIB,133,0.42300,99,-0.4230
ENSG00000180304,OAZ2,80,-0.5595,119,0.55958
ENSG00000090487,SPG21,48,0.15002,43,-0.1500
ENSG00000090470,PDCD7,37,-0.0239,38,0.02394
ENSG00000166855,CLPX,32,-0.6296,49,0.62964
ENSG00000074603,DPP8,157,0.82325,89,-0.8232
ENSG00000074696,HACD3,116,-0.5449,169,0.54494
ENSG00000174485,DENND4A,119,1.25513,50,-1.2551
ENSG00000103769,RAB11A,170,-0.1800,193,0.18003
ENSG00000166938,DIS3L,28,-0.6102,43,0.61029
ENSG00000169032,MAP2K1,86,-1.3614,221,1.36145
ENSG00000174446,SNAPC5,23,-1.1859,53,1.18594
ENSG00000174444,RPL4,955,0.97963,484,-0.9796
ENSG00000103591,AAGAB,20,-1.2447,49,1.24479
ENSG00000189227,C15orf61,20,-1.7455,69,1.74554
ENSG00000137764,MAP2K5,12,-1.6636,38,1.66361
ENSG00000033800,PIAS1,74,-0.0025,74,0.00259
ENSG00000169018,FEM1B,63,-1.2874,155,1.28742
ENSG00000103647,CORO2B,17,-2.5547,102,2.55477
ENSG00000140350,ANP32A,75,-0.2121,87,0.21216
ENSG00000138604,GLCE,22,-0.4060,29,0.40606
ENSG00000137818,RPLP1,3247,1.38632,1242,-1.3863
ENSG00000166173,LARP6,24,-1.7820,85,1.78204
ENSG00000137821,LRRC49,22,-1.0010,44,1.00105
ENSG00000066933,MYO9A,103,0.41670,77,-0.4167
ENSG00000067225,PKM,313,-1.1169,678,1.11693
ENSG00000137817,PARP6,68,0.67051,42,-0.6705
ENSG00000140488,CELF6,11,-1.4966,31,1.49662
ENSG00000213614,HEXA,36,0.25438,30,-0.2543
ENSG00000166233,ARIH1,105,0.50646,73,-0.5064
ENSG00000067141,NEO1,34,-0.1964,39,0.19648
ENSG00000156642,NPTN,198,-1.5514,581,1.55148
ENSG00000067221,STOML1,39,-1.0554,83,1.05544
ENSG00000138623,SEMA7A,1,-5.2022,37,5.20225
ENSG00000138629,UBL7,30,-1.0857,64,1.08577
ENSG00000140474,ULK3,31,-0.3765,40,0.37654
ENSG00000178802,MPI,29,-1.1151,63,1.11512
ENSG00000178761,FAM219B,20,-0.7117,34,0.71175
ENSG00000178741,COX5A,184,-0.9957,367,0.99579
ENSG00000198794,SCAMP5,70,-1.9339,269,1.93396
ENSG00000140365,COMMD4,54,0.87654,29,-0.8765
ENSG00000140400,MAN2C1,34,0.03833,33,-0.0383
ENSG00000169371,SNUPN,53,0.95272,27,-0.9527
ENSG00000177971,IMP3,34,-1.2358,80,1.23587
ENSG00000140367,UBE2Q2,28,-0.7021,45,0.70215
ENSG00000140374,ETFA,23,-1.4395,64,1.43954
ENSG00000140386,SCAPER,46,0.01921,45,-0.0192
ENSG00000117906,RCN2,113,-0.8154,199,0.81544
ENSG00000140391,TSPAN3,256,-0.5501,376,0.55019
ENSG00000173517,PEAK1,82,1.25349,34,-1.2534
ENSG00000140382,HMG20A,12,-1.8958,46,1.89580
ENSG00000169783,LINGO1,46,-1.8861,171,1.88616
ENSG00000166411,IDH3A,50,-1.2320,117,1.23200
ENSG00000103740,ACSBG1,12,-1.5603,38,1.56037
ENSG00000140403,DNAJA4,59,-1.3466,151,1.34667
ENSG00000140395,WDR61,24,-1.2445,58,1.24454
ENSG00000136381,IREB2,23,-1.1456,52,1.14566
ENSG00000041357,PSMA4,106,-0.1687,119,0.16871
ENSG00000185787,MORF4L1,489,-0.7042,797,0.70428
ENSG00000103811,CTSH,153,1.94643,39,-1.9464
ENSG00000058335,RASGRF1,82,-0.6955,133,0.69554
ENSG00000166557,TMED3,30,-0.1590,34,0.15900
ENSG00000086666,ZFAND6,52,-0.0131,53,0.01315
ENSG00000172379,ARNT2,92,-1.1461,204,1.14610
ENSG00000136379,ABHD17C,15,-0.7177,25,0.71779
ENSG00000117899,MESD,82,1.23997,34,-1.2399
ENSG00000182774,RPS17,701,0.88790,378,-0.8879
ENSG00000214575,CPEB1,1,-4.4815,37,4.48157
ENSG00000103723,AP3B2,17,-1.8919,63,1.89193
ENSG00000064726,BTBD1,72,-0.1103,78,0.11039
ENSG00000136404,TM6SF1,55,0.17828,48,-0.1782
ENSG00000166503,HDGFL3,154,-0.3396,195,0.33963
ENSG00000140600,SH3GL3,54,-0.3878,70,0.38782
ENSG00000140612,SEC11A,70,1.35634,27,-1.3563
ENSG00000170776,AKAP13,105,1.89607,28,-1.8960
ENSG00000140538,NTRK3,154,0.43027,114,-0.4302
ENSG00000259494,MRPL46,23,-0.6725,36,0.67255
ENSG00000181991,MRPS11,33,-1.1003,70,1.10036
ENSG00000140545,MFGE8,119,1.12673,54,-1.1267
ENSG00000140526,ABHD2,77,-0.6651,123,0.66518
ENSG00000140521,POLG,32,0.32822,26,-0.3282
ENSG00000166823,MESP1,38,-0.4711,52,0.47117
ENSG00000157823,AP3S2,41,-0.5118,59,0.51188
ENSG00000259291,ZNF710-AS1,17,-0.6344,27,0.63448
ENSG00000182054,IDH2,24,-1.3560,62,1.35607
ENSG00000185043,CIB1,67,0.72999,40,-0.7299
ENSG00000182768,NGRN,121,-2.2332,572,2.23327
ENSG00000140564,FURIN,15,-0.8460,28,0.84606
ENSG00000196547,MAN2A2,32,-0.9842,64,0.98428
ENSG00000184508,HDDC3,34,0.23159,29,-0.2315
ENSG00000185518,SV2B,153,-1.2297,359,1.22975
ENSG00000176463,SLCO3A1,31,0.35872,24,-0.3587
ENSG00000185442,FAM174B,1,-4.2359,23,4.23598
ENSG00000272888,LINC01578,154,0.78776,89,-0.7877
ENSG00000173575,CHD2,144,1.05362,69,-1.0536
ENSG00000182175,RGMA,46,0.84724,25,-0.8472
ENSG00000140443,IGF1R,76,0.80059,43,-0.8005
ENSG00000182253,SYNM,187,0.90603,100,-0.9060
ENSG00000068305,MEF2A,177,0.23742,150,-0.2374
ENSG00000131871,SELENOS,38,0.48351,27,-0.4835
ENSG00000131876,SNRPA1,36,-0.4629,49,0.46293
ENSG00000184277,TM2D3,23,-2.4029,123,2.40293
ENSG00000185418,TARSL2,29,-0.2406,35,0.24069
ENSG00000161980,POLR3K,11,-1.9075,41,1.90755
ENSG00000161981,SNRNP25,17,-2.5082,99,2.50828
ENSG00000103152,MPG,30,-0.9415,59,0.94152
ENSG00000103148,NPRL3,26,-0.1874,29,0.18746
ENSG00000188536,HBA2,16798,17.4422,0,-17.442
ENSG00000206172,HBA1,8763,12.4191,1,-12.419
ENSG00000007392,LUC7L,39,0.09480,36,-0.0948
ENSG00000242173,ARHGDIG,121,-0.9329,232,0.93299
ENSG00000086504,MRPL28,24,-2.0804,104,2.08045
ENSG00000103202,NME4,86,1.55295,29,-1.5529
ENSG00000090565,RAB11FIP3,29,-0.5837,44,0.58374
ENSG00000007541,PIGQ,23,-0.7231,38,0.72316
ENSG00000197562,RAB40C,18,-1.0840,40,1.08401
ENSG00000130731,METTL26,42,-1.6637,133,1.66376
ENSG00000172366,MCRIP2,16,-1.4569,44,1.45690
ENSG00000140983,RHOT2,8,-1.7179,28,1.71791
ENSG00000103269,RHBDL1,5,-2.4998,32,2.49988
ENSG00000103266,STUB1,127,-0.5989,192,0.59890
ENSG00000127585,FBXL16,261,-0.8393,467,0.83933
ENSG00000103260,METRN,148,-0.1729,166,0.17290
ENSG00000103254,ANTKMT,28,-1.8324,102,1.83243
ENSG00000103253,HAGHL,7,-2.4850,41,2.48509
ENSG00000103245,CIAO3,0,-5.8690,27,5.86906
ENSG00000260807,AC009041.2,25,-0.5400,37,0.54005
ENSG00000005513,SOX8,18,-1.0498,39,1.04989
ENSG00000103275,UBE2I,53,-0.8759,97,0.87594
ENSG00000007516,BAIAP3,35,-1.8625,128,1.86258
ENSG00000007520,TSR3,35,-0.4990,49,0.49906
ENSG00000090581,GNPTG,9,-3.0767,82,3.07679
ENSG00000103249,CLCN7,14,-1.6045,44,1.60454
ENSG00000138834,MAPK8IP3,91,-0.8303,162,0.83039
ENSG00000103024,NME3,79,-0.3846,104,0.38463
ENSG00000074071,MRPS34,40,-1.0211,81,1.02112
ENSG00000162032,SPSB3,23,-0.9738,47,0.97382
ENSG00000095906,NUBP2,19,-1.0878,40,1.08788
ENSG00000063854,HAGH,39,-1.7499,131,1.74990
ENSG00000180185,FAHD1,47,0.31291,38,-0.3129
ENSG00000140990,NDUFB10,164,-0.3296,206,0.32965
ENSG00000140988,RPS2,828,0.96631,424,-0.9663
ENSG00000255198,SNHG9,76,0.53672,52,-0.5367
ENSG00000127561,SYNGR3,83,-1.2676,200,1.26761
ENSG00000065054,SLC9A3R2,151,2.22475,32,-2.2247
ENSG00000065057,NTHL1,13,-1.3939,34,1.39397
ENSG00000103197,TSC2,34,-0.5508,49,0.55084
ENSG00000008710,PKD1,36,-1.0124,74,1.01242
ENSG00000167964,RAB26,17,-1.4058,45,1.40588
ENSG00000260260,SNHG19,61,0.94885,31,-0.9488
ENSG00000167971,CASKIN1,56,-0.7081,92,0.70817
ENSG00000167965,MLST8,32,-1.0543,68,1.05437
ENSG00000184207,PGP,10,-3.5649,121,3.56498
ENSG00000167969,ECI1,45,-0.0302,46,0.03023
ENSG00000205937,RNPS1,112,-0.7209,185,0.72093
ENSG00000167972,ABCA3,37,-1.3248,92,1.32482
ENSG00000162065,TBC1D24,6,-3.0203,52,3.02031
ENSG00000185883,ATP6V0C,425,-1.0668,891,1.06682
ENSG00000140992,PDPK1,41,-1.1712,94,1.17124
ENSG00000167978,SRRM2,201,0.71613,122,-0.7161
ENSG00000103363,ELOB,475,-0.1715,535,0.17159
ENSG00000162076,FLYWCH2,2,-3.2122,24,3.21229
ENSG00000059122,FLYWCH1,35,-0.1108,38,0.11082
ENSG00000162073,PAQR4,24,-0.1831,27,0.18319
ENSG00000103145,HCFC1R1,94,-0.7250,155,0.72505
ENSG00000122390,NAA60,31,-0.0710,32,0.07107
ENSG00000103351,CLUAP1,22,-0.5833,33,0.58333
ENSG00000126602,TRAP1,61,-0.6007,93,0.60078
ENSG00000005339,CREBBP,122,1.03880,59,-1.0388
ENSG00000217930,PAM16,60,-0.1685,68,0.16854
ENSG00000103423,DNAJA3,28,-0.7790,48,0.77902
ENSG00000153406,NMRAL1,56,0.44798,41,-0.4479
ENSG00000103415,HMOX2,42,-1.2198,98,1.21981
ENSG00000089486,CDIP1,92,-1.1071,199,1.10717
ENSG00000153443,UBALD1,30,-0.2377,35,0.23779
ENSG00000102858,MGRN1,10,-2.0553,41,2.05537
ENSG00000168101,NUDT16L1,27,-1.1828,63,1.18286
ENSG00000067836,ROGDI,70,-0.8361,125,0.83615
ENSG00000140632,GLYR1,48,-1.1713,108,1.17130
ENSG00000103184,SEC14L5,3,-3.0381,28,3.03819
ENSG00000103174,NAGPA,12,-1.7165,40,1.71655
ENSG00000078328,RBFOX1,69,-2.2865,339,2.28654
ENSG00000183044,ABAT,44,-2.1761,201,2.17619
ENSG00000153048,CARHSP1,77,1.70368,23,-1.7036
ENSG00000187555,USP7,105,0.07753,100,-0.0775
ENSG00000182831,C16orf72,13,-1.4566,36,1.45660
ENSG00000183454,GRIN2A,105,-1.5459,309,1.54592
ENSG00000182108,DEXI,13,-2.6041,80,2.60416
ENSG00000184602,SNN,44,-2.0624,186,2.06245
ENSG00000122299,ZC3H7A,51,0.65038,32,-0.6503
ENSG00000171490,RSL1D1,102,0.31271,82,-0.3127
ENSG00000103342,GSPT1,167,0.94450,87,-0.9445
ENSG00000237515,SHISA9,3,-4.1567,57,4.15673
ENSG00000186260,MRTFB,143,-0.9173,270,0.91730
ENSG00000140694,PARN,31,0.31215,25,-0.3121
ENSG00000103512,NOMO1,44,-0.5007,62,0.50071
ENSG00000179889,PDXDC1,49,-0.2205,57,0.22053
ENSG00000157045,NTAN1,67,1.03895,32,-1.0389
ENSG00000085721,RRN3,51,0.60974,33,-0.6097
ENSG00000166780,BMERB1,58,-2.1610,263,2.16106
ENSG00000166783,MARF1,128,0.21397,110,-0.2139
ENSG00000133393,FOPNL,43,0.26672,36,-0.2667
ENSG00000134419,RPS15A,1222,1.58012,408,-1.5801
ENSG00000170540,ARL6IP1,314,-1.0135,634,1.01356
ENSG00000157106,SMG1,144,1.24148,61,-1.2414
ENSG00000103528,SYT17,20,-1.3950,54,1.39503
ENSG00000006007,GDE1,72,-0.6120,111,0.61206
ENSG00000103540,CCP110,21,-1.4772,60,1.47724
ENSG00000103544,VPS35L,48,-0.1459,53,0.14597
ENSG00000167191,GPRC5B,256,0.36684,198,-0.3668
ENSG00000066654,THUMPD1,69,0.48744,49,-0.4874
ENSG00000102897,LYRM1,51,0.35956,40,-0.3595
ENSG00000103316,CRYM,28,-2.7542,194,2.75424
ENSG00000197006,METTL9,135,0.19482,118,-0.1948
ENSG00000140740,UQCRC2,116,-0.7504,196,0.75045
ENSG00000185716,MOSMO,64,-0.5653,96,0.56533
ENSG00000122254,HS3ST2,0,-5.4744,20,5.47448
ENSG00000103404,USP31,24,-0.0400,25,0.04001
ENSG00000103365,GGA2,42,0.61333,27,-0.6133
ENSG00000103353,UBFD1,30,-0.9626,59,0.96269
ENSG00000004779,NDUFAB1,72,-1.9758,283,1.97583
ENSG00000166847,DCTN5,70,-0.4696,97,0.46963
ENSG00000166501,PRKCB,263,-1.0727,554,1.07270
ENSG00000006116,CACNG3,34,-1.7377,113,1.73776
ENSG00000122257,RBBP6,46,0.24474,39,-0.2447
ENSG00000090905,TNRC6A,69,0.05558,67,-0.0555
ENSG00000205629,LCMT1,29,-1.2407,68,1.24073
ENSG00000169189,NSMCE1,25,-0.3858,33,0.38589
ENSG00000077235,GTF3C1,64,-0.2009,74,0.20098
ENSG00000169180,XPO6,19,-1.6569,60,1.65694
ENSG00000176046,NUPR1,158,2.53843,27,-2.5384
ENSG00000196502,SULT1A1,35,0.30621,28,-0.3062
ENSG00000168488,ATXN2L,36,-0.3398,45,0.33983
ENSG00000178952,TUFM,112,-0.4814,156,0.48148
ENSG00000178188,SH2B1,32,-0.4299,44,0.42992
ENSG00000176953,NFATC2IP,41,0.61033,27,-0.6103
ENSG00000079616,KIF22,40,-0.0352,41,0.03528
ENSG00000103495,MAZ,78,-0.0118,79,0.01187
ENSG00000167371,PRRT2,74,-0.8635,136,0.86357
ENSG00000103502,CDIPT,56,-0.9423,108,0.94238
ENSG00000174938,SEZ6L2,98,-1.8837,363,1.88379
ENSG00000174939,ASPHD1,28,-1.3830,75,1.38307
ENSG00000174943,KCTD13,4,-2.8701,34,2.87010
ENSG00000149932,TMEM219,79,-0.2808,96,0.28089
ENSG00000149930,TAOK2,33,-0.2212,39,0.22127
ENSG00000149929,HIRIP3,27,-0.1906,31,0.19068
ENSG00000169592,INO80E,37,0.10183,35,-0.1018
ENSG00000149927,DOC2A,35,-2.1354,156,2.13547
ENSG00000149926,TLCD3B,12,-1.7905,44,1.79050
ENSG00000149925,ALDOA,42,-0.8741,78,0.87412
ENSG00000149923,PPP4C,32,-0.2110,38,0.21107
ENSG00000090238,YPEL3,168,-0.9346,321,0.93461
ENSG00000102882,MAPK3,82,-0.8986,153,0.89864
ENSG00000102879,CORO1A,23,-1.4672,63,1.46724
ENSG00000169217,CD2BP2,34,-0.5626,51,0.56262
ENSG00000169221,TBC1D10B,20,-0.8607,37,0.86076
ENSG00000179965,ZNF771,20,-1.3853,52,1.38537
ENSG00000179958,DCTPP1,3,-3.5096,36,3.50961
ENSG00000179918,SEPHS2,43,-0.5391,63,0.53910
ENSG00000156873,PHKG2,14,-0.8547,26,0.85471
ENSG00000103549,RNF40,16,-1.2577,40,1.25772
ENSG00000099364,FBXL19,42,0.36135,33,-0.3613
ENSG00000099365,STX1B,43,-2.0445,179,2.04457
ENSG00000103496,STX4,50,0.53235,35,-0.5323
ENSG00000167397,VKORC1,55,0.51442,39,-0.5144
ENSG00000103507,BCKDK,27,-0.7075,45,0.70759
ENSG00000103510,KAT8,53,0.25387,44,-0.2538
ENSG00000089280,FUS,93,-0.9041,174,0.90415
ENSG00000140688,C16orf58,26,-0.7882,45,0.78826
ENSG00000069329,VPS35,117,-1.1939,269,1.19394
ENSG00000155330,C16orf87,18,-0.5346,27,0.53462
ENSG00000166123,GPT2,19,-1.3373,49,1.33730
ENSG00000069345,DNAJA2,75,-0.8526,136,0.85269
ENSG00000171208,NETO2,10,-2.1309,48,2.13092
ENSG00000129636,ITFG1,88,-1.5779,263,1.57792
ENSG00000102893,PHKB,39,-0.4802,55,0.48022
ENSG00000102910,LONP2,84,0.10658,78,-0.1065
ENSG00000196470,SIAH1,16,-1.1652,38,1.16521
ENSG00000102921,N4BP1,11,-1.3732,29,1.37328
ENSG00000121274,TENT4B,0,-6.1048,32,6.10480
ENSG00000166164,BRD7,71,0.51424,49,-0.5142
ENSG00000083799,CYLD,124,0.65283,79,-0.6528
ENSG00000177200,CHD9,99,0.55152,67,-0.5515
ENSG00000103479,RBL2,71,1.13546,32,-1.1354
ENSG00000166971,AKTIP,66,-0.4282,89,0.42827
ENSG00000140718,FTO,38,-1.2529,90,1.25298
ENSG00000087258,GNAO1,152,-1.3260,381,1.32602
ENSG00000159461,AMFR,80,-0.2123,93,0.21233
ENSG00000167005,NUDT21,107,-0.5805,161,0.58058
ENSG00000087263,OGFOD1,58,1.09463,27,-1.0946
ENSG00000125124,BBS2,52,-0.3032,64,0.30329
ENSG00000087250,MT3,3221,-0.1513,3577,0.15139
ENSG00000125148,MT2A,1402,1.23711,595,-1.2371
ENSG00000169715,MT1E,413,-0.1276,451,0.12760
ENSG00000205364,MT1M,197,0.41365,148,-0.4136
ENSG00000198417,MT1F,131,1.08132,62,-1.0813
ENSG00000125144,MT1G,353,1.12056,162,-1.1205
ENSG00000187193,MT1X,93,-0.5205,134,0.52052
ENSG00000102900,NUP93,26,-0.1025,28,0.10256
ENSG00000051108,HERPUD1,171,0.99952,85,-0.9995
ENSG00000172775,FAM192A,114,0.50502,80,-0.5050
ENSG00000102931,ARL2BP,51,-0.6050,78,0.60509
ENSG00000102934,PLLP,91,1.38095,35,-1.3809
ENSG00000006210,CX3CL1,108,0.01254,107,-0.0125
ENSG00000005194,CIAPIN1,40,-0.2701,49,0.27018
ENSG00000088682,COQ9,35,0.00043,35,-0.0004
ENSG00000102978,POLR2C,23,-1.3017,57,1.30179
ENSG00000205336,ADGRG1,65,-0.8274,115,0.82747
ENSG00000140854,KATNB1,1,-4.3456,31,4.34566
ENSG00000140859,KIFC3,16,-0.9231,31,0.92313
ENSG00000103005,USB1,5,-2.8739,37,2.87397
ENSG00000070761,CFAP20,2,-4.6242,59,4.62420
ENSG00000070770,CSNK2A2,27,-0.4503,37,0.45034
ENSG00000103034,NDRG4,216,-1.3629,556,1.36292
ENSG00000125107,CNOT1,56,0.16609,50,-0.1660
ENSG00000125166,GOT2,57,-1.2042,132,1.20427
ENSG00000150394,CDH8,26,-1.6878,85,1.68781
ENSG00000166548,TK2,55,0.41244,41,-0.4124
ENSG00000183723,CMTM4,45,-1.1680,102,1.16809
ENSG00000135720,DYNC1LI2,114,-0.5125,163,0.51251
ENSG00000159593,NAE1,49,-0.3061,61,0.30616
ENSG00000172840,PDP2,21,-0.3261,27,0.32617
ENSG00000166595,CIAO2B,79,-0.8382,141,0.83828
ENSG00000125149,C16orf70,19,-0.9732,38,0.97329
ENSG00000140939,NOL3,15,-0.6143,24,0.61437
ENSG00000205250,E2F4,19,-0.4726,27,0.47269
ENSG00000168701,TMEM208,32,-0.8476,57,0.84762
ENSG00000159713,TPPP3,159,2.40973,29,-2.4097
ENSG00000159720,ATP6V0D1,107,-1.1701,242,1.17019
ENSG00000039523,RIPOR1,42,-0.7319,70,0.73194
ENSG00000102974,CTCF,36,0.17316,32,-0.1731
ENSG00000159753,CARMIL2,25,-0.6286,39,0.62869
ENSG00000102977,ACD,10,-1.3030,25,1.30306
ENSG00000102981,PARD6A,20,-1.1339,45,1.13392
ENSG00000141098,GFOD2,26,-0.4089,34,0.40898
ENSG00000168286,THAP11,7,-1.9755,29,1.97550
ENSG00000102898,NUTF2,95,0.18920,83,-0.1892
ENSG00000038358,EDC4,38,-0.6140,58,0.61403
ENSG00000205220,PSMB10,72,0.05398,70,-0.0539
ENSG00000132600,PRMT7,5,-2.5140,28,2.51406
ENSG00000184939,ZFP90,14,-1.2808,34,1.28086
ENSG00000141076,UTP4,22,-0.1867,25,0.18670
ENSG00000168807,SNTB2,11,-1.1473,25,1.14734
ENSG00000132612,VPS4A,24,-2.3207,120,2.32071
ENSG00000132604,TERF2,67,0.09850,63,-0.0985
ENSG00000103018,CYB5B,84,0.01888,82,-0.0188
ENSG00000102908,NFAT5,94,1.69779,29,-1.6977
ENSG00000181019,NQO1,83,0.78878,48,-0.7887
ENSG00000198373,WWP2,50,0.93959,26,-0.9395
ENSG00000090857,PDPR,34,0.33766,27,-0.3376
ENSG00000223496,EXOSC6,32,-1.9109,121,1.91090
ENSG00000090861,AARS,105,-0.6061,161,0.60619
ENSG00000168872,DDX19A,23,-0.3854,30,0.38543
ENSG00000103051,COG4,27,-0.2454,32,0.24542
ENSG00000189091,SF3B3,53,0.29182,43,-0.2918
ENSG00000132613,MTSS2,55,0.62907,36,-0.6290
ENSG00000103043,VAC14,20,-0.3589,25,0.35898
ENSG00000172137,CALB2,20,-0.7043,33,0.70433
ENSG00000040199,PHLPP2,22,-0.9116,42,0.91169
ENSG00000166747,AP1G1,66,0.19899,58,-0.1989
ENSG00000182149,IST1,66,0.21855,57,-0.2185
ENSG00000140829,DHX38,46,0.78333,26,-0.7833
ENSG00000103035,PSMD7,51,-1.2350,120,1.23504
ENSG00000090863,GLG1,173,0.55512,118,-0.5551
ENSG00000186187,ZNRF1,3,-3.4850,43,3.48507
ENSG00000184517,ZFP1,2,-3.5859,28,3.58593
ENSG00000050820,BCAR1,39,-0.5650,59,0.56509
ENSG00000153774,CFDP1,135,0.74200,80,-0.7420
ENSG00000034713,GABARAPL2,161,-1.2212,376,1.22125
ENSG00000065427,KARS,49,-0.3258,62,0.32582
ENSG00000166848,TERF2IP,169,-1.2537,403,1.25379
ENSG00000152910,CNTNAP4,25,-0.8128,45,0.81289
ENSG00000103111,MON1B,32,-0.3132,39,0.31320
ENSG00000171724,VAT1L,29,-0.5178,41,0.51787
ENSG00000178573,MAF,112,1.12941,51,-1.1294
ENSG00000166446,CDYL2,51,0.42415,38,-0.4241
ENSG00000103121,CMC2,68,0.16381,61,-0.1638
ENSG00000166454,ATMIN,63,-0.4239,84,0.42396
ENSG00000140905,GCSH,129,0.55042,88,-0.5504
ENSG00000153815,CMIP,64,-0.8669,117,0.86698
ENSG00000197943,PLCG2,3970,3.08168,469,-3.0816
ENSG00000135698,MPHOSPH6,34,-0.6530,53,0.65307
ENSG00000140945,CDH13,40,-1.2812,97,1.28122
ENSG00000230989,HSBP1,229,0.12185,211,-0.1218
ENSG00000103154,NECAB2,37,-0.0797,39,0.07972
ENSG00000140943,MBTPS1,52,-0.2344,62,0.23444
ENSG00000103160,HSDL1,20,-1.6433,63,1.64339
ENSG00000103187,COTL1,67,0.16557,59,-0.1655
ENSG00000135686,KLHL36,22,-0.3286,27,0.32863
ENSG00000103194,USP10,60,-0.2868,73,0.28687
ENSG00000153786,ZDHHC7,6,-1.8544,23,1.85444
ENSG00000135709,KIAA0513,78,-1.0424,161,1.04244
ENSG00000131148,EMC8,1,-4.4852,27,4.48529
ENSG00000131143,COX4I1,640,-0.3802,833,0.38026
ENSG00000103264,FBXO31,41,-0.1697,46,0.16973
ENSG00000140941,MAP1LC3B,194,-0.6362,302,0.63627
ENSG00000140948,ZCCHC14,53,0.63275,34,-0.6327
ENSG00000154118,JPH3,42,-1.6064,129,1.60648
ENSG00000103257,SLC7A5,161,1.90093,43,-1.9009
ENSG00000179588,ZFPM1,32,0.15415,29,-0.1541
ENSG00000167508,MVD,65,0.75318,38,-0.7531
ENSG00000198931,APRT,26,-0.9591,51,0.95914
ENSG00000167515,TRAPPC2L,29,-1.3729,75,1.37293
ENSG00000167522,ANKRD11,60,-0.6893,98,0.68939
ENSG00000197912,SPG7,20,-2.0313,84,2.03134
ENSG00000167526,RPL13,2578,1.41197,969,-1.4119
ENSG00000131165,CHMP1A,21,-1.3741,55,1.37415
ENSG00000185324,CDK10,14,-0.8275,25,0.82751
ENSG00000075399,VPS9D1,22,-0.7671,37,0.76717
ENSG00000141002,TCF25,61,-1.1126,132,1.11265
ENSG00000258947,TUBB3,57,-2.5335,335,2.53352
ENSG00000140995,DEF8,24,-1.3469,61,1.34694
ENSG00000003249,DBNDD1,48,-0.8406,87,0.84064
ENSG00000187624,C17orf97,5,-2.2876,27,2.28762
ENSG00000141252,VPS53,45,-0.3800,59,0.38003
ENSG00000167699,GLOD4,31,-1.0099,64,1.00994
ENSG00000177370,TIMM22,5,-2.5985,33,2.59858
ENSG00000159842,ABR,131,-1.0343,270,1.03430
ENSG00000108953,YWHAE,727,0.26180,606,-0.2618
ENSG00000167193,CRK,71,-0.3623,91,0.36232
ENSG00000174238,PITPNA,35,-1.9212,132,1.92120
ENSG00000167703,SLC43A2,35,-0.4081,46,0.40818
ENSG00000167705,RILP,13,-0.8603,24,0.86039
ENSG00000174231,PRPF8,137,-0.0323,140,0.03230
ENSG00000132386,SERPINF1,13,-2.5773,82,2.57731
ENSG00000132383,RPA1,22,-1.2618,53,1.26180
ENSG00000185924,RTN4RL1,1,-4.5194,28,4.51942
ENSG00000141258,SGSM2,33,-0.5847,50,0.58478
ENSG00000070444,MNT,25,-0.3218,31,0.32186
ENSG00000007168,PAFAH1B1,171,-1.2545,408,1.25451
ENSG00000132361,CLUH,1,-5.4595,47,5.45956
ENSG00000132359,RAP1GAP2,6,-3.6074,74,3.60749
ENSG00000127774,EMC6,35,-0.6620,55,0.66207
ENSG00000083457,ITGAE,0,-5.9741,35,5.97418
ENSG00000004660,CAMKK1,67,-0.9063,126,0.90637
ENSG00000167740,CYB5D2,32,-0.2089,37,0.20897
ENSG00000185722,ANKFY1,36,0.32756,29,-0.3275
ENSG00000132388,UBE2G1,23,-1.2990,58,1.29907
ENSG00000183018,SPNS2,25,-0.2361,30,0.23611
ENSG00000132382,MYBBP1A,43,-0.0676,45,0.06768
ENSG00000141456,PELP1,35,-0.2019,41,0.20199
ENSG00000141480,ARRB2,70,0.29373,57,-0.2937
ENSG00000142507,PSMB6,91,-0.5495,133,0.54952
ENSG00000141503,MINK1,43,-0.5952,65,0.59529
ENSG00000108528,SLC25A11,28,-2.1578,128,2.15781
ENSG00000108523,RNF167,6,-3.5509,79,3.55090
ENSG00000108518,PFN1,327,0.94958,169,-0.9495
ENSG00000091640,SPAG7,51,0.02574,50,-0.0257
ENSG00000108509,CAMTA2,46,-0.8990,85,0.89909
ENSG00000129250,KIF1C,92,1.85713,25,-1.8571
ENSG00000029725,RABEP1,110,-0.1710,124,0.17102
ENSG00000129197,RPAIN,47,-0.6153,72,0.61533
ENSG00000108561,C1QBP,64,-1.4492,175,1.44923
ENSG00000005100,DHX33,29,0.28652,24,-0.2865
ENSG00000091592,NLRP1,15,-1.3614,40,1.36145
ENSG00000091622,PITPNM3,29,-1.0496,61,1.04961
ENSG00000129235,TXNDC17,72,0.06969,68,-0.0696
ENSG00000108590,MED31,12,-1.7705,43,1.77053
ENSG00000219200,RNASEK,273,-0.7349,454,0.73493
ENSG00000258315,C17orf49,31,-0.6634,49,0.66343
ENSG00000132535,DLG4,11,-3.1263,96,3.12631
ENSG00000072778,ACADVL,89,0.45154,65,-0.4515
ENSG00000040633,PHF23,15,-1.2125,35,1.21257
ENSG00000170296,GABARAP,459,0.19413,401,-0.1941
ENSG00000175826,CTDNEP1,42,-0.9252,80,0.92521
ENSG00000170291,ELP5,19,-0.6419,30,0.64190
ENSG00000132507,EIF5A,128,-0.0007,128,0.00078
ENSG00000132522,GPS2,101,1.36764,39,-1.3676
ENSG00000215041,NEURL4,12,-1.3475,31,1.34756
ENSG00000205544,TMEM256,125,0.81393,71,-0.8139
ENSG00000169992,NLGN2,40,-0.5227,58,0.52276
ENSG00000174282,ZBTB4,55,-0.9268,105,0.92683
ENSG00000181222,POLR2A,79,-0.4827,111,0.48276
ENSG00000239697,TNFSF12,41,-0.0791,43,0.07912
ENSG00000161960,EIF4A1,256,0.68886,158,-0.6888
ENSG00000129255,MPDU1,31,0.05965,30,-0.0596
ENSG00000129245,FXR2,53,-0.4597,74,0.45978
ENSG00000141504,SAT2,26,-1.7795,91,1.77959
ENSG00000129244,ATP1B2,193,-0.6534,304,0.65347
ENSG00000108947,EFNB3,3,-4.2725,62,4.27250
ENSG00000183011,NAA38,181,-1.0198,369,1.01984
ENSG00000170004,CHD3,70,-0.0042,70,0.00423
ENSG00000170043,TRAPPC1,88,-0.0415,91,0.04150
ENSG00000179094,PER1,56,0.67439,35,-0.6743
ENSG00000220205,VAMP2,232,-1.4872,651,1.48722
ENSG00000161970,RPL26,1771,1.31090,714,-1.3109
ENSG00000166579,NDEL1,27,-2.0892,115,2.08926
ENSG00000133026,MYH10,104,-0.4628,143,0.46289
ENSG00000170310,STX8,61,0.31979,49,-0.3197
ENSG00000007237,GAS7,119,-0.8032,208,0.80326
ENSG00000133028,SCO1,28,-0.0823,29,0.08236
ENSG00000065559,MAP2K4,69,-1.3247,173,1.32479
ENSG00000006740,ARHGAP44,23,-1.0665,49,1.06655
ENSG00000006744,ELAC2,13,-1.2509,31,1.25095
ENSG00000109099,PMP22,109,0.63348,70,-0.6334
ENSG00000214941,ZSWIM7,49,0.50078,35,-0.5007
ENSG00000011295,TTC19,64,0.06825,61,-0.0682
ENSG00000141027,NCOR1,162,0.77567,94,-0.7756
ENSG00000166582,CENPV,21,-1.2052,50,1.20528
ENSG00000170315,UBB,1005,-0.4892,1411,0.48922
ENSG00000175061,SNHG29,230,0.57164,154,-0.5716
ENSG00000170160,CCDC144A,95,1.80592,27,-1.8059
ENSG00000133030,MPRIP,112,-0.6425,175,0.64250
ENSG00000154803,FLCN,41,0.48054,29,-0.4805
ENSG00000141030,COPS3,28,-1.5408,82,1.54087
ENSG00000108551,RASD1,121,-0.7487,204,0.74874
ENSG00000108557,RAI1,13,-1.6393,41,1.63939
ENSG00000072310,SREBF1,24,-0.9088,45,0.90887
ENSG00000175662,TOM1L2,27,-2.0403,111,2.04032
ENSG00000108591,DRG2,38,0.45844,28,-0.4584
ENSG00000091542,ALKBH5,38,-1.4079,101,1.40799
ENSG00000177731,FLII,27,-0.3291,34,0.32917
ENSG00000273018,FAM106A,47,0.31006,38,-0.3100
ENSG00000141127,PRPSAP2,26,-0.6652,41,0.66523
ENSG00000072134,EPN2,30,-0.9379,58,0.93790
ENSG00000108641,B9D1,30,-0.1436,33,0.14369
ENSG00000128482,RNF112,16,-1.0506,33,1.05066
ENSG00000072210,ALDH3A2,84,0.34822,66,-0.3482
ENSG00000083290,ULK2,54,0.10354,50,-0.1035
ENSG00000108599,AKAP10,22,-0.9741,43,0.97412
ENSG00000128487,SPECC1,291,2.32309,58,-2.3230
ENSG00000124422,USP22,65,-2.0966,278,2.09661
ENSG00000212719,LINC02693,40,-0.3099,50,0.30992
ENSG00000256618,MTRNR2L1,178,0.87197,97,-0.8719
ENSG00000109046,WSB1,156,1.48418,55,-1.4841
ENSG00000232859,LYRM9,13,-1.5931,39,1.59312
ENSG00000087095,NLK,89,-0.9227,169,0.92273
ENSG00000109083,IFT20,38,0.34619,30,-0.3461
ENSG00000109079,TNFAIP1,12,-1.7149,40,1.71498
ENSG00000004142,POLDIP2,11,-2.4330,63,2.43303
ENSG00000109103,UNC119,12,-2.2157,58,2.21577
ENSG00000087111,PIGS,8,-1.7077,28,1.70775
ENSG00000109107,ALDOC,317,-1.3510,809,1.35102
ENSG00000007202,KIAA0100,59,0.24666,50,-0.2466
ENSG00000132581,SDF2,37,-0.1543,41,0.15432
ENSG00000109111,SUPT6H,64,0.11730,59,-0.1173
ENSG00000198242,RPL23A,1375,1.40391,519,-1.4039
ENSG00000132591,ERAL1,46,0.74175,27,-0.7417
ENSG00000132589,FLOT2,69,-0.3933,90,0.39334
ENSG00000063015,SEZ6,5,-2.3081,28,2.30810
ENSG00000108256,NUFIP2,69,-0.1818,78,0.18183
ENSG00000160551,TAOK1,120,-0.1519,134,0.15191
ENSG00000108262,GIT1,36,-1.7271,122,1.72711
ENSG00000167549,CORO6,24,-0.2091,28,0.20916
ENSG00000126653,NSRP1,128,2.06393,30,-2.0639
ENSG00000108582,CPD,64,-0.0390,65,0.03900
ENSG00000108587,GOSR1,38,0.29942,30,-0.2994
ENSG00000196712,NF1,128,0.20167,111,-0.2016
ENSG00000126861,OMG,58,-1.3627,149,1.36279
ENSG00000126860,EVI2A,66,1.17865,29,-1.1786
ENSG00000131242,RAB11FIP4,46,-1.4748,130,1.47482
ENSG00000172301,COPRS,94,-0.9683,185,0.96830
ENSG00000178691,SUZ12,43,-0.1026,46,0.10266
ENSG00000126858,RHOT1,52,-0.7663,88,0.76637
ENSG00000108666,C17orf75,22,-0.6291,34,0.62913
ENSG00000010244,ZNF207,64,-0.3210,80,0.32106
ENSG00000108671,PSMD11,50,-0.1954,58,0.19545
ENSG00000176749,CDK5R1,73,-2.0723,308,2.07234
ENSG00000108684,ASIC2,10,-1.4360,29,1.43603
ENSG00000006125,AP2B1,188,-0.1565,210,0.15651
ENSG00000270647,TAF15,82,0.50213,58,-0.5021
ENSG00000273611,ZNHIT3,15,-2.2117,72,2.21175
ENSG00000278311,GGNBP2,69,-0.5148,99,0.51481
ENSG00000278540,ACACA,50,-0.0785,53,0.07853
ENSG00000276023,DUSP14,17,-0.7835,30,0.78358
ENSG00000275066,SYNRG,45,0.70758,27,-0.7075
ENSG00000278053,DDX52,52,1.28468,21,-1.2846
ENSG00000278845,MRPL45,13,-1.1721,29,1.17214
ENSG00000274211,SOCS7,37,0.26618,31,-0.2661
ENSG00000275832,ARHGAP23,26,-0.7839,45,0.78395
ENSG00000277363,SRCIN1,50,-0.3786,65,0.37863
ENSG00000275023,MLLT6,24,-0.8863,45,0.88638
ENSG00000277972,CISD3,30,-0.7353,50,0.73536
ENSG00000277791,PSMB3,59,-0.9139,112,0.91394
ENSG00000276293,PIP4K2B,92,-1.0867,196,1.08678
ENSG00000125691,RPL23,975,1.13926,442,-1.1392
ENSG00000002834,LASP1,65,-0.2836,79,0.28367
ENSG00000263874,LINC00672,34,-1.4095,91,1.40952
ENSG00000067191,CACNB1,4,-3.8445,66,3.84454
ENSG00000108298,RPL19,1308,1.48661,466,-1.4866
ENSG00000141750,STAC2,6,-2.7255,40,2.72555
ENSG00000108306,FBXL20,16,-0.9583,32,0.95837
ENSG00000171532,NEUROD2,19,-2.4359,107,2.43594
ENSG00000131771,PPP1R1B,123,0.44165,90,-0.4416
ENSG00000131748,STARD3,29,0.24254,24,-0.2425
ENSG00000141741,MIEN1,57,-0.6719,91,0.67199
ENSG00000172057,ORMDL3,27,-0.3565,34,0.35650
ENSG00000108344,PSMD3,11,-2.8280,84,2.82804
ENSG00000008838,MED24,47,0.47132,34,-0.4713
ENSG00000126351,THRA,153,-0.0359,157,0.03597
ENSG00000126368,NR1D1,16,-1.5761,49,1.57618
ENSG00000188895,MSL1,73,-0.4212,98,0.42127
ENSG00000108349,CASC3,36,-0.5385,53,0.53858
ENSG00000108352,RAPGEFL1,15,-1.2810,38,1.28106
ENSG00000171475,WIPF2,22,-2.3199,112,2.31999
ENSG00000073584,SMARCE1,68,0.50874,48,-0.5087
ENSG00000213424,KRT222,44,-0.7169,73,0.71696
ENSG00000186395,KRT10,60,-0.4935,85,0.49356
ENSG00000173812,EIF1,963,0.32553,768,-0.3255
ENSG00000141698,NT5C3B,70,-0.4930,99,0.49306
ENSG00000131473,ACLY,37,-0.8008,65,0.80089
ENSG00000173786,CNP,58,-1.3769,151,1.37699
ENSG00000168259,DNAJC7,102,-0.2827,124,0.28276
ENSG00000108773,KAT2A,30,-0.9783,60,0.97833
ENSG00000108774,RAB5C,80,-0.4714,111,0.47146
ENSG00000173757,STAT5B,38,0.39975,29,-0.3997
ENSG00000168610,STAT3,43,0.42546,32,-0.4254
ENSG00000033627,ATP6V0A1,157,-1.1268,344,1.12683
ENSG00000068120,COASY,10,-1.9947,40,1.99473
ENSG00000141699,RETREG3,11,-1.0711,24,1.07114
ENSG00000131462,TUBG1,6,-2.5536,35,2.55363
ENSG00000037042,TUBG2,23,-1.5170,68,1.51705
ENSG00000108797,CNTNAP1,62,-1.0990,134,1.09908
ENSG00000108799,EZH1,46,0.15207,42,-0.1520
ENSG00000131475,VPS25,42,0.22312,36,-0.2231
ENSG00000183978,COA3,100,-0.3823,130,0.38234
ENSG00000126581,BECN1,62,-0.2558,74,0.25582
ENSG00000131467,PSME3,60,-0.0888,64,0.08887
ENSG00000266967,AARSD1,28,-0.4525,39,0.45256
ENSG00000198863,RUNDC1,5,-2.6925,36,2.69253
ENSG00000131469,RPL27,1149,0.89337,619,-0.8933
ENSG00000188554,NBR1,71,-0.0062,72,0.00629
ENSG00000108861,DUSP3,53,-1.5815,158,1.58155
ENSG00000108852,MPP2,12,-1.8408,45,1.84089
ENSG00000091947,TMEM101,22,-0.2822,27,0.28225
ENSG00000161654,LSM12,40,0.44353,30,-0.4435
ENSG00000141349,G6PC3,39,0.08417,37,-0.0841
ENSG00000108840,HDAC5,49,-0.7400,82,0.74003
ENSG00000168591,TMUB2,60,0.54908,41,-0.5490
ENSG00000087152,ATXN7L3,46,-1.3563,117,1.35632
ENSG00000108312,UBTF,88,0.34200,70,-0.3420
ENSG00000108309,RUNDC3A,110,-1.5208,316,1.52088
ENSG00000013306,SLC25A39,40,0.24215,33,-0.2421
ENSG00000030582,GRN,71,0.36110,55,-0.3611
ENSG00000161682,FAM171A2,0,-5.3401,38,5.34018
ENSG00000186566,GPATCH8,28,0.11979,26,-0.1197
ENSG00000180329,CCDC43,27,-0.0909,29,0.09094
ENSG00000073670,ADAM11,4,-3.7206,55,3.72064
ENSG00000108883,EFTUD2,30,-1.1190,65,1.11908
ENSG00000131095,GFAP,4500,2.56727,759,-2.5672
ENSG00000131094,C1QL1,9,-1.6436,30,1.64363
ENSG00000136448,NMT1,31,-1.6509,99,1.65090
ENSG00000161714,PLCD3,43,0.90627,23,-0.9062
ENSG00000186834,HEXIM1,32,-1.1690,72,1.16900
ENSG00000184922,FMNL1,7,-1.7220,26,1.72204
ENSG00000186868,MAPT,83,-1.7769,285,1.77696
ENSG00000120071,KANSL1,148,1.76275,43,-1.7627
ENSG00000073969,NSF,268,-1.3620,689,1.36204
ENSG00000108433,GOSR2,58,0.65099,37,-0.6509
ENSG00000179673,RPRML,6,-2.1140,29,2.11407
ENSG00000004897,CDC27,115,0.62785,74,-0.6278
ENSG00000141279,NPEPPS,101,-0.7061,166,0.70617
ENSG00000108424,KPNB1,151,0.22436,130,-0.2243
ENSG00000159111,MRPL10,22,-0.8146,40,0.81461
ENSG00000108439,PNPO,43,0.00050,43,-0.0005
ENSG00000108465,CDK5RAP3,33,-0.0475,34,0.04759
ENSG00000082641,NFE2L1,103,-0.4540,141,0.45407
ENSG00000108468,CBX1,63,-0.4483,86,0.44831
ENSG00000136436,CALCOCO2,124,2.28702,25,-2.2870
ENSG00000159199,ATP5MC1,97,-1.3763,253,1.37630
ENSG00000159202,UBE2Z,69,-0.5800,103,0.58003
ENSG00000159210,SNF8,103,1.12559,47,-1.1255
ENSG00000167085,PHB,67,-0.2011,77,0.20116
ENSG00000121067,SPOP,88,0.35259,68,-0.3525
ENSG00000121073,SLC35B1,8,-2.2755,42,2.27557
ENSG00000136504,KAT7,61,0.30651,49,-0.3065
ENSG00000005882,PDK2,75,-0.4082,99,0.40824
ENSG00000108819,PPP1R9B,46,-0.6474,72,0.64742
ENSG00000108826,MRPL27,68,-0.2773,82,0.27730
ENSG00000108829,LRRC59,10,-2.0946,44,2.09460
ENSG00000006282,SPATA20,14,-0.7764,25,0.77640
ENSG00000154945,ANKRD40,100,0.58875,66,-0.5887
ENSG00000108848,LUC7L3,228,1.12189,104,-1.1218
ENSG00000141232,TOB1,128,1.90828,34,-1.9082
ENSG00000008294,SPAG9,203,0.48013,145,-0.4801
ENSG00000239672,NME1,32,-1.8121,113,1.81219
ENSG00000243678,NME2,125,-0.5492,182,0.54922
ENSG00000011260,UTP18,44,0.05494,43,-0.0549
ENSG00000154975,CA10,8,-3.6811,112,3.68110
ENSG00000166260,COX11,46,-0.5662,68,0.56629
ENSG00000108924,HLF,131,-0.6323,203,0.63233
ENSG00000108960,MMD,31,-1.1462,68,1.14621
ENSG00000153933,DGKE,67,0.34083,53,-0.3408
ENSG00000121064,SCPEP1,42,0.56328,28,-0.5632
ENSG00000121057,AKAP1,37,-0.1732,42,0.17329
ENSG00000153944,MSI2,63,0.02077,62,-0.0207
ENSG00000181610,MRPS23,27,-1.4163,73,1.41636
ENSG00000136450,SRSF1,57,-0.3314,72,0.33144
ENSG00000264364,DYNLL2,147,-1.1464,327,1.14648
ENSG00000005379,TSPOAP1,17,-1.6669,56,1.66698
ENSG00000213246,SUPT4H1,46,-0.7463,77,0.74639
ENSG00000108389,MTMR4,67,0.69793,41,-0.6979
ENSG00000108387,SEPTIN4,44,-1.1356,97,1.13567
ENSG00000108384,RAD51C,26,-0.6901,42,0.69010
ENSG00000175175,PPM1E,18,-0.9818,36,0.98187
ENSG00000108395,TRIM37,67,-1.5622,200,1.56225
ENSG00000182628,SKA2,101,1.72080,30,-1.7208
ENSG00000153982,GDPD1,20,-1.3585,53,1.35858
ENSG00000175155,YPEL2,31,-0.6825,50,0.68253
ENSG00000108406,DHX40,57,0.71608,34,-0.7160
ENSG00000141367,CLTC,459,-0.5465,670,0.54654
ENSG00000141378,PTRH2,2,-3.2183,23,3.21836
ENSG00000062716,VMP1,145,0.95137,75,-0.9513
ENSG00000108443,RPS6KB1,21,-0.7715,36,0.77158
ENSG00000170832,USP32,58,0.06806,55,-0.0680
ENSG00000062725,APPBP2,137,0.89616,73,-0.8961
ENSG00000141376,BCAS3,14,-1.5345,40,1.53458
ENSG00000108510,MED13,108,1.32115,43,-1.3211
ENSG00000146872,TLK2,100,1.53472,34,-1.5347
ENSG00000170921,TANC2,73,-0.3094,90,0.30943
ENSG00000008283,CYB561,13,-1.7777,47,1.77777
ENSG00000136485,DCAF7,38,-0.5437,56,0.54373
ENSG00000136463,TACO1,10,-1.4278,29,1.42785
ENSG00000266173,STRADA,22,-0.4595,30,0.45951
ENSG00000108588,CCDC47,89,0.02462,87,-0.0246
ENSG00000198231,DDX42,62,-0.4699,87,0.46993
ENSG00000087191,PSMC5,118,-0.5072,167,0.50722
ENSG00000266402,SNHG25,215,2.58268,35,-2.5826
ENSG00000136478,TEX2,61,0.09672,57,-0.0967
ENSG00000108654,DDX5,702,1.02076,346,-1.0207
ENSG00000120063,GNA13,99,2.12496,22,-2.1249
ENSG00000154229,PRKCA,236,0.61482,154,-0.6148
ENSG00000198265,HELZ,50,-0.1316,54,0.13165
ENSG00000197170,PSMD12,94,-0.3776,123,0.37763
ENSG00000154217,PITPNC1,39,-0.9743,77,0.97438
ENSG00000130935,NOL11,27,0.09048,25,-0.0904
ENSG00000171634,BPTF,261,1.88573,70,-1.8857
ENSG00000182481,KPNA2,15,-1.7396,51,1.73963
ENSG00000196704,AMZ2,88,-0.2168,103,0.21689
ENSG00000108946,PRKAR1A,369,-0.2244,431,0.22448
ENSG00000154265,ABCA5,77,0.72035,46,-0.7203
ENSG00000108984,MAP2K6,13,-0.7883,24,0.78833
ENSG00000125398,SOX9,54,-0.2415,64,0.24155
ENSG00000180616,SSTR2,14,-1.4312,40,1.43120
ENSG00000166685,COG1,18,-0.9870,36,0.98702
ENSG00000179604,CDC42EP4,97,1.32762,38,-1.3276
ENSG00000172809,RPL38,1717,0.72638,1038,-0.7263
ENSG00000141540,TTYH2,23,-0.8491,42,0.84910
ENSG00000109062,SLC9A3R1,36,-0.7264,60,0.72642
ENSG00000161509,GRIN2C,14,-1.3001,34,1.30011
ENSG00000167861,HID1,17,-1.2258,40,1.22587
ENSG00000167862,MRPL58,17,-0.7292,28,0.72929
ENSG00000180901,KCTD2,13,-2.6748,88,2.67482
ENSG00000167863,ATP5PD,212,-0.2780,258,0.27809
ENSG00000189159,JPT1,28,-2.0519,116,2.05198
ENSG00000188612,SUMO2,282,0.01231,280,-0.0123
ENSG00000125447,GGA3,23,-1.0339,47,1.03398
ENSG00000125445,MRPS7,66,-0.4667,92,0.46675
ENSG00000177885,GRB2,105,-0.4151,140,0.41510
ENSG00000177728,TMEM94,47,-0.0299,48,0.02993
ENSG00000161526,SAP30BP,75,0.92318,39,-0.9231
ENSG00000132475,H3F3B,623,1.33179,247,-1.3317
ENSG00000132471,WBP2,195,-1.0056,392,1.00560
ENSG00000204316,MRPL38,38,-0.5915,57,0.59150
ENSG00000161533,ACOX1,49,0.02836,48,-0.0283
ENSG00000167881,SRP68,59,-0.3883,77,0.38832
ENSG00000182473,EXOC7,61,0.11191,56,-0.1119
ENSG00000141576,RNF157,47,-1.1019,101,1.10190
ENSG00000185262,UBALD2,49,0.39235,37,-0.3923
ENSG00000161542,PRPSAP1,73,0.97067,37,-0.9706
ENSG00000175931,UBE2O,5,-3.5461,60,3.54619
ENSG00000182534,MXRA7,131,-0.1924,150,0.19248
ENSG00000161547,SRSF2,95,-0.3649,123,0.36490
ENSG00000167889,MGAT5B,1,-5.6915,68,5.69150
ENSG00000129657,SEC14L1,125,0.66697,78,-0.6669
ENSG00000184640,SEPTIN9,50,-0.1684,56,0.16848
ENSG00000078687,TNRC6C,82,0.63280,53,-0.6328
ENSG00000183077,AFMID,22,-0.3493,28,0.34931
ENSG00000087157,PGS1,35,0.38132,26,-0.3813
ENSG00000108669,CYTH1,48,0.25748,40,-0.2574
ENSG00000035862,TIMP2,212,0.30622,171,-0.3062
ENSG00000171302,CANT1,10,-1.3370,27,1.33704
ENSG00000167281,RBFOX3,6,-4.3504,131,4.35041
ENSG00000141582,CBX4,16,-1.5832,49,1.58324
ENSG00000171298,GAA,30,-0.0403,31,0.04034
ENSG00000141543,EIF4A3,30,-0.5697,45,0.56975
ENSG00000181045,SLC26A11,6,-2.0229,24,2.02297
ENSG00000171246,NPTX1,63,-2.3836,329,2.38363
ENSG00000226137,BAIAP2-DT,7,-1.8293,28,1.82939
ENSG00000175866,BAIAP2,59,-1.5711,175,1.57115
ENSG00000181409,AATK,13,-2.7058,85,2.70583
ENSG00000224877,NDUFAF8,132,-0.1732,149,0.17327
ENSG00000157637,SLC38A10,95,1.42798,35,-1.4279
ENSG00000184009,ACTG1,847,-0.4006,1118,0.40065
ENSG00000182446,NPLOC4,32,-0.3243,41,0.32430
ENSG00000204237,OXLD1,25,-0.4919,35,0.49196
ENSG00000214087,ARL16,22,-0.8946,42,0.89461
ENSG00000185359,HGS,44,-0.7457,74,0.74573
ENSG00000262814,MRPL12,75,-0.2365,89,0.23652
ENSG00000225663,MCRIP1,71,-0.7776,121,0.77762
ENSG00000185624,P4HB,98,0.09129,92,-0.0912
ENSG00000141522,ARHGDIA,136,0.08806,127,-0.0880
ENSG00000141552,ANAPC11,66,-1.2145,153,1.21456
ENSG00000185813,PCYT2,20,-1.4497,55,1.44971
ENSG00000197063,MAFG,14,-1.3683,38,1.36830
ENSG00000169689,CENPX,46,-0.2888,56,0.28888
ENSG00000169750,RAC3,2,-3.7617,28,3.76178
ENSG00000169738,DCXR,52,-0.7460,88,0.74602
ENSG00000169733,RFNG,33,0.03932,32,-0.0393
ENSG00000169727,GPS1,24,-1.6427,77,1.64271
ENSG00000169718,DUS1L,8,-2.0146,33,2.01462
ENSG00000169710,FASN,70,-0.8834,130,0.88345
ENSG00000141551,CSNK1D,43,-0.6115,66,0.61157
ENSG00000141562,NARF,29,-0.6627,47,0.66271
ENSG00000141568,FOXK2,39,-0.3628,51,0.36280
ENSG00000141580,WDR45B,35,-0.9555,68,0.95552
ENSG00000141542,RAB40B,111,0.12097,102,-0.1209
ENSG00000141560,FN3KRP,31,-0.5287,45,0.52871
ENSG00000141556,TBCD,10,-2.0997,46,2.09971
ENSG00000101557,USP14,85,-0.1817,96,0.18175
ENSG00000101596,SMCHD1,108,1.57751,36,-1.5775
ENSG00000101577,LPIN2,31,-0.8423,56,0.84233
ENSG00000118680,MYL12B,305,0.34295,240,-0.3429
ENSG00000170579,DLGAP1,78,-1.8112,274,1.81121
ENSG00000263753,LINC00667,49,-0.1005,53,0.10051
ENSG00000082397,EPB41L3,93,-0.9442,179,0.94424
ENSG00000206432,TMEM200C,10,-1.2130,23,1.21308
ENSG00000173482,PTPRM,106,1.02818,52,-1.0281
ENSG00000206418,RAB12,29,-0.8097,51,0.80974
ENSG00000168502,MTCL1,7,-2.1082,33,2.10827
ENSG00000178127,NDUFV2,78,-1.1931,179,1.19311
ENSG00000101745,ANKRD12,503,1.36797,195,-1.3679
ENSG00000017797,RALBP1,133,0.43608,98,-0.4360
ENSG00000168461,RAB31,116,0.71343,71,-0.7134
ENSG00000101558,VAPA,191,-0.5105,272,0.51055
ENSG00000154856,APCDD1,42,0.01524,42,-0.0152
ENSG00000134265,NAPG,71,-0.9017,133,0.90178
ENSG00000141404,GNAL,71,0.15799,63,-0.1579
ENSG00000255112,CHMP1B,98,0.24111,83,-0.2411
ENSG00000141385,AFG3L2,46,-0.4090,61,0.40905
ENSG00000134278,SPIRE1,80,-0.2738,97,0.27383
ENSG00000128789,PSMG2,88,0.48423,63,-0.4842
ENSG00000085415,SEH1L,21,-1.4750,58,1.47501
ENSG00000168675,LDLRAD4,68,0.23609,58,-0.2360
ENSG00000101654,RNMT,68,-0.5069,96,0.50695
ENSG00000067900,ROCK1,209,2.65563,33,-2.6556
ENSG00000167088,SNRPD1,101,0.43959,74,-0.4395
ENSG00000101752,MIB1,72,0.03231,71,-0.0323
ENSG00000134508,CABLES1,6,-2.8171,42,2.81714
ENSG00000101782,RIOK3,95,1.09985,44,-1.0998
ENSG00000141452,RMC1,9,-1.3908,24,1.39083
ENSG00000141447,OSBPL1A,112,-0.9826,222,0.98265
ENSG00000154059,IMPACT,50,0.92089,26,-0.9208
ENSG00000134504,KCTD1,35,-1.1338,78,1.13386
ENSG00000171885,AQP4,2249,2.22423,481,-2.2242
ENSG00000170558,CDH2,54,-0.2738,65,0.27382
ENSG00000118276,B4GALT6,31,-1.7306,104,1.73062
ENSG00000153339,TRAPPC8,31,-0.3864,41,0.38641
ENSG00000101746,NOL4,19,-1.3556,49,1.35562
ENSG00000134769,DTNA,437,1.27086,181,-1.2708
ENSG00000166974,MAPRE2,140,-1.4359,379,1.43597
ENSG00000172466,ZNF24,130,1.18111,57,-1.1811
ENSG00000141429,GALNT1,35,-0.2497,42,0.24972
ENSG00000141425,RPRD1A,116,-0.6544,182,0.65447
ENSG00000141424,SLC39A6,60,0.14675,54,-0.1467
ENSG00000134759,ELP2,15,-1.5446,46,1.54468
ENSG00000134775,FHOD3,16,-0.7696,27,0.76964
ENSG00000134779,TPGS2,47,-1.3645,121,1.36454
ENSG00000101489,CELF4,61,-2.3635,315,2.36357
ENSG00000078142,PIK3C3,60,-0.2182,70,0.21822
ENSG00000152214,RIT2,0,-6.1836,33,6.18363
ENSG00000132872,SYT4,84,-1.9733,333,1.97339
ENSG00000152217,SETBP1,33,0.42414,24,-0.4241
ENSG00000141469,SLC14A1,87,1.88988,23,-1.8898
ENSG00000152223,EPG5,13,-1.0970,28,1.09705
ENSG00000152234,ATP5F1A,244,-1.3169,610,1.31690
ENSG00000152242,C18orf25,11,-1.7260,39,1.72601
ENSG00000101638,ST8SIA5,20,-1.3069,49,1.30693
ENSG00000078043,PIAS2,53,0.04968,51,-0.0496
ENSG00000167220,HDHD2,58,-0.1984,66,0.19841
ENSG00000134049,IER3IP1,42,-0.2204,49,0.22048
ENSG00000175387,SMAD2,96,0.49567,68,-0.4956
ENSG00000134030,CTIF,15,-2.0945,65,2.09459
ENSG00000141627,DYM,34,-0.3254,43,0.32547
ENSG00000177576,C18orf32,300,0.59103,199,-0.5910
ENSG00000265681,RPL17,1354,0.91623,717,-0.9162
ENSG00000167315,ACAA2,36,0.61525,23,-0.6152
ENSG00000141644,MBD1,37,-0.4529,51,0.45298
ENSG00000141639,MAPK4,29,-1.1379,64,1.13790
ENSG00000134042,MRO,78,1.36174,30,-1.3617
ENSG00000082212,ME2,87,0.70338,53,-0.7033
ENSG00000141646,SMAD4,97,1.45390,35,-1.4539
ENSG00000041353,RAB27B,24,-1.4623,67,1.46232
ENSG00000196628,TCF4,256,0.13132,233,-0.1313
ENSG00000091164,TXNL1,103,-0.6467,161,0.64674
ENSG00000091157,WDR7,151,0.44805,111,-0.4480
ENSG00000177511,ST8SIA3,101,-0.6622,161,0.66223
ENSG00000066926,FECH,22,-0.4250,30,0.42502
ENSG00000134440,NARS,172,-0.1340,189,0.13403
ENSG00000049759,NEDD4L,82,-0.6465,128,0.64652
ENSG00000074657,ZNF532,100,1.35585,39,-1.3558
ENSG00000166562,SEC11C,224,0.44667,164,-0.4466
ENSG00000074695,LMAN1,63,0.76937,37,-0.7693
ENSG00000134444,RELCH,19,-1.2383,46,1.23832
ENSG00000081913,PHLPP1,61,0.61537,39,-0.6153
ENSG00000119537,KDSR,34,-0.4228,46,0.42287
ENSG00000119541,VPS4B,73,0.57499,49,-0.5749
ENSG00000171451,DSEL,23,-0.0713,24,0.07131
ENSG00000166479,TMX3,26,-1.3564,68,1.35643
ENSG00000206052,DOK6,55,-0.6442,86,0.64423
ENSG00000141668,CBLN2,50,-0.7926,86,0.79266
ENSG00000166342,NETO1,21,-0.7160,35,0.71601
ENSG00000075336,TIMM21,14,-1.5316,42,1.53164
ENSG00000166347,CYB5A,77,0.86973,42,-0.8697
ENSG00000133313,CNDP2,103,0.13518,93,-0.1351
ENSG00000150656,CNDP1,14,-1.2686,34,1.26865
ENSG00000180011,ZADH2,54,-0.0294,55,0.02945
ENSG00000179981,TSHZ1,20,-0.7776,34,0.77767
ENSG00000197971,MBP,158,-1.9786,626,1.97866
ENSG00000166377,ATP9B,55,0.94684,28,-0.9468
ENSG00000122490,SLC66A2,18,-1.8715,66,1.87154
ENSG00000141759,TXNL4A,116,-0.3197,145,0.31978
ENSG00000101544,ADNP2,16,-0.6518,26,0.65184
ENSG00000129946,SHC2,43,0.15939,38,-0.1593
ENSG00000141933,TPGS1,30,-0.3704,39,0.37041
ENSG00000099804,CDC34,25,-1.3929,66,1.39295
ENSG00000172270,BSG,358,0.01687,354,-0.0168
ENSG00000099822,HCN2,36,-0.8245,64,0.82452
ENSG00000099821,POLRMT,43,0.41049,33,-0.4104
ENSG00000070423,RNF126,28,-0.3115,34,0.31152
ENSG00000099864,PALM,93,-0.2159,108,0.21590
ENSG00000129951,PLPPR3,11,-1.2093,26,1.20938
ENSG00000175221,MED16,51,0.04077,50,-0.0407
ENSG00000198858,R3HDM4,46,0.36158,36,-0.3615
ENSG00000065268,WDR18,21,-0.6320,32,0.63209
ENSG00000182087,TMEM259,58,0.01467,58,-0.0146
ENSG00000099817,POLR2E,71,-0.9554,139,0.95548
ENSG00000167468,GPX4,331,-0.7328,550,0.73283
ENSG00000118046,STK11,32,-0.4253,43,0.42537
ENSG00000099625,CBARP,29,0.25929,24,-0.2592
ENSG00000099624,ATP5F1D,214,-0.4636,296,0.46360
ENSG00000167470,MIDN,90,1.73854,27,-1.7385
ENSG00000099622,CIRBP,98,-1.1560,218,1.15600
ENSG00000228300,FAM174C,42,-0.1669,47,0.16692
ENSG00000160953,PWWP3A,35,-0.7451,58,0.74516
ENSG00000115286,NDUFS7,175,0.15680,157,-0.1568
ENSG00000130005,GAMT,45,-0.8367,80,0.83673
ENSG00000071626,DAZAP1,18,-1.0554,38,1.05547
ENSG00000115268,RPS15,1219,0.40081,923,-0.4008
ENSG00000115266,APC2,82,0.11111,76,-0.1111
ENSG00000119559,C19orf25,15,-1.0340,31,1.03403
ENSG00000071655,MBD3,72,0.60258,47,-0.6025
ENSG00000127540,UQCR11,502,-0.4166,670,0.41662
ENSG00000079313,REXO1,6,-2.1341,27,2.13415
ENSG00000129911,KLF16,43,0.55765,29,-0.5576
ENSG00000129968,ABHD17A,113,-0.0531,117,0.05319
ENSG00000133275,CSNK1G2,14,-1.3318,36,1.33181
ENSG00000133243,BTBD2,38,-1.3502,97,1.35027
ENSG00000099875,MKNK2,88,1.73093,26,-1.7309
ENSG00000065000,AP3D1,84,-0.3219,105,0.32196
ENSG00000104886,PLEKHJ1,6,-3.0126,55,3.01262
ENSG00000104904,OAZ1,490,-0.7532,826,0.75321
ENSG00000130332,LSM7,80,-0.5231,115,0.52318
ENSG00000099800,TIMM13,48,-0.9516,94,0.95162
ENSG00000176533,GNG7,27,-1.2276,63,1.22767
ENSG00000176490,DIRAS1,17,-2.5333,104,2.53339
ENSG00000141873,SLC39A3,1,-5.1008,40,5.10086
ENSG00000104969,SGTA,12,-2.2419,60,2.24191
ENSG00000172009,THOP1,12,-1.8474,45,1.84748
ENSG00000104964,TLE5,274,-0.7831,472,0.78318
ENSG00000088256,GNA11,33,-0.8826,61,0.88260
ENSG00000125912,NCLN,9,-1.6216,30,1.62166
ENSG00000161082,CELF5,13,-3.0625,116,3.06253
ENSG00000141905,NFIC,112,0.14252,101,-0.1425
ENSG00000129932,DOHH,11,-1.1529,26,1.15292
ENSG00000105325,FZR1,26,-0.2288,30,0.22883
ENSG00000161091,MFSD12,21,-0.9923,43,0.99239
ENSG00000186111,PIP5K1C,42,-1.4947,118,1.49470
ENSG00000183617,MRPL54,43,-0.5656,64,0.56561
ENSG00000007264,MATK,17,-1.5635,52,1.56358
ENSG00000167654,ATCAY,63,-1.5052,178,1.50527
ENSG00000167657,DAPK3,33,0.21418,28,-0.2141
ENSG00000167658,EEF2,460,-0.0212,467,0.02128
ENSG00000178951,ZBTB7A,88,-0.7571,148,0.75716
ENSG00000126934,MAP2K2,82,-0.9771,162,0.97717
ENSG00000089847,ANKRD24,0,-5.5337,25,5.53375
ENSG00000105255,FSD1,9,-2.5574,57,2.55749
ENSG00000008382,MPND,2,-3.8478,35,3.84782
ENSG00000141985,SH3GL1,62,0.41456,47,-0.4145
ENSG00000167671,UBXN6,95,-0.6006,144,0.60068
ENSG00000167674,HDGFL2,10,-1.9795,40,1.97954
ENSG00000167680,SEMA6B,65,-0.0479,67,0.04798
ENSG00000185361,TNFAIP8L1,23,-0.0852,25,0.08525
ENSG00000074842,MYDGF,45,-0.7400,76,0.74005
ENSG00000141965,FEM1A,1,-4.3985,26,4.39856
ENSG00000130254,SAFB2,29,-0.5742,44,0.57427
ENSG00000160633,SAFB,47,-0.5279,67,0.52794
ENSG00000130255,RPL36,2051,1.25388,860,-1.2538
ENSG00000174917,MICOS13,99,-0.8594,180,0.85949
ENSG00000167733,HSD11B1L,47,-0.7017,77,0.70176
ENSG00000196365,LONP1,75,0.37016,58,-0.3701
ENSG00000174886,NDUFA11,178,-0.6226,274,0.62264
ENSG00000031823,RANBP3,28,-0.1622,31,0.16223
ENSG00000130382,MLLT1,78,0.09161,73,-0.0916
ENSG00000125656,CLPP,43,-0.0850,46,0.08501
ENSG00000125652,ALKBH7,84,-0.0870,89,0.08705
ENSG00000125651,GTF2F1,21,-1.5596,63,1.55962
ENSG00000088247,KHSRP,32,-0.7041,53,0.70417
ENSG00000125648,SLC25A23,147,0.07127,140,-0.0712
ENSG00000104833,TUBB4A,174,-0.9849,345,0.98491
ENSG00000125730,C3,52,1.10365,24,-1.1036
ENSG00000171105,INSR,60,0.90377,32,-0.9037
ENSG00000198816,ZNF358,128,0.70522,78,-0.7052
ENSG00000090674,MCOLN1,9,-1.8713,35,1.87130
ENSG00000032444,PNPLA6,28,-1.0478,59,1.04785
ENSG00000076826,CAMSAP3,2,-4.0084,32,4.00848
ENSG00000076924,XAB2,17,-0.5721,25,0.57216
ENSG00000229833,PET100,211,-0.0844,224,0.08449
ENSG00000181029,TRAPPC5,164,-0.5517,240,0.55170
ENSG00000142459,EVI5L,5,-2.7824,37,2.78240
ENSG00000183248,PRR36,51,-0.3590,66,0.35900
ENSG00000260001,TGFBR3L,34,-1.1664,78,1.16646
ENSG00000178531,CTXN1,152,-0.8123,267,0.81230
ENSG00000104980,TIMM44,20,-0.6678,32,0.66789
ENSG00000066044,ELAVL1,94,0.88147,51,-0.8814
ENSG00000090661,CERS4,1,-4.7725,28,4.77258
ENSG00000167775,CD320,46,0.12885,42,-0.1288
ENSG00000267855,NDUFA7,86,-0.7574,145,0.75740
ENSG00000233927,RPS28,1967,0.83619,1102,-0.8361
ENSG00000185236,RAB11B,53,-0.6478,83,0.64782
ENSG00000099785,MARCH2,14,-1.2150,34,1.21502
ENSG00000099783,HNRNPM,299,1.21132,129,-1.2113
ENSG00000198258,UBL5,348,-0.6840,559,0.68401
ENSG00000127445,PIN1,145,-1.2312,341,1.23121
ENSG00000105088,OLFM2,17,-2.0154,71,2.01543
ENSG00000130813,SHFL,20,-0.9385,38,0.93852
ENSG00000130811,EIF3G,96,0.39729,73,-0.3972
ENSG00000130816,DNMT1,97,1.36513,37,-1.3651
ENSG00000105364,MRPL4,29,-1.5394,85,1.53941
ENSG00000105376,ICAM5,0,-6.3248,76,6.32485
ENSG00000267673,FDX2,64,-0.4100,85,0.41009
ENSG00000105401,CDC37,102,-0.4779,142,0.47794
ENSG00000065989,PDE4A,11,-2.1761,51,2.17615
ENSG00000079999,KEAP1,53,0.04924,52,-0.0492
ENSG00000129355,CDKN2D,32,-2.2881,157,2.28816
ENSG00000129353,SLC44A2,56,0.42206,41,-0.4220
ENSG00000267100,ILF3-DT,27,-0.1376,30,0.13768
ENSG00000129351,ILF3,51,-0.6808,82,0.68089
ENSG00000213339,QTRT1,16,-0.6668,26,0.66685
ENSG00000079805,DNM2,46,0.98823,23,-0.9882
ENSG00000142453,CARM1,16,-1.3736,43,1.37366
ENSG00000130733,YIPF2,9,-1.3609,24,1.36091
ENSG00000127616,SMARCA4,44,-0.7837,76,0.78376
ENSG00000105518,TMEM205,62,-0.7026,102,0.70261
ENSG00000105520,PLPPR2,71,-0.4103,95,0.41035
ENSG00000130175,PRKCSH,54,0.08756,51,-0.0875
ENSG00000196361,ELAVL3,56,-1.6984,184,1.69844
ENSG00000130159,ECSIT,25,-1.0969,54,1.09690
ENSG00000130165,ELOF1,32,-0.3672,41,0.36722
ENSG00000173875,ZNF791,10,-1.7105,34,1.71053
ENSG00000105583,WDR83OS,115,-0.4813,160,0.48134
ENSG00000095059,DHPS,46,-0.5458,67,0.54589
ENSG00000105576,TNPO2,23,-1.8496,85,1.84960
ENSG00000123144,TRIR,173,0.20910,149,-0.2091
ENSG00000198356,GET3,48,-0.8214,85,0.82140
ENSG00000171223,JUNB,408,3.02813,50,-3.0281
ENSG00000167815,PRDX2,292,-0.4894,410,0.48946
ENSG00000105613,MAST1,6,-3.5722,82,3.57225
ENSG00000179115,FARSA,31,-1.3623,81,1.36231
ENSG00000179218,CALR,227,0.06476,217,-0.0647
ENSG00000179262,RAD23A,136,0.05023,132,-0.0502
ENSG00000179271,GADD45GIP1,175,-0.0187,178,0.01870
ENSG00000008441,NFIX,95,-0.2294,111,0.22944
ENSG00000160877,NACC1,53,0.52122,37,-0.5212
ENSG00000160888,IER2,92,1.99388,23,-1.9938
ENSG00000141837,CACNA1A,40,-1.3860,104,1.38602
ENSG00000104979,C19orf53,181,0.21178,156,-0.2117
ENSG00000187556,NANOS3,0,-5.4024,26,5.40243
ENSG00000141854,MISP3,12,-1.0967,26,1.09672
ENSG00000141858,SAMD1,28,-0.5466,42,0.54661
ENSG00000072062,PRKACA,66,-0.7148,109,0.71484
ENSG00000072071,ADGRL1,50,-1.4339,135,1.43398
ENSG00000123143,PKN1,46,0.60471,30,-0.6047
ENSG00000123159,GIPC1,26,-1.1762,59,1.17629
ENSG00000132002,DNAJB1,45,-0.5783,67,0.57831
ENSG00000099797,TECR,111,-0.5194,159,0.51942
ENSG00000099795,NDUFB7,125,-1.1464,276,1.14641
ENSG00000105143,SLC1A6,3,-3.0340,29,3.03406
ENSG00000105135,ILVBL,47,0.10805,43,-0.1080
ENSG00000141867,BRD4,77,0.10926,71,-0.1092
ENSG00000011243,AKAP8L,50,0.55321,34,-0.5532
ENSG00000011451,WIZ,19,-0.9710,38,0.97100
ENSG00000167460,TPM4,242,1.97025,61,-1.9702
ENSG00000105058,FAM32A,75,0.07029,71,-0.0702
ENSG00000072958,AP1M1,28,-1.7527,97,1.75274
ENSG00000085872,CHERP,9,-2.0503,41,2.05036
ENSG00000127526,SLC35E1,28,-0.5867,42,0.58674
ENSG00000214046,SMIM7,84,0.63496,54,-0.6349
ENSG00000072954,TMEM38A,9,-2.6331,59,2.63317
ENSG00000127511,SIN3B,31,-1.2465,74,1.24650
ENSG00000053501,USE1,34,-0.3043,42,0.30435
ENSG00000160113,NR2F6,43,-0.3459,55,0.34590
ENSG00000105393,BABAM1,40,-1.7211,133,1.72113
ENSG00000127220,ABHD8,20,-2.6456,129,2.64568
ENSG00000130312,MRPL34,78,-0.4150,105,0.41507
ENSG00000130311,DDA1,21,-2.1405,94,2.14057
ENSG00000074855,ANO8,24,0.11221,22,-0.1122
ENSG00000130304,SLC27A1,40,0.59128,26,-0.5912
ENSG00000130313,PGLS,34,-0.1211,37,0.12117
ENSG00000130477,UNC13A,77,-1.2551,184,1.25511
ENSG00000130479,MAP1S,65,-0.5928,98,0.59289
ENSG00000105640,RPL18A,1169,1.32210,467,-1.3221
ENSG00000007080,CCDC124,56,-0.2132,66,0.21324
ENSG00000105642,KCNN1,24,-0.9197,45,0.91975
ENSG00000099308,MAST3,120,-1.1898,274,1.18987
ENSG00000105647,PIK3R2,51,-0.7545,87,0.75459
ENSG00000105649,RAB3A,87,-1.9541,337,1.95413
ENSG00000130522,JUND,337,0.26062,281,-0.2606
ENSG00000130520,LSM4,62,-1.1867,141,1.18675
ENSG00000130511,SSBP4,95,-0.4207,127,0.42070
ENSG00000105701,FKBP8,151,-0.7588,255,0.75889
ENSG00000105700,KXD1,10,-2.1327,46,2.13275
ENSG00000221983,UBA52,1216,1.45473,443,-1.4547
ENSG00000006016,CRLF1,37,-0.1337,41,0.13378
ENSG00000006015,REX1BD,66,-0.8852,122,0.88523
ENSG00000105696,TMEM59L,228,-1.3450,579,1.34507
ENSG00000167487,KLHL26,2,-3.1360,26,3.13607
ENSG00000105662,CRTC1,44,-0.7175,72,0.71753
ENSG00000005007,UPF1,82,0.84643,45,-0.8464
ENSG00000223802,CERS1,53,0.38593,41,-0.3859
ENSG00000105669,COPE,56,-1.0259,114,1.02597
ENSG00000105671,DDX49,28,-0.2809,34,0.28096
ENSG00000064607,SUGP2,49,-1.5006,140,1.50063
ENSG00000105676,ARMC6,7,-1.8973,29,1.89738
ENSG00000254901,BORCS8,10,-2.2585,50,2.25859
ENSG00000130287,NCAN,78,-0.2594,93,0.25941
ENSG00000187664,HAPLN4,66,-0.8875,123,0.88751
ENSG00000186010,NDUFA13,351,-0.4399,476,0.43993
ENSG00000250067,YJEFN3,38,-1.5817,115,1.58177
ENSG00000105726,ATP13A1,17,-0.6777,28,0.67773
ENSG00000081665,ZNF506,18,-0.6539,29,0.65394
ENSG00000196268,ZNF493,43,0.81373,24,-0.8137
ENSG00000197013,ZNF429,9,-1.4919,26,1.49194
ENSG00000167232,ZNF91,150,0.34600,118,-0.3460
ENSG00000261824,LINC00662,36,-0.4569,49,0.45694
ENSG00000169021,UQCRFS1,93,-1.2849,228,1.28492
ENSG00000187135,VSTM2B,25,-1.2158,60,1.21587
ENSG00000105171,POP4,14,-1.3537,36,1.35370
ENSG00000131943,C19orf12,54,-0.2232,63,0.22329
ENSG00000105176,URI1,76,0.47657,55,-0.4765
ENSG00000121297,TSHZ3,18,-0.5344,27,0.53444
ENSG00000178904,DPY19L3,35,0.46344,25,-0.4634
ENSG00000105185,PDCD5,111,-0.4110,148,0.41107
ENSG00000130881,LRP3,9,-1.8709,35,1.87092
ENSG00000153879,CEBPG,40,0.12364,36,-0.1236
ENSG00000124299,PEPD,59,0.00979,59,-0.0097
ENSG00000257103,LSM14A,79,0.84738,44,-0.8473
ENSG00000105220,GPI,251,-0.8752,461,0.87526
ENSG00000126261,UBA2,115,0.20065,100,-0.2006
ENSG00000089335,ZNF302,45,-0.3353,57,0.33531
ENSG00000089351,GRAMD1A,17,-0.8328,31,0.83287
ENSG00000105711,SCN1B,70,-1.5063,200,1.50632
ENSG00000153902,LGI4,40,-0.7066,65,0.70666
ENSG00000266964,FXYD1,134,-0.0853,142,0.08534
ENSG00000221946,FXYD7,64,-1.7659,220,1.76599
ENSG00000105698,USF2,129,0.13169,117,-0.1316
ENSG00000105695,MAG,11,-1.4925,32,1.49250
ENSG00000105677,TMEM147,50,-0.5165,72,0.51657
ENSG00000126254,RBM42,61,0.62964,39,-0.6296
ENSG00000126267,COX6B1,385,-0.3183,480,0.31837
ENSG00000205155,PSENEN,33,-0.5756,49,0.57568
ENSG00000004777,ARHGAP33,11,-1.3186,28,1.31863
ENSG00000105290,APLP1,139,-1.6641,442,1.66411
ENSG00000239382,ALKBH6,25,-0.6638,40,0.66384
ENSG00000105270,CLIP3,122,-0.9572,237,0.95722
ENSG00000105258,POLR2I,121,-0.6147,186,0.61473
ENSG00000105254,TBCB,76,-1.4524,210,1.45246
ENSG00000126247,CAPNS1,139,-0.6931,225,0.69315
ENSG00000161281,COX7A1,275,0.25067,231,-0.2506
ENSG00000167635,ZNF146,16,-0.9644,32,0.96444
ENSG00000186020,ZNF529,24,-0.6439,37,0.64393
ENSG00000011332,DPF1,17,-1.6253,53,1.62538
ENSG00000167642,SPINT2,50,-2.0768,212,2.07688
ENSG00000167641,PPP1R14A,104,1.38425,40,-1.3842
ENSG00000167645,YIF1B,25,-0.6048,38,0.60489
ENSG00000099341,PSMD8,42,-1.9450,164,1.94500
ENSG00000130244,FAM98C,1,-4.6384,25,4.63840
ENSG00000178982,EIF3K,124,-0.3164,154,0.31647
ENSG00000130402,ACTN4,283,1.45120,103,-1.4512
ENSG00000104823,ECH1,63,-0.1450,69,0.14507
ENSG00000104824,HNRNPL,61,-0.7353,102,0.73536
ENSG00000068903,SIRT2,79,-0.9081,149,0.90819
ENSG00000128626,MRPS12,30,-0.7278,50,0.72782
ENSG00000179134,SAMD4B,44,-0.1543,49,0.15435
ENSG00000006712,PAF1,29,-0.0658,30,0.06585
ENSG00000063322,MED29,67,0.08643,63,-0.0864
ENSG00000105193,RPS16,904,0.94493,469,-0.9449
ENSG00000196235,SUPT5H,37,-1.2263,87,1.22632
ENSG00000105197,TIMM50,37,-0.2135,43,0.21352
ENSG00000176401,EID2B,0,-5.8291,29,5.82915
ENSG00000176396,EID2,27,-1.5151,77,1.51516
ENSG00000105204,DYRK1B,6,-2.0098,26,2.00988
ENSG00000105202,FBL,74,0.68613,46,-0.6861
ENSG00000013275,PSMC4,41,-0.7197,67,0.71979
ENSG00000128000,ZNF780B,45,1.05586,22,-1.0558
ENSG00000130758,MAP3K10,37,-0.4578,51,0.45785
ENSG00000174521,TTC9B,86,-1.4931,244,1.49312
ENSG00000105221,AKT2,28,0.19909,24,-0.1990
ENSG00000105223,PLD3,210,-1.2697,506,1.26970
ENSG00000090013,BLVRB,68,0.65717,43,-0.6571
ENSG00000160460,SPTBN4,23,-1.8539,86,1.85396
ENSG00000105245,NUMBL,1,-5.2418,47,5.24184
ENSG00000077312,SNRPA,17,-0.8330,30,0.83307
ENSG00000167578,RAB4B,32,-0.5504,47,0.55049
ENSG00000269858,EGLN2,34,-0.9054,64,0.90544
ENSG00000105323,HNRNPUL1,69,0.14054,63,-0.1405
ENSG00000077348,EXOSC5,29,-0.0496,30,0.04969
ENSG00000248098,BCKDHA,21,-0.7107,35,0.71076
ENSG00000105341,DMAC2,38,0.21688,33,-0.2168
ENSG00000105372,RPS19,1044,0.94875,541,-0.9487
ENSG00000105404,RABAC1,150,-0.5050,213,0.50504
ENSG00000105409,ATP1A3,165,-1.1279,361,1.12796
ENSG00000105737,GRIK5,38,-0.4612,53,0.46126
ENSG00000160570,DEDD2,0,-4.8679,28,4.86798
ENSG00000105723,GSK3A,44,-1.3357,112,1.33575
ENSG00000079432,CIC,31,-0.1131,34,0.11311
ENSG00000079462,PAFAH1B3,19,-0.7870,33,0.78702
ENSG00000167619,TMEM145,0,-5.8310,26,5.83102
ENSG00000105429,MEGF8,11,-2.2967,56,2.29679
ENSG00000167378,IRGQ,27,-0.9243,51,0.92432
ENSG00000131116,ZNF428,25,-1.7367,84,1.73677
ENSG00000105767,CADM4,30,-1.6400,94,1.64000
ENSG00000105771,SMG9,19,-0.5430,28,0.54301
ENSG00000130204,TOMM40,57,0.15137,51,-0.1513
ENSG00000130203,APOE,541,0.19299,473,-0.1929
ENSG00000130208,APOC1,34,0.03214,33,-0.0321
ENSG00000104853,CLPTM1,44,-1.6195,135,1.61957
ENSG00000007047,MARK4,19,-0.7992,34,0.79927
ENSG00000104866,PPP1R37,6,-1.9760,27,1.97606
ENSG00000012061,ERCC1,4,-3.4247,45,3.42478
ENSG00000125744,RTN2,18,-1.3801,48,1.38012
ENSG00000125746,EML2,23,-0.3066,29,0.30664
ENSG00000125743,SNRPD2,295,0.40251,223,-0.4025
ENSG00000185800,DMWD,19,-1.5031,54,1.50311
ENSG00000125755,SYMPK,23,-0.4710,33,0.47104
ENSG00000176182,MYPOP,26,-0.7243,43,0.72438
ENSG00000104967,NOVA2,34,-0.6623,54,0.66231
ENSG00000011485,PPP5C,40,-1.1541,90,1.15419
ENSG00000277531,PNMA8C,64,0.09863,59,-0.0986
ENSG00000182013,PNMA8A,107,-1.1839,243,1.18398
ENSG00000204851,PNMA8B,77,-1.2331,182,1.23312
ENSG00000160014,CALM3,548,-1.5123,1563,1.51233
ENSG00000197380,DACT3,59,-0.1863,67,0.18631
ENSG00000090372,STRN4,19,-0.8776,36,0.87766
ENSG00000042753,AP2S1,78,-1.4921,222,1.49210
ENSG00000160007,ARHGAP35,70,-1.0836,150,1.08363
ENSG00000130748,TMEM160,152,-0.7566,257,0.75663
ENSG00000142230,SAE1,46,-0.9803,92,0.98031
ENSG00000257704,INAFM1,26,-0.8655,48,0.86553
ENSG00000105419,MEIS3,36,-0.8769,66,0.87696
ENSG00000118160,SLC8A2,51,-0.9221,97,0.92213
ENSG00000105402,NAPA,159,-0.6585,252,0.65853
ENSG00000105373,NOP53,131,0.98994,66,-0.9899
ENSG00000178980,SELENOW,503,-1.1134,1089,1.11346
ENSG00000105499,PLA2G4C,22,-0.2583,26,0.25836
ENSG00000105438,KDELR1,50,0.21643,43,-0.2164
ENSG00000105443,CYTH2,18,-1.3438,47,1.34383
ENSG00000142235,LMTK3,33,-0.8891,61,0.88918
ENSG00000063177,RPL18,653,0.31574,524,-0.3157
ENSG00000063176,SPHK2,23,-0.4895,32,0.48954
ENSG00000105516,DBP,14,-1.6768,45,1.67684
ENSG00000063180,CA11,163,-0.6030,247,0.60304
ENSG00000104805,NUCB1,67,-0.2527,80,0.25272
ENSG00000087086,FTL,2989,1.06087,1432,-1.0608
ENSG00000183207,RUVBL2,35,-0.5964,53,0.59646
ENSG00000104852,SNRNP70,32,-0.9784,64,0.97847
ENSG00000104863,LIN7B,5,-3.2370,52,3.23703
ENSG00000177380,PPFIA3,35,-1.4526,97,1.45269
ENSG00000104888,SLC17A7,266,-1.5840,799,1.58402
ENSG00000104872,PIH1D1,13,-2.2259,61,2.22592
ENSG00000142541,RPL13A,2297,1.60156,757,-1.6015
ENSG00000142534,RPS11,1668,1.43738,616,-1.4373
ENSG00000142546,NOSIP,54,0.54732,37,-0.5473
ENSG00000126461,SCAF1,28,-0.6901,45,0.69013
ENSG00000126456,IRF3,29,0.17593,25,-0.1759
ENSG00000126457,PRMT1,66,-0.0966,70,0.09666
ENSG00000169169,CPT1C,3,-4.1183,54,4.11833
ENSG00000196961,AP2A1,106,-0.0492,110,0.04921
ENSG00000104973,MED25,13,-1.3229,34,1.32290
ENSG00000104960,PTOV1,92,-1.0403,191,1.04033
ENSG00000204673,AKT1S1,6,-2.3567,34,2.35676
ENSG00000104946,TBC1D17,24,-0.6988,39,0.69888
ENSG00000213024,NUP62,15,-1.0624,31,1.06249
ENSG00000131408,NR1H2,41,-0.2664,50,0.26640
ENSG00000161671,EMC10,47,-0.5354,69,0.53547
ENSG00000161677,JOSD2,24,-0.6973,39,0.69739
ENSG00000204653,ASPDH,17,-1.3997,45,1.39979
ENSG00000131409,LRRC4B,15,-2.3064,77,2.30640
ENSG00000169035,KLK7,0,-5.8712,27,5.87124
ENSG00000105379,ETFB,60,-0.7829,104,0.78294
ENSG00000105568,PPP2R1A,134,-1.8487,486,1.84875
ENSG00000130844,ZNF331,68,1.16352,30,-1.1635
ENSG00000179820,MYADM,4,-3.2052,39,3.20524
ENSG00000126583,PRKCG,34,-1.7414,116,1.74142
ENSG00000105605,CACNG7,11,-1.2596,27,1.25961
ENSG00000142408,CACNG8,30,-0.6817,49,0.68174
ENSG00000170906,NDUFA3,434,-0.2234,506,0.22344
ENSG00000105619,TFPT,20,-1.5619,61,1.56199
ENSG00000105618,PRPF31,6,-2.7964,47,2.79647
ENSG00000088038,CNOT3,19,-0.5994,29,0.59945
ENSG00000125505,MBOAT7,72,-1.2552,172,1.25524
ENSG00000170889,RPS9,855,1.04752,413,-1.0475
ENSG00000167614,TTYH1,172,-0.7893,298,0.78930
ENSG00000125503,PPP1R12C,42,-0.8512,76,0.85120
ENSG00000129990,SYT5,20,-2.5016,117,2.50164
ENSG00000105063,PPP6R1,69,0.22615,59,-0.2261
ENSG00000133265,HSPBP1,24,-1.5043,69,1.50432
ENSG00000160469,BRSK1,15,-2.7361,102,2.73618
ENSG00000108107,RPL28,1593,1.18962,698,-1.1896
ENSG00000108106,UBE2S,21,-1.8743,78,1.87436
ENSG00000063241,ISOC2,9,-2.6778,59,2.67786
ENSG00000090971,NAT14,27,-1.8368,96,1.83686
ENSG00000213015,ZNF580,29,-0.3978,39,0.39789
ENSG00000173581,CCDC106,3,-3.9753,48,3.97539
ENSG00000063244,U2AF2,31,-0.0252,31,0.02521
ENSG00000063245,EPN1,66,-1.0530,137,1.05307
ENSG00000198046,ZNF667,28,0.05280,27,-0.0528
ENSG00000166770,ZNF667-AS1,27,-1.2816,67,1.28161
ENSG00000198300,PEG3,203,-0.7179,335,0.71799
ENSG00000083844,ZNF264,44,0.68979,27,-0.6897
ENSG00000268205,AC005261.1,35,-0.8075,61,0.80752
ENSG00000121413,ZSCAN18,72,-0.6366,112,0.63667
ENSG00000142396,ERVK3-1,42,-0.1523,47,0.15235
ENSG00000283103,AC010642.2,68,-0.1941,78,0.19411
ENSG00000083845,RPS5,422,0.59108,280,-0.5910
ENSG00000083807,SLC27A5,16,-0.7428,27,0.74285
ENSG00000130726,TRIM28,48,-0.6088,73,0.60881
ENSG00000130724,CHMP2A,156,0.92164,82,-0.9216
ENSG00000130725,UBE2M,143,-0.4603,197,0.46039
ENSG00000247315,ZCCHC3,16,-0.8381,30,0.83815
ENSG00000125841,NRSN2,73,-0.5176,105,0.51769
ENSG00000125875,TBC1D20,16,-0.7820,27,0.78200
ENSG00000101266,CSNK2A1,54,-0.4193,72,0.41934
ENSG00000271303,SRXN1,9,-1.4791,26,1.47910
ENSG00000125818,PSMF1,91,0.20687,78,-0.2068
ENSG00000101298,SNPH,56,-0.5918,85,0.59181
ENSG00000125775,SDCBP2,15,-0.6184,24,0.61840
ENSG00000088832,FKBP1A,240,-0.0932,256,0.09321
ENSG00000088833,NSFL1C,43,-0.8095,76,0.80955
ENSG00000198053,SIRPA,91,-1.7560,309,1.75604
ENSG00000125835,SNRPB,32,-0.4357,44,0.43575
ENSG00000101361,NOP56,39,-0.4952,55,0.49524
ENSG00000101365,IDH3B,51,-0.8642,93,0.86428
ENSG00000132635,PCED1A,13,-1.0395,27,1.03950
ENSG00000215305,VPS16,9,-1.5965,30,1.59659
ENSG00000132670,PTPRA,176,0.00425,175,-0.0042
ENSG00000125901,MRPS26,46,-1.1536,102,1.15366
ENSG00000088899,LZTS3,40,-1.8960,149,1.89603
ENSG00000198171,DDRGK1,101,-0.1632,113,0.16320
ENSG00000125877,ITPA,8,-2.2165,41,2.21655
ENSG00000088854,C20orf194,28,-0.8550,51,0.85508
ENSG00000088812,ATRN,76,-0.0223,77,0.02237
ENSG00000101220,C20orf27,27,-0.8947,51,0.89474
ENSG00000125817,CENPB,43,-0.1625,48,0.16259
ENSG00000125779,PANK2,10,-1.8105,37,1.81051
ENSG00000101236,RNF24,29,-0.5569,42,0.55698
ENSG00000171867,PRNP,524,-1.4469,1431,1.44697
ENSG00000101265,RASSF2,38,0.52626,26,-0.5262
ENSG00000089057,SLC23A2,23,-1.6514,75,1.65147
ENSG00000089063,TMEM230,147,0.45814,107,-0.4581
ENSG00000132646,PCNA,23,-0.4501,32,0.45016
ENSG00000101290,CDS2,59,-0.9071,110,0.90711
ENSG00000125772,GPCPD1,81,0.99688,40,-0.9968
ENSG00000089199,CHGB,60,-1.6090,183,1.60900
ENSG00000088766,CRLS1,13,-1.4120,34,1.41209
ENSG00000125827,TMX4,123,-0.8653,225,0.86530
ENSG00000182621,PLCB1,141,-1.0540,293,1.05404
ENSG00000101333,PLCB4,80,1.39369,30,-1.3936
ENSG00000125869,LAMP5,38,-1.0418,79,1.04184
ENSG00000101349,PAK5,16,-1.5496,48,1.54969
ENSG00000132639,SNAP25,735,-2.1817,3338,2.18173
ENSG00000125863,MKKS,44,-0.6612,69,0.66125
ENSG00000132640,BTBD3,60,-1.4102,161,1.41023
ENSG00000089048,ESF1,50,0.50685,35,-0.5068
ENSG00000101247,NDUFAF5,52,0.78373,30,-0.7837
ENSG00000172264,MACROD2,25,-0.1037,27,0.10378
ENSG00000125848,FLRT3,5,-2.9874,40,2.98749
ENSG00000125870,SNRPB2,52,-0.3511,66,0.35112
ENSG00000125851,PCSK2,38,-1.5291,110,1.52912
ENSG00000125868,DSTN,974,0.70309,598,-0.7030
ENSG00000089006,SNX5,96,0.87973,52,-0.8797
ENSG00000232838,PET117,1,-3.7451,23,3.74513
ENSG00000149474,KAT14,0,-6.2164,34,6.21641
ENSG00000101310,SEC23B,2,-4.1494,43,4.14943
ENSG00000232388,SMIM26,109,-0.2455,129,0.24559
ENSG00000125821,DTD1,42,-0.2072,49,0.20722
ENSG00000173418,NAA20,53,-0.6379,82,0.63792
ENSG00000101343,CRNKL1,69,1.19773,30,-1.1977
ENSG00000088970,KIZ,28,0.18876,25,-0.1887
ENSG00000088930,XRN2,114,1.70030,35,-1.7003
ENSG00000125812,GZF1,13,-1.1630,30,1.16303
ENSG00000125814,NAPB,273,-1.1486,607,1.14862
ENSG00000101439,CST3,1127,-0.5647,1667,0.56477
ENSG00000101463,SYNDIG1,15,-1.8806,57,1.88060
ENSG00000101474,APMAP,61,-0.9877,122,0.98776
ENSG00000197586,ENTPD6,70,-0.8309,125,0.83096
ENSG00000100994,PYGB,37,-1.0976,79,1.09762
ENSG00000100997,ABHD12,66,-0.4605,92,0.46051
ENSG00000101294,HM13,5,-3.3274,50,3.32741
ENSG00000125968,ID1,554,4.14198,31,-4.1419
ENSG00000171552,BCL2L1,108,1.05530,52,-1.0553
ENSG00000101337,TM9SF4,13,-1.7533,45,1.75332
ENSG00000101350,KIF3B,75,-0.6200,115,0.62000
ENSG00000171456,ASXL1,24,0.03207,23,-0.0320
ENSG00000149600,COMMD7,45,-0.6514,71,0.65145
ENSG00000101367,MAPRE1,28,0.09802,26,-0.0980
ENSG00000101400,SNTA1,57,-1.0316,118,1.03163
ENSG00000078699,CBFA2T2,18,-0.6823,29,0.68239
ENSG00000125967,NECAB3,14,-1.7902,51,1.79020
ENSG00000101421,CHMP4B,125,-0.4137,166,0.41379
ENSG00000125970,RALY,58,-0.1963,67,0.19639
ENSG00000125977,EIF2S2,191,0.40781,144,-0.4078
ENSG00000101444,AHCY,1,-4.3046,32,4.30462
ENSG00000078747,ITCH,85,0.78231,49,-0.7823
ENSG00000125971,DYNLRB1,250,-0.5384,363,0.53840
ENSG00000101460,MAP1LC3A,80,-1.3237,201,1.32370
ENSG00000198646,NCOA6,21,-0.3164,27,0.31649
ENSG00000078804,TP53INP2,13,-1.0131,27,1.01310
ENSG00000131067,GGT7,14,-1.5107,42,1.51072
ENSG00000131069,ACSS2,28,0.06139,26,-0.0613
ENSG00000100983,GSS,13,-1.4373,35,1.43738
ENSG00000100991,TRPC4AP,28,-1.2167,66,1.21673
ENSG00000126005,MMP24OS,32,-1.4201,88,1.42010
ENSG00000242372,EIF6,17,-1.7651,57,1.76510
ENSG00000101019,UQCC1,42,0.06636,40,-0.0663
ENSG00000125991,ERGIC3,43,-0.5865,64,0.58655
ENSG00000214078,CPNE1,26,-0.5462,38,0.54627
ENSG00000244462,RBM12,51,0.21963,43,-0.2196
ENSG00000244005,NFS1,30,-0.6472,47,0.64728
ENSG00000125995,ROMO1,282,0.77463,164,-0.7746
ENSG00000131051,RBM39,232,0.93218,121,-0.9321
ENSG00000025293,PHF20,102,0.72814,62,-0.7281
ENSG00000171222,SCAND1,83,-0.5692,124,0.56926
ENSG00000260032,NORAD,366,-1.3941,964,1.39419
ENSG00000088367,EPB41L1,82,-1.0130,167,1.01301
ENSG00000080845,DLGAP4,35,-1.2737,85,1.27370
ENSG00000101084,RAB5IF,79,-0.2234,92,0.22349
ENSG00000101079,NDRG3,50,-1.9845,200,1.98458
ENSG00000101347,SAMHD1,182,2.23535,38,-2.2353
ENSG00000118705,RPN2,89,0.30673,72,-0.3067
ENSG00000101363,MANBAL,98,0.19112,86,-0.1911
ENSG00000166619,BLCAP,81,-1.3007,201,1.30070
ENSG00000053438,NNAT,29,-1.5863,89,1.58632
ENSG00000132821,VSTM2L,50,-1.7204,166,1.72042
ENSG00000101413,RPRD1B,25,-0.0708,26,0.07080
ENSG00000170471,RALGAPB,44,-0.0632,46,0.06329
ENSG00000101438,SLC32A1,8,-2.0160,32,2.01602
ENSG00000101445,PPP1R16B,54,-0.7167,89,0.71673
ENSG00000204103,MAFB,40,0.19658,35,-0.1965
ENSG00000198900,TOP1,183,1.13364,83,-1.1336
ENSG00000124181,PLCG1,22,-0.3178,28,0.31784
ENSG00000174306,ZHX3,30,-0.4805,42,0.48057
ENSG00000124177,CHD6,103,0.59507,68,-0.5950
ENSG00000196090,PTPRT,20,-2.2312,95,2.23120
ENSG00000124193,SRSF6,125,1.10842,58,-1.1084
ENSG00000132823,OSER1,36,0.47960,26,-0.4796
ENSG00000223891,OSER1-DT,5,-2.3479,27,2.34799
ENSG00000124194,GDAP1L1,21,-1.3190,54,1.31906
ENSG00000197296,FITM2,5,-2.2968,29,2.29683
ENSG00000124120,TTPAL,3,-2.7655,24,2.76557
ENSG00000132824,SERINC3,188,-0.8789,346,0.87890
ENSG00000168734,PKIG,96,0.02650,94,-0.0265
ENSG00000101098,RIMS4,6,-2.1648,28,2.16489
ENSG00000166913,YWHAB,420,-1.0813,888,1.08134
ENSG00000025772,TOMM34,47,-0.3578,61,0.35782
ENSG00000124134,KCNS1,41,-0.2220,48,0.22202
ENSG00000124145,SDC4,17,-1.5502,51,1.55020
ENSG00000244274,DBNDD2,126,-0.3762,163,0.37622
ENSG00000124155,PIGT,35,-0.7338,59,0.73381
ENSG00000101457,DNTTIP1,0,-5.2288,24,5.22883
ENSG00000124104,SNX21,15,-0.9913,31,0.99134
ENSG00000101473,ACOT8,48,-0.6745,77,0.67450
ENSG00000064601,CTSA,83,0.26196,69,-0.2619
ENSG00000100979,PLTP,76,1.31043,30,-1.3104
ENSG00000124140,SLC12A5,108,-1.8020,377,1.80200
ENSG00000149654,CDH22,13,-1.8682,48,1.86825
ENSG00000080189,SLC35C2,11,-1.4106,29,1.41064
ENSG00000062598,ELMO2,20,-1.0915,43,1.09153
ENSG00000101040,ZMYND8,65,-0.1394,72,0.13948
ENSG00000196562,SULF2,45,0.78785,26,-0.7878
ENSG00000124126,PREX1,45,-0.2879,55,0.28799
ENSG00000124198,ARFGEF2,68,0.19610,60,-0.1961
ENSG00000124207,CSE1L,78,-0.0790,82,0.07905
ENSG00000124214,STAU1,133,0.80611,76,-0.8061
ENSG00000124228,DDX27,18,-0.4300,24,0.43000
ENSG00000177410,ZFAS1,153,0.71173,93,-0.7117
ENSG00000158445,KCNB1,98,-0.3797,128,0.37970
ENSG00000158470,B4GALT5,37,-1.0182,76,1.01822
ENSG00000158480,SPATA2,5,-3.1886,47,3.18864
ENSG00000124226,RNF114,60,0.63336,38,-0.6333
ENSG00000244687,UBE2V1,190,0.71668,115,-0.7166
ENSG00000240849,TMEM189,9,-1.5515,28,1.55153
ENSG00000172216,CEBPB,61,0.02217,60,-0.0221
ENSG00000124243,BCAS4,6,-2.7281,45,2.72817
ENSG00000101126,ADNP,125,0.44917,91,-0.4491
ENSG00000000419,DPM1,47,-0.3327,59,0.33275
ENSG00000054793,ATP9A,211,-0.3422,268,0.34224
ENSG00000182463,TSHZ2,31,0.08204,29,-0.0820
ENSG00000064787,BCAS1,1,-4.8927,43,4.89270
ENSG00000101132,PFDN4,28,-1.7742,96,1.77428
ENSG00000101134,DOK5,1,-3.8617,26,3.86176
ENSG00000054803,CBLN4,19,-1.9408,76,1.94080
ENSG00000124098,FAM210B,159,1.78832,46,-1.7883
ENSG00000022277,RTF2,130,0.58628,86,-0.5862
ENSG00000101146,RAE1,22,-0.7476,37,0.74767
ENSG00000124225,PMEPA1,47,0.00140,46,-0.0014
ENSG00000124209,RAB22A,37,-1.2440,88,1.24407
ENSG00000124164,VAPB,58,-0.5731,87,0.57317
ENSG00000124222,STX16,68,0.29233,56,-0.2923
ENSG00000087460,GNAS,1341,-0.4801,1871,0.48012
ENSG00000101158,NELFCD,12,-1.3292,30,1.32921
ENSG00000124172,ATP5F1E,1430,0.31687,1148,-0.3168
ENSG00000101166,PRELID3B,32,0.34158,25,-0.3415
ENSG00000087495,PHACTR3,30,-1.4239,82,1.42391
ENSG00000196227,FAM217B,28,-2.5004,161,2.50044
ENSG00000149657,LSM14B,20,-1.5540,60,1.55402
ENSG00000101182,PSMA7,210,0.14402,190,-0.1440
ENSG00000184402,SS18L1,30,-0.6050,46,0.60503
ENSG00000101180,HRH3,5,-3.1663,51,3.16638
ENSG00000130703,OSBPL2,31,-0.3838,41,0.38384
ENSG00000130706,ADRM1,25,-1.1760,57,1.17605
ENSG00000171858,RPS21,1677,0.45215,1225,-0.4521
ENSG00000060491,OGFR,39,-0.0014,39,0.00146
ENSG00000101190,TCFL5,5,-2.2601,28,2.26018
ENSG00000101191,DIDO1,18,-0.6397,29,0.63972
ENSG00000101193,GID8,50,-0.2189,59,0.21890
ENSG00000149658,YTHDF1,6,-2.1946,31,2.19464
ENSG00000101199,ARFGAP1,12,-1.3849,33,1.38498
ENSG00000075043,KCNQ2,58,-1.0680,123,1.06802
ENSG00000101210,EEF1A2,181,-1.4891,510,1.48917
ENSG00000125534,PPDPF,224,0.80897,128,-0.8089
ENSG00000197457,STMN3,140,-1.2986,344,1.29863
ENSG00000101246,ARFRP1,41,0.16423,36,-0.1642
ENSG00000101150,TPD52L2,77,0.57377,52,-0.5737
ENSG00000101152,DNAJC5,67,-1.0606,141,1.06069
ENSG00000101161,PRPF6,16,-1.6818,52,1.68187
ENSG00000171703,TCEA2,65,-0.8082,114,0.80820
ENSG00000203880,PCMTD2,45,-0.1583,50,0.15835
ENSG00000280071,GATD3B,15,-1.2010,36,1.20100
ENSG00000155304,HSPA13,43,-1.4333,118,1.43334
ENSG00000180530,NRIP1,41,-0.5443,60,0.54433
ENSG00000155313,USP25,105,0.95392,54,-0.9539
ENSG00000215386,MIR99AHG,57,0.61319,37,-0.6131
ENSG00000154639,CXADR,10,-1.9369,39,1.93692
ENSG00000154654,NCAM2,131,-0.2722,158,0.27222
ENSG00000154721,JAM2,180,2.12989,41,-2.1298
ENSG00000154723,ATP5PF,343,-0.3269,430,0.32691
ENSG00000142192,APP,507,-1.0001,1015,1.00014
ENSG00000198862,LTN1,63,0.68989,39,-0.6898
ENSG00000156253,RWDD2B,32,0.44839,24,-0.4483
ENSG00000156256,USP16,50,0.13533,45,-0.1353
ENSG00000156261,CCT8,209,0.40184,158,-0.4018
ENSG00000156299,TIAM1,62,-0.5467,90,0.54673
ENSG00000142168,SOD1,440,-0.9481,849,0.94814
ENSG00000142207,URB1,20,-0.4111,27,0.41112
ENSG00000159079,CFAP298,61,0.44841,45,-0.4484
ENSG00000159082,SYNJ1,81,-1.3606,210,1.36062
ENSG00000205927,OLIG2,32,0.20975,27,-0.2097
ENSG00000184221,OLIG1,26,-2.1383,117,2.13834
ENSG00000142166,IFNAR1,159,1.32111,63,-1.3211
ENSG00000159128,IFNGR2,71,0.15474,64,-0.1547
ENSG00000142188,TMEM50B,101,0.29517,82,-0.2951
ENSG00000159140,SON,195,0.00090,194,-0.0009
ENSG00000205758,CRYZL1,21,-1.0392,43,1.03927
ENSG00000205726,ITSN1,110,0.06882,105,-0.0688
ENSG00000241837,ATP5PO,266,-0.3681,344,0.36818
ENSG00000243927,MRPS6,56,0.17497,49,-0.1749
ENSG00000198743,SLC5A3,57,-0.1504,64,0.15041
ENSG00000159200,RCAN1,23,-1.0430,48,1.04308
ENSG00000159228,CBR1,86,-0.2766,105,0.27662
ENSG00000159256,MORC3,156,2.19425,34,-2.1942
ENSG00000185808,PIGP,23,-0.7683,39,0.76835
ENSG00000182670,TTC3,416,0.38580,318,-0.3858
ENSG00000157540,DYRK1A,87,0.24545,74,-0.2454
ENSG00000157542,KCNJ6,50,-0.0667,52,0.06677
ENSG00000157557,ETS2,181,0.84855,100,-0.8485
ENSG00000183527,PSMG1,13,-1.0019,27,1.00197
ENSG00000185658,BRWD1,157,0.00150,157,-0.0015
ENSG00000205581,HMGN1,215,1.83280,60,-1.8328
ENSG00000182093,GET1,50,-1.3463,128,1.34635
ENSG00000183036,PCP4,35,-1.8558,126,1.85584
ENSG00000173276,ZBTB21,81,1.21860,35,-1.2186
ENSG00000160194,NDUFV3,107,-0.2730,129,0.27303
ENSG00000160209,PDXK,73,-1.2808,177,1.28089
ENSG00000160213,CSTB,309,0.97815,157,-0.9781
ENSG00000160216,AGPAT3,21,-1.9461,83,1.94611
ENSG00000141959,PFKL,42,-1.3880,111,1.38808
ENSG00000160226,CFAP410,8,-1.9355,32,1.93556
ENSG00000184787,UBE2G2,79,0.97155,40,-0.9715
ENSG00000184900,SUMO3,90,-0.9251,172,0.92515
ENSG00000183255,PTTG1IP,203,2.49835,36,-2.4983
ENSG00000197381,ADARB1,47,0.02309,46,-0.0230
ENSG00000223768,LINC00205,4,-2.3157,22,2.31578
ENSG00000142156,COL6A1,75,0.78677,43,-0.7867
ENSG00000160294,MCM3AP,42,-0.0757,44,0.07571
ENSG00000160299,PCNT,66,1.14880,29,-1.1488
ENSG00000160305,DIP2A,16,-0.5266,24,0.52667
ENSG00000160307,S100B,780,1.92249,205,-1.9224
ENSG00000160310,PRMT2,132,0.20472,114,-0.2047
ENSG00000182902,SLC25A18,37,-0.1489,41,0.14897
ENSG00000131100,ATP6V1E1,177,-1.3882,465,1.38822
ENSG00000099968,BCL2L13,54,0.38888,41,-0.3888
ENSG00000015475,BID,25,-0.6500,40,0.65007
ENSG00000243156,MICAL3,28,-0.7982,50,0.79822
ENSG00000215193,PEX26,8,-1.9188,32,1.91888
ENSG00000278558,TMEM191B,0,-5.5255,24,5.52556
ENSG00000273032,DGCR9,21,-0.5707,31,0.57071
ENSG00000070413,DGCR2,33,-1.5701,100,1.57011
ENSG00000100075,SLC25A1,39,0.61280,25,-0.6128
ENSG00000242259,C22orf39,46,-0.4425,62,0.44258
ENSG00000185608,MRPL40,82,0.65872,52,-0.6587
ENSG00000070010,UFD1,28,-0.0442,29,0.04424
ENSG00000184113,CLDN5,791,4.14596,44,-4.1459
ENSG00000184702,SEPTIN5,71,-0.7748,122,0.77487
ENSG00000203618,GP1BB,14,-1.4685,41,1.46852
ENSG00000215012,RTL10,21,-0.4105,28,0.41059
ENSG00000184470,TXNRD2,46,0.59026,30,-0.5902
ENSG00000093010,COMT,111,0.85882,61,-0.8588
ENSG00000099901,RANBP1,57,-0.6661,91,0.66610
ENSG00000099904,ZDHHC8,0,-5.6462,35,5.64628
ENSG00000040608,RTN4R,2,-5.2174,95,5.21748
ENSG00000128185,DGCR6L,40,-0.6140,61,0.61409
ENSG00000099910,KLHL22,45,0.76789,26,-0.7678
ENSG00000099917,MED15,21,-0.8337,37,0.83376
ENSG00000241973,PI4KA,154,-1.4596,425,1.45968
ENSG00000099940,SNAP29,16,-0.8380,28,0.83804
ENSG00000099942,CRKL,6,-3.3837,62,3.38379
ENSG00000183773,AIFM3,12,-1.5986,39,1.59868
ENSG00000099949,LZTR1,37,0.48406,26,-0.4840
ENSG00000184436,THAP7,25,-0.0256,25,0.02560
ENSG00000185651,UBE2L3,142,0.13384,129,-0.1338
ENSG00000161179,YDJC,7,-1.6899,23,1.68998
ENSG00000100027,YPEL1,11,-1.4560,30,1.45608
ENSG00000100030,MAPK1,226,-0.6849,364,0.68491
ENSG00000100034,PPM1F,12,-1.0349,25,1.03495
ENSG00000128266,GNAZ,18,-2.4176,99,2.41767
ENSG00000186716,BCR,31,-1.3340,78,1.33403
ENSG00000250479,CHCHD10,181,-1.1576,404,1.15769
ENSG00000099956,SMARCB1,27,-0.5513,40,0.55133
ENSG00000133460,SLC2A11,19,-0.3187,24,0.31872
ENSG00000240972,MIF,693,-0.3503,883,0.35038
ENSG00000133433,GSTT2B,8,-1.7169,28,1.71693
ENSG00000099977,DDT,81,-0.6902,132,0.69024
ENSG00000099991,CABIN1,34,-0.9542,67,0.95423
ENSG00000100014,SPECC1L,39,0.67446,25,-0.6744
ENSG00000100028,SNRPD3,47,0.24178,39,-0.2417
ENSG00000167037,SGSM1,3,-3.3911,33,3.39113
ENSG00000197077,KIAA1671,49,0.18226,43,-0.1822
ENSG00000100077,GRK3,98,0.01662,96,-0.0166
ENSG00000100095,SEZ6L,54,-1.4898,152,1.48987
ENSG00000128203,ASPHD2,14,-1.3952,38,1.39525
ENSG00000100099,HPS4,14,-0.9872,29,0.98724
ENSG00000100104,SRRD,19,-0.4425,26,0.44253
ENSG00000100109,TFIP11,21,-0.2613,25,0.26134
ENSG00000128294,TPST2,87,0.62667,56,-0.6266
ENSG00000225783,MIAT,47,-1.3973,125,1.39731
ENSG00000180957,PITPNB,107,-0.0660,112,0.06600
ENSG00000183579,ZNRF3,38,0.15411,34,-0.1541
ENSG00000182944,EWSR1,96,-0.0341,98,0.03410
ENSG00000185340,GAS2L1,30,-1.0454,62,1.04548
ENSG00000100276,RASL10A,5,-2.9803,46,2.98036
ENSG00000100280,AP1B1,63,-0.2771,76,0.27711
ENSG00000225465,RFPL1S,16,-2.6679,106,2.66792
ENSG00000100285,NEFH,48,-1.7973,167,1.79731
ENSG00000184117,NIPSNAP1,43,-0.3301,55,0.33010
ENSG00000186575,NF2,40,0.06912,38,-0.0691
ENSG00000184076,UQCR10,326,-0.8128,573,0.81283
ENSG00000100330,MTMR3,56,1.07303,27,-1.0730
ENSG00000099995,SF3A1,70,0.10197,65,-0.1019
ENSG00000100003,SEC14L2,13,-1.2369,32,1.23698
ENSG00000100029,PES1,23,-0.3970,31,0.39705
ENSG00000184792,OSBP2,8,-1.8471,28,1.84717
ENSG00000253352,TUG1,85,1.29232,34,-1.2923
ENSG00000198832,SELENOM,231,0.10831,214,-0.1083
ENSG00000100100,PIK3IP1,13,-1.1826,30,1.18268
ENSG00000185721,DRG1,37,-0.5354,53,0.53549
ENSG00000184708,EIF4ENIF1,26,-0.7734,45,0.77347
ENSG00000241878,PISD,45,-0.4317,61,0.43173
ENSG00000183530,PRR14L,10,-1.8927,40,1.89278
ENSG00000128245,YWHAH,605,-1.2490,1439,1.24909
ENSG00000100220,RTCB,38,-0.7690,65,0.76900
ENSG00000100225,FBXO7,104,1.30799,42,-1.3079
ENSG00000100234,TIMP3,339,2.65997,53,-2.6599
ENSG00000133424,LARGE1,13,-2.3746,68,2.37462
ENSG00000100284,TOM1,42,-0.4240,56,0.42401
ENSG00000100302,RASD2,48,0.19458,42,-0.1945
ENSG00000100320,RBFOX2,106,-0.6998,172,0.69981
ENSG00000128335,APOL2,20,-1.0779,42,1.07799
ENSG00000100345,MYH9,259,2.19444,56,-2.1944
ENSG00000100348,TXN2,45,-0.4338,60,0.43389
ENSG00000100350,FOXRED2,4,-3.0311,34,3.03117
ENSG00000100353,EIF3D,84,0.81120,48,-0.8112
ENSG00000100360,IFT27,19,-0.7999,34,0.79995
ENSG00000100362,PVALB,25,-1.9197,96,1.91979
ENSG00000100379,KCTD17,19,-2.0153,79,2.01530
ENSG00000166897,ELFN2,23,-0.4196,31,0.41965
ENSG00000100083,GGA1,23,-0.5942,36,0.59422
ENSG00000241360,PDXP,106,-1.3821,277,1.38217
ENSG00000100097,LGALS1,582,0.39020,444,-0.3902
ENSG00000189060,H1F0,30,-1.0957,66,1.09576
ENSG00000100116,GCAT,25,-0.4364,35,0.43641
ENSG00000100129,EIF3L,96,0.08245,91,-0.0824
ENSG00000100142,POLR2F,52,-0.6628,83,0.66284
ENSG00000100151,PICK1,21,-0.8144,38,0.81441
ENSG00000198792,TMEM184B,39,-0.9148,74,0.91487
ENSG00000213923,CSNK1E,47,-0.9923,94,0.99235
ENSG00000168135,KCNJ4,37,-0.7801,64,0.78011
ENSG00000100201,DDX17,415,0.90849,221,-0.9084
ENSG00000100216,TOMM22,39,-1.0906,84,1.09065
ENSG00000100221,JOSD1,29,-1.1482,66,1.14827
ENSG00000100242,SUN2,36,-1.2934,89,1.29341
ENSG00000100246,DNAL4,12,-1.1531,28,1.15310
ENSG00000221890,NPTXR,72,-1.8829,266,1.88298
ENSG00000183741,CBX6,75,-1.2437,179,1.24377
ENSG00000100307,CBX7,15,-2.5350,90,2.53509
ENSG00000100316,RPL3,969,0.69087,600,-0.6908
ENSG00000100321,SYNGR1,92,-1.0667,194,1.06674
ENSG00000128268,MGAT3,30,-1.0847,65,1.08476
ENSG00000100335,MIEF1,6,-2.3149,31,2.31494
ENSG00000128272,ATF4,83,0.00785,82,-0.0078
ENSG00000187051,RPS19BP1,87,-0.5675,128,0.56750
ENSG00000100346,CACNA1I,18,-0.5141,26,0.51412
ENSG00000100354,TNRC6B,77,-0.4536,106,0.45361
ENSG00000239900,ADSL,27,-0.1967,32,0.19677
ENSG00000100359,SGSM3,41,-0.3579,52,0.35795
ENSG00000196588,MRTFA,23,-0.5826,34,0.58260
ENSG00000100380,ST13,456,0.88585,247,-0.8858
ENSG00000100387,RBX1,162,-0.7426,272,0.74267
ENSG00000100393,EP300,62,0.85041,34,-0.8504
ENSG00000100395,L3MBTL2,11,-1.8990,44,1.89901
ENSG00000100401,RANGAP1,58,-1.3921,154,1.39210
ENSG00000100403,ZC3H7B,29,-0.8314,52,0.83145
ENSG00000167074,TEF,8,-2.7697,60,2.76971
ENSG00000183864,TOB2,71,1.35444,27,-1.3544
ENSG00000100412,ACO2,139,-0.9770,274,0.97706
ENSG00000100413,POLR3H,35,-0.8837,65,0.88370
ENSG00000100417,PMM1,23,-1.6600,74,1.66000
ENSG00000100418,DESI1,52,-0.1691,59,0.16910
ENSG00000196419,XRCC6,112,-0.6163,171,0.61630
ENSG00000100138,SNU13,113,-1.4505,310,1.45050
ENSG00000198911,SREBF2,56,-1.5257,162,1.52576
ENSG00000100167,SEPTIN3,115,-1.4585,317,1.45858
ENSG00000183172,SMDT1,117,-0.4609,161,0.46097
ENSG00000184983,NDUFA6,101,-0.5488,147,0.54883
ENSG00000100207,TCF20,13,-0.9411,25,0.94117
ENSG00000189306,RRP7A,21,-1.0366,43,1.03664
ENSG00000100227,POLDIP3,46,0.72264,28,-0.7226
ENSG00000100243,CYB5R3,180,0.80868,103,-0.8086
ENSG00000242247,ARFGAP3,74,1.61666,24,-1.6166
ENSG00000100266,PACSIN2,66,0.69677,40,-0.6967
ENSG00000100300,TSPO,126,2.47201,22,-2.4720
ENSG00000100304,TTLL12,13,-1.1327,30,1.13279
ENSG00000186732,MPPED1,41,-1.5748,123,1.57486
ENSG00000130540,SULT4A1,56,-2.1204,244,2.12043
ENSG00000100347,SAMM50,52,0.19598,45,-0.1959
ENSG00000188677,PARVB,14,-0.9502,27,0.95021
ENSG00000138944,SHISAL1,35,-0.1753,39,0.17530
ENSG00000188636,RTL6,13,-2.2136,62,2.21367
ENSG00000093000,NUP50,51,-0.0528,53,0.05282
ENSG00000100364,KIAA0930,85,-0.4416,116,0.44160
ENSG00000130638,ATXN10,185,-0.1526,206,0.15264
ENSG00000075240,GRAMD4,0,-5.7298,35,5.72983
ENSG00000100422,CERK,42,-0.5397,61,0.53977
ENSG00000219438,TAFA5,16,-2.7543,112,2.75437
ENSG00000198355,PIM3,61,1.12633,28,-1.1263
ENSG00000100427,MLC1,100,0.34519,79,-0.3451
ENSG00000073150,PANX2,10,-1.4930,29,1.49306
ENSG00000188130,MAPK12,28,-0.0625,29,0.06254
ENSG00000185386,MAPK11,9,-1.4029,24,1.40295
ENSG00000196576,PLXNB2,65,0.99228,32,-0.9922
ENSG00000205593,DENND6B,9,-1.7112,31,1.71123
ENSG00000100239,PPP6R2,43,-0.0153,43,0.01533
ENSG00000100241,SBF1,39,-0.6382,62,0.63824
ENSG00000025770,NCAPH2,15,-0.4224,21,0.42243
ENSG00000284194,SCO2,15,-0.8763,27,0.87631
ENSG00000008735,MAPK8IP2,61,-1.9790,243,1.97906
ENSG00000251322,SHANK3,56,0.27426,46,-0.2742
ENSG00000079974,RABL2B,9,-1.5694,28,1.56945
ENSG00000169100,SLC25A6,167,-0.5290,241,0.52903
ENSG00000169093,ASMTL,24,-0.2711,29,0.27112
ENSG00000002586,CD99,277,3.48492,24,-3.4849
ENSG00000146938,NLGN4X,18,-1.8682,66,1.86822
ENSG00000101846,STS,19,-1.8069,69,1.80696
ENSG00000006757,PNPLA4,10,-1.3433,27,1.34339
ENSG00000011201,ANOS1,28,-0.0267,28,0.02676
ENSG00000146950,SHROOM2,16,-1.1029,35,1.10293
ENSG00000073464,CLCN4,29,-2.2185,138,2.21854
ENSG00000004961,HCCS,6,-1.9196,25,1.91965
ENSG00000005302,MSL3,39,-0.1694,44,0.16942
ENSG00000169933,FRMPD4,49,-0.6215,76,0.62156
ENSG00000101911,PRPS2,14,-2.0069,57,2.00696
ENSG00000205542,TMSB4X,4459,1.40083,1688,-1.4008
ENSG00000123595,RAB9A,26,0.11998,24,-0.1199
ENSG00000196459,TRAPPC2,30,-0.1058,32,0.10588
ENSG00000046653,GPM6B,1331,0.69486,822,-0.6948
ENSG00000182287,AP1S2,193,1.06846,92,-1.0684
ENSG00000169895,SYAP1,77,0.55353,52,-0.5535
ENSG00000086712,TXLNG,18,-0.3189,22,0.31892
ENSG00000102054,RBBP7,107,0.38469,82,-0.3846
ENSG00000169891,REPS2,38,-1.5198,109,1.51989
ENSG00000008086,CDKL5,90,-0.9016,168,0.90163
ENSG00000131828,PDHA1,13,-2.6453,86,2.64533
ENSG00000147010,SH3KBP1,56,-0.0688,59,0.06886
ENSG00000184368,MAP7D2,2,-5.4493,125,5.44932
ENSG00000173674,EIF1AX,206,-0.1706,232,0.17067
ENSG00000177189,RPS6KA3,39,-0.0976,42,0.09767
ENSG00000149970,CNKSR2,126,-0.9836,250,0.98368
ENSG00000012174,MBTPS2,37,0.26363,31,-0.2636
ENSG00000102172,SMS,50,-0.9872,99,0.98729
ENSG00000123131,PRDX4,29,0.24084,24,-0.2408
ENSG00000130066,SAT1,609,2.89671,81,-2.8967
ENSG00000184831,APOO,11,-2.4079,62,2.40797
ENSG00000130741,EIF2S3,101,-0.1000,109,0.10004
ENSG00000005889,ZFX,39,0.05755,38,-0.0575
ENSG00000067992,PDK3,61,-0.5948,92,0.59487
ENSG00000157625,TAB3,35,0.28882,28,-0.2888
ENSG00000198947,DMD,86,0.68717,53,-0.6871
ENSG00000147027,TMEM47,227,1.32086,91,-1.3208
ENSG00000047597,XK,1,-3.9274,27,3.92742
ENSG00000165169,DYNLT3,101,-0.6541,159,0.65410
ENSG00000156298,TSPAN7,214,-2.2181,997,2.21818
ENSG00000165175,MID1IP1,30,-1.1203,66,1.12033
ENSG00000182220,ATP6AP2,93,-1.7504,315,1.75049
ENSG00000124486,USP9X,195,0.45300,142,-0.4530
ENSG00000215301,DDX3X,214,0.30144,173,-0.3014
ENSG00000147044,CASK,39,0.00185,39,-0.0018
ENSG00000189221,MAOA,58,1.08310,27,-1.0831
ENSG00000069535,MAOB,62,-0.2053,71,0.20535
ENSG00000124479,NDP,36,0.10133,33,-0.1013
ENSG00000069509,FUNDC1,2,-4.4057,48,4.40574
ENSG00000065923,SLC9A7,66,0.21239,57,-0.2123
ENSG00000147123,NDUFB11,103,-1.1116,224,1.11168
ENSG00000182872,RBM10,73,0.47320,52,-0.4732
ENSG00000130985,UBA1,87,-0.9989,175,0.99896
ENSG00000102225,CDK16,23,-1.4671,65,1.46716
ENSG00000102226,USP11,144,-0.8759,264,0.87597
ENSG00000008056,SYN1,189,-1.0738,398,1.07386
ENSG00000126767,ELK1,35,-1.0102,71,1.01028
ENSG00000126756,UXT,34,-0.3032,42,0.30320
ENSG00000102312,PORCN,0,-5.7603,30,5.76033
ENSG00000147155,EBP,23,-0.0845,24,0.08450
ENSG00000068354,TBC1D25,29,0.12362,26,-0.1236
ENSG00000102317,RBM3,74,0.61431,48,-0.6143
ENSG00000101940,WDR13,55,-0.4683,76,0.46836
ENSG00000102109,PCSK1N,296,-0.9614,576,0.96147
ENSG00000102103,PQBP1,74,0.84436,41,-0.8443
ENSG00000126768,TIMM17B,25,-1.3360,64,1.33602
ENSG00000068308,OTUD5,39,-0.8207,69,0.82075
ENSG00000068400,GRIPAP1,16,-1.7672,57,1.76721
ENSG00000068323,TFE3,19,-1.0295,38,1.02958
ENSG00000243279,PRAF2,72,-0.3111,90,0.31112
ENSG00000196998,WDR45,35,-0.4267,47,0.42671
ENSG00000102003,SYP,114,-1.6900,370,1.69007
ENSG00000049769,PPP1R3F,45,0.10212,42,-0.1021
ENSG00000196368,NUDT11,6,-3.3954,64,3.39546
ENSG00000189369,GSPT2,18,-0.5177,26,0.51773
ENSG00000179222,MAGED1,141,-0.9160,266,0.91607
ENSG00000184205,TSPYL2,62,-0.9704,122,0.97046
ENSG00000126012,KDM5C,45,-0.2088,52,0.20880
ENSG00000124313,IQSEC2,35,-1.1242,78,1.12424
ENSG00000086758,HUWE1,136,0.20723,118,-0.2072
ENSG00000158526,TSR2,53,-0.4695,74,0.46955
ENSG00000102316,MAGED2,94,-0.5642,140,0.56426
ENSG00000067445,TRO,18,-1.5932,54,1.59325
ENSG00000256045,MTRNR2L10,119,-0.2595,143,0.25953
ENSG00000187601,MAGEH1,29,-2.1361,130,2.13617
ENSG00000083750,RRAGB,22,-0.2777,27,0.27770
ENSG00000188021,UBQLN2,69,-1.1315,152,1.13157
ENSG00000204272,NBDY,111,0.87708,60,-0.8770
ENSG00000235437,LINC01278,27,0.31026,22,-0.3102
ENSG00000131089,ARHGEF9,75,-0.9045,140,0.90455
ENSG00000181704,YIPF6,52,0.12107,48,-0.1210
ENSG00000181191,PJA1,15,-2.6506,96,2.65068
ENSG00000089289,IGBP1,44,-0.1356,49,0.13564
ENSG00000120509,PDZD11,63,0.34706,49,-0.3470
ENSG00000082458,DLG3,22,-1.6315,71,1.63159
ENSG00000147164,SNX12,10,-1.9643,40,1.96431
ENSG00000196338,NLGN3,9,-2.6913,58,2.69135
ENSG00000147130,ZMYM3,36,-0.5019,51,0.50194
ENSG00000147140,NONO,128,0.34648,101,-0.3464
ENSG00000147162,OGT,83,-0.4590,114,0.45902
ENSG00000102309,PIN4,70,0.09980,66,-0.0998
ENSG00000198034,RPS4X,1091,1.57479,366,-1.5747
ENSG00000186462,NAP1L2,75,-1.9823,300,1.98234
ENSG00000204116,CHIC1,47,-0.4946,66,0.49468
ENSG00000229807,XIST,462,1.38385,177,-1.3838
ENSG00000230590,FTX,100,0.86035,55,-0.8603
ENSG00000225470,JPX,99,0.73529,59,-0.7352
ENSG00000131263,RLIM,71,-0.5909,107,0.59095
ENSG00000050030,NEXMIF,20,-0.8460,37,0.84607
ENSG00000198934,MAGEE1,20,-2.0937,89,2.09370
ENSG00000085224,ATRX,313,0.58858,208,-0.5885
ENSG00000131174,COX7B,312,-0.4878,437,0.48786
ENSG00000102144,PGK1,295,-0.9184,559,0.91846
ENSG00000187325,TAF9B,45,0.41273,34,-0.4127
ENSG00000078596,ITM2A,462,2.82391,65,-2.8239
ENSG00000131171,SH3BGRL,314,1.14384,142,-1.1438
ENSG00000155008,APOOL,49,0.50274,34,-0.5027
ENSG00000147180,ZNF711,2,-3.9085,36,3.90854
ENSG00000188419,CHM,51,-0.3397,65,0.33973
ENSG00000126733,DACH2,3,-2.8516,28,2.85164
ENSG00000186310,NAP1L3,110,-1.5432,322,1.54327
ENSG00000165194,PCDH19,12,-1.9182,47,1.91828
ENSG00000126950,TMEM35A,11,-3.0578,93,3.05785
ENSG00000102385,DRP2,3,-2.7082,25,2.70825
ENSG00000241343,RPL36A,1010,1.05753,485,-1.0575
ENSG00000126945,HNRNPH2,98,-0.6310,152,0.63106
ENSG00000196440,ARMCX4,20,-0.6396,31,0.63960
ENSG00000126947,ARMCX1,17,-1.6781,55,1.67812
ENSG00000102401,ARMCX3,62,-1.2383,147,1.23831
ENSG00000184867,ARMCX2,35,-1.2063,82,1.20631
ENSG00000184905,TCEAL2,43,-2.4908,245,2.49084
ENSG00000204071,TCEAL6,32,-1.5757,96,1.57579
ENSG00000184515,BEX5,127,-1.2546,304,1.25460
ENSG00000198932,GPRASP1,82,-1.0373,168,1.03734
ENSG00000158301,GPRASP2,23,-2.4973,129,2.49736
ENSG00000133169,BEX1,150,-2.3295,758,2.32954
ENSG00000102409,BEX4,124,-1.2805,302,1.28056
ENSG00000180964,TCEAL8,131,0.42391,97,-0.4239
ENSG00000204065,TCEAL5,40,-1.0755,86,1.07553
ENSG00000133134,BEX2,63,-2.5292,365,2.52922
ENSG00000182916,TCEAL7,86,-0.6520,135,0.65202
ENSG00000185222,TCEAL9,191,1.90711,51,-1.9071
ENSG00000166681,BEX3,254,-1.6388,792,1.63881
ENSG00000133142,TCEAL4,241,0.37976,185,-0.3797
ENSG00000196507,TCEAL3,89,-0.4039,118,0.40396
ENSG00000172465,TCEAL1,24,-1.9054,91,1.90549
ENSG00000123562,MORF4L2,204,-1.1219,445,1.12197
ENSG00000123560,PLP1,375,-0.6866,604,0.68664
ENSG00000123570,RAB9B,13,-1.5468,39,1.54682
ENSG00000123575,FAM199X,58,-0.8130,102,0.81302
ENSG00000157502,PWWP3B,32,-0.6169,50,0.61694
ENSG00000147224,PRPS1,35,-0.9620,69,0.96209
ENSG00000157514,TSC22D3,157,0.33469,124,-0.3346
ENSG00000101843,PSMD10,13,-2.6083,82,2.60836
ENSG00000068366,ACSL4,107,-0.2945,132,0.29459
ENSG00000101938,CHRDL1,36,0.07937,34,-0.0793
ENSG00000077264,PAK3,204,0.23604,173,-0.2360
ENSG00000101901,ALG13,40,0.66281,25,-0.6628
ENSG00000126016,AMOT,4,-3.0713,40,3.07139
ENSG00000102024,PLS3,116,0.88969,62,-0.8896
ENSG00000174460,ZCCHC12,14,-1.8306,51,1.83065
ENSG00000101856,PGRMC1,120,-1.0508,249,1.05082
ENSG00000005022,SLC25A5,111,-0.8464,200,0.84642
ENSG00000077721,UBE2A,58,0.57424,38,-0.5742
ENSG00000186416,NKRF,9,-2.6083,58,2.60838
ENSG00000125354,SEPTIN6,23,-0.5705,35,0.57050
ENSG00000198918,RPL39,2205,1.50161,779,-1.5016
ENSG00000125356,NDUFA1,377,-0.1775,426,0.17757
ENSG00000101882,NKAP,28,0.02993,27,-0.0299
ENSG00000177485,ZBTB33,63,0.94276,33,-0.9427
ENSG00000005893,LAMP2,213,1.13904,97,-1.1390
ENSG00000158290,CUL4B,66,0.08025,62,-0.0802
ENSG00000232119,MCTS1,97,0.25874,81,-0.2587
ENSG00000125675,GRIA3,78,-1.1090,168,1.10905
ENSG00000125676,THOC2,65,0.96297,33,-0.9629
ENSG00000101966,XIAP,47,-1.0323,98,1.03239
ENSG00000101972,STAG2,135,1.48264,48,-1.4826
ENSG00000102038,SMARCA1,81,0.45223,59,-0.4522
ENSG00000122126,OCRL,12,-2.4064,68,2.40641
ENSG00000188706,ZDHHC9,23,-0.2692,27,0.26922
ENSG00000134594,RAB33A,15,-1.1201,34,1.12014
ENSG00000102078,SLC25A14,11,-1.5689,33,1.56895
ENSG00000156531,PHF6,40,0.20471,35,-0.2047
ENSG00000165704,HPRT1,96,-1.1289,210,1.12895
ENSG00000156504,FAM122B,21,-1.0453,43,1.04535
ENSG00000134590,RTL8C,125,-1.5936,378,1.59360
ENSG00000203950,RTL8A,40,-0.1903,46,0.19030
ENSG00000196972,SMIM10L2B,17,-1.3400,44,1.34009
ENSG00000178947,SMIM10L2A,12,-2.1859,54,2.18590
ENSG00000169446,MMGT1,46,0.24423,39,-0.2442
ENSG00000198689,SLC9A6,73,-1.2393,174,1.23937
ENSG00000022267,FHL1,142,-0.3059,175,0.30596
ENSG00000102241,HTATSF1,101,-0.0209,102,0.02090
ENSG00000147274,RBMX,124,0.78461,72,-0.7846
ENSG00000129682,FGF13,53,-0.7508,90,0.75080
ENSG00000101977,MCF2,24,-0.4183,33,0.41836
ENSG00000203930,LINC00632,3232,2.10375,752,-2.1037
ENSG00000182195,LDOC1,42,-0.6781,68,0.67810
ENSG00000179542,SLITRK4,31,-1.9465,122,1.94652
ENSG00000185985,SLITRK2,28,-0.9215,53,0.92155
ENSG00000102081,FMR1,104,-0.1352,115,0.13525
ENSG00000010404,IDS,912,-0.6860,1467,0.68602
ENSG00000102181,CD99L2,53,-1.0407,109,1.04077
ENSG00000160131,VMA21,118,0.53476,82,-0.5347
ENSG00000130032,PRRG3,3,-2.8058,25,2.80588
ENSG00000011677,GABRA3,14,-1.4231,39,1.42313
ENSG00000147400,CETN2,72,-0.1394,79,0.13949
ENSG00000183837,PNMA3,7,-2.8366,50,2.83663
ENSG00000235961,PNMA6A,11,-2.4245,62,2.42455
ENSG00000067842,ATP2B3,20,-1.7635,70,1.76356
ENSG00000262919,CCNQ,24,-0.7649,41,0.76491
ENSG00000130822,PNCK,27,-1.6827,88,1.68279
ENSG00000130821,SLC6A8,54,-0.2799,66,0.27995
ENSG00000185825,BCAP31,158,-0.2649,190,0.26496
ENSG00000067829,IDH3G,59,-0.3000,72,0.30006
ENSG00000180879,SSR4,270,0.98253,136,-0.9825
ENSG00000067840,PDZD4,103,-0.3725,133,0.37252
ENSG00000198910,L1CAM,37,-1.4789,103,1.47899
ENSG00000102030,NAA10,76,0.46099,55,-0.4609
ENSG00000172534,HCFC1,48,0.18086,42,-0.1808
ENSG00000169057,MECP2,55,0.08199,52,-0.0819
ENSG00000196924,FLNA,334,3.91315,22,-3.9131
ENSG00000102119,EMD,28,-0.5129,41,0.51290
ENSG00000147403,RPL10,1595,1.54684,546,-1.5468
ENSG00000071553,ATP6AP1,113,-1.1478,252,1.14784
ENSG00000203879,GDI1,219,-1.2668,527,1.26688
ENSG00000071859,FAM50A,27,-0.6675,43,0.66757
ENSG00000196976,LAGE3,32,-1.9289,122,1.92899
ENSG00000102178,UBL4A,29,-0.9895,58,0.98956
ENSG00000071889,FAM3A,60,0.73321,36,-0.7332
ENSG00000269335,IKBKG,35,0.62013,23,-0.6201
ENSG00000130830,MPP1,69,-0.1107,74,0.11073
ENSG00000185010,F8,3,-2.9314,26,2.93142
ENSG00000165775,FUNDC2,52,-0.5860,78,0.58604
ENSG00000155959,VBP1,61,-0.6962,99,0.69628
ENSG00000155961,RAB39B,23,-0.9440,45,0.94409
ENSG00000124333,VAMP7,13,-1.5453,39,1.54539
ENSG00000198888,MT-ND1,16069,-0.1408,17716,0.14080
ENSG00000198763,MT-ND2,15961,0.13895,14495,-0.1389
ENSG00000198712,MT-CO2,15586,-0.6184,23928,0.61840
ENSG00000228253,MT-ATP8,2422,1.08064,1145,-1.0806
ENSG00000198899,MT-ATP6,14486,-0.3205,18090,0.32050
ENSG00000198938,MT-CO3,13961,-0.6745,22282,0.67450
ENSG00000212907,MT-ND4L,3711,0.66360,2343,-0.6636
ENSG00000198886,MT-ND4,20827,-0.0743,21929,0.07435
ENSG00000198786,MT-ND5,6424,0.58881,4271,-0.5888
ENSG00000198695,MT-ND6,209,0.46548,152,-0.4654
ENSG00000198727,MT-CYB,12897,-0.0011,12908,0.00114
ENSG00000278817,AC007325.4,8,-1.8935,33,1.89350
