Feature ID,Feature Name,Feature count topic 1,Feature log2 fold change topic 1,Feature count topic 2,Feature log2 fold change topic 2,Feature count topic 3,Feature log2 fold change topic 3,Feature count topic 4,Feature log2 fold change topic 4,Feature count topic 5,Feature log2 fold change topic 5,Feature count topic 6,Feature log2 fold change topic 6,Feature count topic 7,Feature log2 fold change topic 7,Feature count topic 8,Feature log2 fold change topic 8,Feature count topic 9,Feature log2 fold change topic 9,Feature count topic 10,Feature log2 fold change topic 10
ENSG00000228794,LINC01128,7,-2.0311,26,-0.1881,42,0.59403,36,0.34201,34,0.24841,24,-0.2809,38,0.45527,18,-0.7481,47,0.80398,17,-0.7871
ENSG00000188976,NOC2L,32,-0.8382,64,0.27293,47,-0.2215,88,0.80294,69,0.38779,49,-0.1562,53,-0.0416,35,-0.6788,41,-0.4394,64,0.26922
ENSG00000188290,HES4,43,-0.3647,94,0.89344,55,-0.0095,43,-0.3775,48,-0.2259,71,0.40650,38,-0.5854,48,-0.1980,31,-0.8706,78,0.57033
ENSG00000187608,ISG15,42,0.16045,28,-0.4651,30,-0.3821,32,-0.2624,33,-0.2207,35,-0.1070,42,0.17020,36,-0.0738,52,0.51467,49,0.39562
ENSG00000188157,AGRN,42,0.80238,12,-1.1574,31,0.28150,18,-0.5677,23,-0.1726,29,0.17324,22,-0.2441,18,-0.5796,20,-0.4193,44,0.86967
ENSG00000078808,SDF4,93,0.24888,79,-0.0239,103,0.41699,111,0.53087,69,-0.2307,67,-0.2776,55,-0.5703,68,-0.2521,79,-0.0243,75,-0.1085
ENSG00000176022,B3GALT6,15,-0.9913,28,-0.0276,29,0.01644,26,-0.1645,27,-0.0706,42,0.63133,29,0.03761,24,-0.3093,42,0.59442,25,-0.2267
ENSG00000160087,UBE2J2,23,-0.7905,30,-0.3792,57,0.63883,37,-0.0607,50,0.41814,39,0.03626,35,-0.1284,47,0.32056,28,-0.5059,38,-0.0171
ENSG00000131584,ACAP3,162,0.91369,66,-0.5393,140,0.65836,81,-0.2202,70,-0.4544,68,-0.4993,76,-0.3283,87,-0.1198,78,-0.2812,107,0.21016
ENSG00000127054,INTS11,65,0.40064,53,0.09234,95,1.04609,44,-0.2160,43,-0.2342,41,-0.3111,39,-0.4124,35,-0.5550,38,-0.4345,51,0.00685
ENSG00000224051,CPTP,29,-0.0981,25,-0.3260,42,0.52932,35,0.20563,30,-0.0146,29,-0.0689,26,-0.2271,20,-0.6694,25,-0.2870,44,0.57997
ENSG00000107404,DVL1,81,0.40326,62,-0.0355,69,0.14452,68,0.10589,42,-0.6231,44,-0.5610,54,-0.2549,66,0.05777,70,0.15663,77,0.31604
ENSG00000175756,AURKAIP1,183,0.28450,86,-0.9009,162,0.08736,146,-0.0852,171,0.16928,140,-0.1437,100,-0.6790,114,-0.4640,193,0.37151,241,0.74163
ENSG00000221978,CCNL2,125,1.04924,67,0.00311,36,-0.9641,77,0.24437,73,0.15287,67,0.00603,38,-0.8599,39,-0.8230,76,0.21789,67,0.01776
ENSG00000242485,MRPL20,137,-0.3111,241,0.60355,186,0.17505,196,0.26521,160,-0.0606,129,-0.4043,179,0.11244,135,-0.3279,174,0.06663,129,-0.4018
ENSG00000235098,ANKRD65,31,0.32438,25,-0.0449,39,0.67225,39,0.71143,33,0.41819,24,-0.0727,21,-0.3242,14,-0.9022,14,-0.9360,15,-0.8271
ENSG00000179403,VWA1,245,3.56349,31,-0.4967,18,-1.3524,15,-1.5640,16,-1.4732,13,-1.7429,25,-0.8377,31,-0.5191,12,-1.8837,22,-1.0483
ENSG00000197785,ATAD3A,21,0.12381,23,0.26788,24,0.31608,29,0.61200,17,-0.2201,14,-0.4688,17,-0.2037,10,-0.9406,14,-0.5503,26,0.46153
ENSG00000205090,TMEM240,16,-1.2257,18,-1.0239,68,1.10359,48,0.51808,25,-0.5061,44,0.34566,38,0.10698,53,0.65541,16,-1.2105,26,-0.4564
ENSG00000160075,SSU72,93,-0.8267,116,-0.4821,211,0.47477,187,0.26979,229,0.61198,216,0.51068,149,-0.0893,133,-0.2670,118,-0.4554,126,-0.3617
ENSG00000228594,FNDC10,7,-2.3052,42,0.27142,31,-0.1872,43,0.30235,42,0.25754,71,1.17400,28,-0.3645,42,0.27050,21,-0.8308,27,-0.4294
ENSG00000272106,AL691432.2,24,0.22404,21,0.05503,54,1.66723,14,-0.6197,13,-0.6700,21,0.03860,9,-1.2363,17,-0.3033,24,0.22766,9,-1.3100
ENSG00000197530,MIB2,44,0.09805,48,0.25493,54,0.42633,37,-0.1511,36,-0.2258,40,-0.0454,47,0.20423,24,-0.8348,27,-0.6553,55,0.47512
ENSG00000189339,SLC35E2B,16,-0.4912,26,0.28131,29,0.43700,26,0.29530,25,0.22501,23,0.10926,15,-0.5392,17,-0.3569,14,-0.7360,27,0.31815
ENSG00000215790,SLC35E2A,31,0.03082,47,0.70021,34,0.18840,23,-0.4212,34,0.19360,20,-0.6383,24,-0.3915,25,-0.2770,32,0.07760,33,0.14989
ENSG00000008130,NADK,25,-0.3182,34,0.16452,41,0.49025,20,-0.6509,39,0.40273,39,0.41819,23,-0.4408,25,-0.2779,23,-0.4598,35,0.22061
ENSG00000078369,GNB1,270,-0.7123,340,-0.3565,508,0.28666,440,0.05202,467,0.14973,603,0.56944,486,0.21409,432,0.02453,337,-0.3708,374,-0.2058
ENSG00000187730,GABRD,28,-3.1429,163,-0.5574,306,0.44658,361,0.72259,243,0.07225,208,-0.1819,274,0.26579,126,-0.9553,364,0.73590,254,0.13766
ENSG00000067606,PRKCZ,136,-0.3779,170,-0.0317,160,-0.1326,232,0.47737,225,0.42373,217,0.36036,164,-0.0921,139,-0.3544,161,-0.1211,131,-0.4418
ENSG00000162585,FAAP20,97,1.33858,62,0.57075,11,-2.1152,30,-0.5922,46,0.06018,38,-0.2233,35,-0.3507,41,-0.1156,39,-0.2030,41,-0.1085
ENSG00000157933,SKI,18,-0.9759,26,-0.4375,41,0.28322,20,-0.8636,24,-0.5381,45,0.44321,24,-0.5562,61,0.95599,32,-0.1113,52,0.67745
ENSG00000157916,RER1,67,-0.0471,57,-0.3063,80,0.23138,97,0.54728,93,0.47576,47,-0.5954,49,-0.5464,44,-0.7227,83,0.28445,76,0.15453
ENSG00000157911,PEX10,45,0.94322,27,0.07337,21,-0.3315,28,0.14652,17,-0.6671,37,0.58531,19,-0.4380,19,-0.4754,22,-0.2370,21,-0.2694
ENSG00000149527,PLCH2,22,-0.3710,34,0.37233,40,0.62620,30,0.15918,20,-0.4555,15,-0.9173,16,-0.8552,28,0.03694,43,0.73613,25,-0.1419
ENSG00000157881,PANK4,9,-1.0111,15,-0.2789,29,0.76400,25,0.45948,14,-0.4363,28,0.69144,16,-0.2440,17,-0.1184,19,0.03733,12,-0.7103
ENSG00000157873,TNFRSF14,14,-0.6373,11,-1.0387,47,1.31511,19,-0.2047,19,-0.2300,32,0.66700,14,-0.6107,19,-0.1891,18,-0.2599,21,-0.0087
ENSG00000157870,PRXL2B,15,-1.7272,51,0.16432,56,0.33334,57,0.35405,49,0.09221,51,0.18362,50,0.12501,54,0.26437,38,-0.2837,38,-0.3103
ENSG00000177133,PRDM16-DT,8,-1.4365,21,-0.0494,9,-1.2648,7,-1.6083,15,-0.5820,6,-1.9868,22,0.02238,40,0.99305,24,0.16967,65,1.90808
ENSG00000158109,TPRG1L,71,-1.3683,164,-0.0984,183,0.08101,206,0.27703,214,0.33403,245,0.55900,218,0.36974,107,-0.7585,137,-0.3800,194,0.17608
ENSG00000130764,LRRC47,56,-0.8322,99,0.05977,114,0.29580,117,0.33913,119,0.36197,99,0.06929,90,-0.0772,57,-0.7963,87,-0.1397,112,0.26542
ENSG00000198912,C1orf174,11,-0.4563,17,0.12230,17,0.14874,19,0.31944,21,0.50629,12,-0.3835,13,-0.1994,16,0.08050,22,0.60245,5,-1.6918
ENSG00000196581,AJAP1,10,-2.0111,55,0.52817,70,0.93795,47,0.26547,37,-0.1164,36,-0.1759,26,-0.6826,29,-0.4794,37,-0.0993,51,0.38492
ENSG00000069424,KCNAB2,60,-1.9408,193,-0.1745,278,0.41448,206,-0.0709,282,0.44031,236,0.14549,199,-0.1280,217,0.01383,251,0.24884,231,0.11413
ENSG00000116254,CHD5,29,-2.3769,129,-0.1291,152,0.12449,191,0.50629,139,-0.0154,128,-0.1490,197,0.55693,114,-0.3229,143,0.03094,180,0.40610
ENSG00000116251,RPL22,968,1.61355,284,-0.4666,345,-0.1599,269,-0.5510,303,-0.3632,309,-0.3338,289,-0.4402,380,-0.0047,361,-0.0898,307,-0.3449
ENSG00000116237,ICMT,26,-0.8299,73,0.80725,53,0.28704,61,0.49843,30,-0.6363,32,-0.5370,23,-1.0096,34,-0.4341,69,0.71189,46,0.05109
ENSG00000097021,ACOT7,77,-1.9582,266,-0.0841,291,0.06286,425,0.68874,372,0.46181,556,1.15674,244,-0.2210,124,-1.2571,219,-0.3890,225,-0.3434
ENSG00000215788,TNFRSF25,0,-5.3351,21,-0.2991,69,1.72682,30,0.24858,25,-0.0366,15,-0.7978,12,-1.1514,19,-0.4631,26,0.01032,38,0.64759
ENSG00000171680,PLEKHG5,2,-3.7680,24,-0.1142,63,1.48536,26,-0.0248,7,-1.8443,13,-1.0051,20,-0.4183,22,-0.2779,45,0.90522,39,0.64069
ENSG00000162408,NOL9,13,-1.1563,21,-0.5156,39,0.45839,38,0.43118,48,0.81586,22,-0.4530,34,0.25597,33,0.19846,24,-0.3153,19,-0.6345
ENSG00000162413,KLHL21,13,-1.3796,49,0.66916,51,0.72836,33,0.02622,37,0.20822,27,-0.3231,14,-1.2764,39,0.26190,18,-0.9035,46,0.53849
ENSG00000041988,THAP3,33,0.83633,21,0.09927,27,0.50701,23,0.24283,11,-0.8425,21,0.13120,12,-0.7177,11,-0.9332,12,-0.8176,26,0.44151
ENSG00000007923,DNAJC11,31,-0.2535,47,0.40734,37,0.01734,35,-0.0677,53,0.61149,35,-0.0511,25,-0.5894,25,-0.5543,26,-0.5417,50,0.51922
ENSG00000171735,CAMTA1,73,-1.4623,291,0.69785,181,-0.0796,222,0.24876,192,0.01131,197,0.05818,201,0.08875,201,0.09058,157,-0.3042,187,-0.0267
ENSG00000049245,VAMP3,169,3.19904,16,-1.0617,17,-1.0008,12,-1.5791,19,-0.8449,14,-1.2949,23,-0.5737,27,-0.3167,18,-0.9136,15,-1.1615
ENSG00000049246,PER3,36,-0.0282,73,1.17655,40,0.14420,23,-0.6910,29,-0.3505,32,-0.1943,28,-0.4189,27,-0.4449,30,-0.2919,45,0.33842
ENSG00000116288,PARK7,287,-0.4437,292,-0.4156,372,-0.0322,323,-0.2590,528,0.53958,517,0.50491,278,-0.4902,284,-0.4584,505,0.46360,412,0.12982
ENSG00000116285,ERRFI1,21,-0.5632,31,0.03609,48,0.73793,22,-0.5099,31,0.00050,26,-0.2441,28,-0.1604,23,-0.4378,51,0.82974,25,-0.3126
ENSG00000162426,SLC45A1,8,-2.1126,15,-1.1233,38,0.26268,39,0.32526,27,-0.2687,72,1.35318,36,0.17691,29,-0.1518,39,0.29206,19,-0.8305
ENSG00000142599,RERE,72,-0.8154,164,0.48423,194,0.76816,138,0.20768,127,0.06569,116,-0.0747,96,-0.3742,94,-0.4072,83,-0.5926,132,0.13515
ENSG00000074800,ENO1,528,-0.2163,745,0.33763,529,-0.2127,637,0.08382,699,0.23411,637,0.08439,520,-0.2410,615,0.02565,476,-0.3772,662,0.14514
ENSG00000171612,SLC25A33,21,-1.0445,57,0.53535,30,-0.4717,31,-0.4096,27,-0.6595,33,-0.3239,37,-0.1412,55,0.47516,54,0.46054,63,0.70824
ENSG00000171603,CLSTN1,249,-1.8320,849,0.05141,930,0.19756,1114,0.49566,1074,0.43407,1301,0.75727,647,-0.3794,454,-0.9278,712,-0.2297,896,0.13812
ENSG00000178585,CTNNBIP1,67,0.99192,56,0.68294,20,-0.9223,14,-1.4163,57,0.71602,44,0.26863,36,-0.0208,31,-0.2842,25,-0.6050,18,-1.0935
ENSG00000162441,LZIC,71,1.13620,38,0.07654,31,-0.2516,29,-0.3338,28,-0.4128,17,-1.1348,33,-0.1274,21,-0.8266,20,-0.9303,73,1.17797
ENSG00000130939,UBE4B,37,-0.2519,45,0.06836,49,0.20781,22,-1.0409,69,0.76374,61,0.57048,30,-0.5861,33,-0.3994,45,0.07935,40,-0.1102
ENSG00000054523,KIF1B,305,0.29509,348,0.51604,224,-0.1978,218,-0.2401,272,0.11001,272,0.11385,233,-0.1337,197,-0.3973,217,-0.2508,251,-0.0152
ENSG00000142657,PGD,47,-0.2391,54,-0.0145,33,-0.7861,60,0.16926,71,0.42555,88,0.79900,48,-0.1858,30,-0.9043,47,-0.2244,65,0.28923
ENSG00000241563,CORT,19,-2.1743,42,-0.9683,18,-2.2525,8,-3.3534,5,-3.9581,520,4.11075,26,-1.7099,50,-0.7116,50,-0.7149,50,-0.6926
ENSG00000160049,DFFA,57,1.06581,42,0.55339,15,-1.0061,47,0.73720,17,-0.8422,25,-0.3117,20,-0.6003,25,-0.2554,27,-0.1922,24,-0.3572
ENSG00000142655,PEX14,22,-0.5360,36,0.26301,41,0.44439,34,0.15533,30,-0.0544,38,0.32534,25,-0.3324,24,-0.4052,30,-0.0676,30,-0.0568
ENSG00000120948,TARDBP,115,0.74019,105,0.58705,92,0.36178,68,-0.1343,69,-0.1045,85,0.23232,44,-0.7851,59,-0.3512,36,-1.1090,62,-0.2628
ENSG00000116649,SRM,43,-0.9418,70,-0.1813,126,0.78676,71,-0.1622,86,0.14887,83,0.09902,48,-0.7542,99,0.38442,65,-0.2882,92,0.25409
ENSG00000171824,EXOSC10,58,0.92991,38,0.22982,30,-0.1633,38,0.24469,34,0.06784,31,-0.0938,15,-1.2242,19,-0.8581,46,0.53805,21,-0.7311
ENSG00000198793,MTOR,33,-0.3960,42,-0.0255,54,0.38946,65,0.69270,46,0.12851,49,0.23017,29,-0.5752,33,-0.4227,45,0.09178,29,-0.5844
ENSG00000116661,FBXO2,221,0.19403,162,-0.2961,173,-0.1934,171,-0.2124,186,-0.0785,187,-0.0672,186,-0.0761,216,0.15852,278,0.57299,175,-0.1755
ENSG00000132879,FBXO44,76,-0.7740,108,-0.2410,198,0.75105,139,0.16938,125,-0.0090,200,0.77311,94,-0.4550,95,-0.4313,85,-0.6042,133,0.09687
ENSG00000116670,MAD2L2,27,0.84119,12,-0.3997,29,0.93753,14,-0.2233,20,0.35077,6,-1.3807,12,-0.4529,17,0.11390,13,-0.3286,10,-0.6715
ENSG00000011021,CLCN6,53,-0.4183,57,-0.3163,77,0.17201,72,0.06131,106,0.69342,73,0.07963,79,0.21651,55,-0.3537,73,0.07793,48,-0.5735
ENSG00000116685,KIAA2013,101,1.59201,28,-0.5418,34,-0.2699,25,-0.7242,34,-0.2702,47,0.24285,19,-1.1218,27,-0.5941,22,-0.8892,63,0.73961
ENSG00000083444,PLOD1,23,0.07032,29,0.42932,23,0.03553,12,-0.9859,19,-0.2201,23,0.03751,20,-0.1770,23,0.05545,23,0.07938,27,0.32949
ENSG00000116688,MFN2,102,0.02221,87,-0.2343,96,-0.0796,124,0.33104,93,-0.1249,130,0.41070,107,0.10399,74,-0.4821,117,0.23990,77,-0.4132
ENSG00000116691,MIIP,29,0.92490,16,-0.0362,19,0.25428,15,-0.1635,14,-0.1858,20,0.34285,8,-1.0122,13,-0.3579,11,-0.5868,17,0.11491
ENSG00000048707,VPS13D,41,-0.5694,80,0.50377,43,-0.4853,66,0.16894,90,0.68845,65,0.14425,57,-0.0618,34,-0.8636,63,0.11385,51,-0.2155
ENSG00000162496,DHRS3,26,0.31150,15,-0.5387,8,-1.4810,12,-0.9037,23,0.13276,24,0.23112,16,-0.3939,36,0.85974,12,-0.8306,39,1.02969
ENSG00000116731,PRDM2,67,-0.1500,88,0.28607,109,0.63870,67,-0.1638,70,-0.0932,71,-0.0653,52,-0.5588,48,-0.6852,86,0.24607,82,0.15989
ENSG00000189337,KAZN,77,0.68276,62,0.34439,37,-0.4824,44,-0.2109,58,0.23333,65,0.42047,41,-0.3198,34,-0.5911,39,-0.4054,46,-0.1513
ENSG00000142634,EFHD2,75,-0.0559,142,1.00450,17,-2.3181,67,-0.2461,227,1.87829,97,0.34693,57,-0.4813,31,-1.3943,37,-1.1646,30,-1.4778
ENSG00000116138,DNAJC16,27,-0.2653,17,-0.9488,41,0.35850,40,0.31876,28,-0.2151,49,0.68011,19,-0.8491,40,0.32909,29,-0.1765,34,0.09317
ENSG00000197312,DDI2,10,-1.0387,31,0.74659,16,-0.3043,23,0.26119,26,0.44745,19,-0.0275,21,0.15992,15,-0.3648,18,-0.1101,15,-0.3847
ENSG00000116786,PLEKHM2,87,0.50964,57,-0.1860,65,0.02331,43,-0.6215,65,0.02353,66,0.06933,67,0.09015,61,-0.0640,51,-0.3453,75,0.26059
ENSG00000065526,SPEN,51,0.72417,31,-0.0633,29,-0.1565,25,-0.4061,28,-0.2566,20,-0.7779,33,0.01722,44,0.49451,28,-0.2107,36,0.16562
ENSG00000116809,ZBTB17,49,1.68521,9,-0.9960,23,0.34034,11,-0.8100,16,-0.2515,12,-0.5889,10,-0.9262,12,-0.6757,11,-0.8133,31,0.85314
ENSG00000037637,FBXO42,3,-2.4156,18,-0.0063,32,0.99476,21,0.24240,31,0.91908,19,0.11376,15,-0.2366,18,0.02718,9,-1.0460,11,-0.7332
ENSG00000055070,SZRD1,48,1.18154,17,-0.4666,25,0.08037,16,-0.5879,14,-0.7851,12,-0.9632,19,-0.2950,26,0.17588,9,-1.4005,48,1.17798
ENSG00000159363,ATP13A2,57,-1.4969,150,-0.0169,140,-0.1242,210,0.52732,174,0.22176,235,0.72252,168,0.16726,94,-0.7436,152,-0.0021,137,-0.1686
ENSG00000117118,SDHB,56,-0.9649,155,0.64690,115,0.16495,105,0.01054,110,0.08331,139,0.47457,80,-0.4104,67,-0.6992,77,-0.4804,138,0.45896
ENSG00000117115,PADI2,384,3.54559,31,-1.1860,26,-1.4808,26,-1.4321,8,-3.1692,27,-1.4254,41,-0.7635,55,-0.3104,32,-1.1627,46,-0.6065
ENSG00000179051,RCC2,29,0.24780,29,0.27654,26,0.07852,22,-0.1711,14,-0.8599,27,0.14145,20,-0.3575,10,-1.4121,39,0.74585,31,0.37822
ENSG00000074964,ARHGEF10L,25,0.47198,20,0.10582,11,-0.7498,27,0.59723,14,-0.4789,15,-0.3377,13,-0.5439,10,-0.9235,9,-1.0259,42,1.35442
ENSG00000117154,IGSF21,54,-0.7738,70,-0.3884,118,0.45143,146,0.81841,71,-0.3475,89,-0.0011,76,-0.2419,56,-0.7218,108,0.31525,102,0.21607
ENSG00000159423,ALDH4A1,49,0.92299,28,0.02886,16,-0.8226,21,-0.4107,24,-0.2117,9,-1.6554,35,0.37039,39,0.55068,23,-0.2905,33,0.26053
ENSG00000127463,EMC1,26,-0.3949,49,0.63469,35,0.08942,27,-0.3238,56,0.85794,27,-0.3009,30,-0.1615,18,-0.9130,25,-0.4053,38,0.20973
ENSG00000053372,MRTO4,22,-0.5141,22,-0.5210,33,0.08610,25,-0.3202,35,0.16718,39,0.34994,30,-0.0405,25,-0.3500,35,0.19166,45,0.59219
ENSG00000053371,AKR7A2,74,1.24195,26,-0.4616,39,0.17166,25,-0.5210,33,-0.1310,20,-0.8554,28,-0.3817,44,0.34250,36,0.04790,28,-0.3718
ENSG00000077549,CAPZB,164,0.04832,133,-0.2816,168,0.08620,129,-0.3323,194,0.31450,221,0.53059,124,-0.3999,133,-0.2835,144,-0.1609,184,0.22842
ENSG00000173436,MICOS10,281,0.05602,255,-0.1004,224,-0.3052,295,0.13399,283,0.06353,340,0.36404,256,-0.0946,229,-0.2734,253,-0.1115,300,0.16141
ENSG00000158747,NBL1,109,-0.6391,157,-0.0741,184,0.17759,148,-0.1700,176,0.11028,184,0.17876,129,-0.3855,159,-0.0550,162,-0.0274,237,0.60196
ENSG00000169914,OTUD3,4,-2.4933,19,-0.1231,17,-0.3066,34,0.83488,29,0.54703,33,0.77382,20,-0.0297,16,-0.4155,29,0.58172,4,-2.2209
ENSG00000162545,CAMK2N1,626,-0.7248,746,-0.4528,1769,0.96312,763,-0.4164,671,-0.6167,615,-0.7517,675,-0.6083,1296,0.43259,1450,0.62041,1325,0.46941
ENSG00000090432,MUL1,10,-1.2696,52,1.29909,30,0.33942,16,-0.6289,28,0.23394,19,-0.4093,32,0.42835,20,-0.3023,11,-1.1550,24,-0.0336
ENSG00000183114,FAM43B,7,-1.3629,55,1.98788,10,-0.8455,15,-0.2250,25,0.53433,11,-0.6684,22,0.36341,12,-0.6326,11,-0.7319,8,-1.1073
ENSG00000158828,PINK1,337,-0.2512,352,-0.1816,321,-0.3233,384,-0.0404,592,0.66935,424,0.11897,362,-0.1354,269,-0.5986,459,0.24729,441,0.17915
ENSG00000244038,DDOST,19,-0.3826,30,0.32931,37,0.67304,26,0.06949,23,-0.1258,33,0.44305,20,-0.3663,18,-0.5037,15,-0.7648,26,0.10888
ENSG00000117245,KIF17,11,-1.6130,41,0.34846,35,0.11664,35,0.08344,77,1.45259,63,1.09675,20,-0.7707,12,-1.4858,22,-0.5862,11,-1.6253
ENSG00000189410,SH2D5,1,-4.8935,33,-0.3180,86,1.26850,33,-0.3384,52,0.40144,47,0.21690,52,0.40614,23,-0.8952,37,-0.1287,42,0.05055
ENSG00000127483,HP1BP3,143,0.07983,153,0.18877,179,0.45006,141,0.05438,142,0.06823,127,-0.1039,119,-0.2078,124,-0.1397,92,-0.6132,139,0.03409
ENSG00000075151,EIF4G3,65,-0.8383,76,-0.5989,135,0.31552,108,-0.0407,162,0.62019,185,0.84402,68,-0.7726,83,-0.4584,132,0.27190,98,-0.2061
ENSG00000117298,ECE1,60,1.76361,24,0.16534,17,-0.4020,6,-1.7932,8,-1.4537,10,-1.0891,8,-1.3870,26,0.31829,13,-0.8130,43,1.13461
ENSG00000076864,RAP1GAP,101,-0.5773,113,-0.3954,178,0.32449,181,0.35422,263,0.98339,215,0.63860,105,-0.5153,85,-0.8293,117,-0.3439,98,-0.6243
ENSG00000090686,USP48,77,0.95359,90,1.23295,48,0.15594,27,-0.7075,29,-0.6274,36,-0.2698,31,-0.5008,25,-0.8349,32,-0.4716,37,-0.2607
ENSG00000070831,CDC42,166,-0.5394,245,0.06987,163,-0.5683,299,0.39704,292,0.35594,323,0.52557,170,-0.5061,123,-1.0025,250,0.10648,311,0.46353
ENSG00000173372,C1QA,60,2.17488,19,0.10649,18,0.06221,2,-2.9502,3,-2.3866,2,-3.2356,13,-0.4205,24,0.47662,11,-0.7513,24,0.50249
ENSG00000173369,C1QB,92,2.17444,28,0.01879,26,-0.0604,15,-0.9270,10,-1.4923,3,-2.9319,21,-0.3915,37,0.49889,23,-0.2307,16,-0.7831
ENSG00000004487,KDM1A,18,-1.4085,73,0.75027,52,0.17732,44,-0.0648,46,-0.0106,64,0.52011,24,-1.0188,45,-0.0220,44,-0.0742,52,0.18069
ENSG00000169641,LUZP1,8,-2.8663,39,-0.6215,51,-0.2008,89,0.69994,60,0.04920,98,0.86070,57,-0.0150,53,-0.1260,60,0.05032,64,0.16734
ENSG00000125944,HNRNPR,63,-0.6583,120,0.34479,158,0.80484,119,0.32988,106,0.15210,87,-0.1669,69,-0.5290,74,-0.4260,81,-0.2786,91,-0.1034
ENSG00000117318,ID3,120,2.69387,32,0.16863,15,-0.9940,1,-4.0592,6,-2.3170,2,-3.9859,7,-1.9909,48,0.86021,1,-4.0422,52,0.98971
ENSG00000142676,RPL11,1543,2.04302,483,-0.0251,346,-0.5500,333,-0.6101,294,-0.8008,352,-0.5252,411,-0.2800,382,-0.3980,340,-0.5767,425,-0.2301
ENSG00000011007,ELOA,29,0.81602,12,-0.5457,15,-0.2006,10,-0.8242,27,0.67735,28,0.76526,8,-1.1249,15,-0.2563,16,-0.1439,15,-0.2814
ENSG00000057757,PITHD1,122,-0.7447,154,-0.3769,194,-0.0134,285,0.61290,254,0.41865,280,0.58357,148,-0.4414,130,-0.6425,249,0.38887,144,-0.4871
ENSG00000011009,LYPLA2,25,-0.3141,28,-0.1516,19,-0.7426,41,0.47259,26,-0.2414,50,0.80586,21,-0.6036,24,-0.3852,44,0.58951,28,-0.1186
ENSG00000117308,GALE,4,-2.0111,27,0.72434,26,0.65514,19,0.13996,18,0.06511,29,0.82342,7,-1.4156,14,-0.2977,10,-0.8288,19,0.15180
ENSG00000117305,HMGCL,16,0.01716,20,0.39981,11,-0.5823,14,-0.1703,12,-0.3811,28,0.92614,17,0.12545,21,0.44149,13,-0.2958,6,-1.5326
ENSG00000189266,PNRC2,63,0.44525,62,0.44039,60,0.36503,38,-0.3530,49,0.05528,32,-0.6317,37,-0.3803,40,-0.2519,39,-0.2895,55,0.22048
ENSG00000188529,SRSF10,51,0.08599,67,0.51420,53,0.12644,43,-0.1832,60,0.32223,39,-0.3394,35,-0.4952,34,-0.5401,49,-0.0020,55,0.20614
ENSG00000001461,NIPAL3,176,1.85518,85,0.52680,44,-0.4964,50,-0.3112,53,-0.2149,53,-0.2188,45,-0.4765,28,-1.1923,38,-0.7305,38,-0.7373
ENSG00000133226,SRRM1,60,0.40261,81,0.89546,49,0.05721,36,-0.4295,49,0.05383,20,-1.2958,25,-0.9960,59,0.37496,38,-0.3294,54,0.21374
ENSG00000169504,CLIC4,245,3.65172,30,-0.5341,11,-1.9998,13,-1.6991,10,-2.1501,10,-2.1503,18,-1.2707,30,-0.5257,14,-1.6392,36,-0.2224
ENSG00000117614,SYF2,69,0.62878,29,-0.7224,65,0.54700,36,-0.3890,53,0.21667,39,-0.2827,32,-0.5618,45,-0.0444,34,-0.5057,63,0.48439
ENSG00000117616,RSRP1,93,1.11689,54,0.19575,81,0.88488,26,-0.9325,44,-0.1113,49,0.05940,21,-1.2526,44,-0.1352,24,-1.0699,40,-0.2780
ENSG00000183726,TMEM50A,83,0.06244,104,0.43775,120,0.67840,67,-0.2813,70,-0.2096,65,-0.3076,56,-0.5532,69,-0.2252,90,0.19811,72,-0.1643
ENSG00000204178,MACO1,27,-0.5893,63,0.78156,29,-0.4434,42,0.13391,23,-0.8304,56,0.60107,34,-0.2223,26,-0.5942,36,-0.1278,53,0.50003
ENSG00000117643,MAN1C1,20,-1.4220,32,-0.7463,135,1.67038,40,-0.3851,22,-1.2977,32,-0.7206,36,-0.5718,32,-0.7168,97,1.05058,68,0.45306
ENSG00000162430,SELENON,61,0.89418,40,0.18591,39,0.16322,38,0.10248,23,-0.6661,27,-0.4394,22,-0.7235,33,-0.1301,30,-0.2452,42,0.25824
ENSG00000117640,MTFR1L,59,-0.1984,84,0.38468,71,0.11918,70,0.08521,43,-0.6577,76,0.21498,68,0.03455,61,-0.1443,35,-0.9895,97,0.61418
ENSG00000117632,STMN1,824,-0.8206,1351,-0.0483,1398,0.00540,1208,-0.2259,2800,1.17856,2260,0.80140,948,-0.6054,694,-1.0831,1621,0.24522,825,-0.8192
ENSG00000158008,EXTL1,8,-2.4046,45,0.08962,41,-0.0737,35,-0.2955,48,0.20970,86,1.17390,54,0.36998,39,-0.1289,37,-0.2094,32,-0.4456
ENSG00000175087,PDIK1L,13,-0.3835,31,1.03714,14,-0.2132,14,-0.2787,28,0.86693,12,-0.4751,16,-0.0945,15,-0.1836,17,0.08093,5,-1.6838
ENSG00000142684,ZNF593,16,-0.8424,29,0.01071,20,-0.5516,36,0.35943,21,-0.4839,57,1.14536,19,-0.6402,21,-0.4693,13,-1.1618,54,1.04704
ENSG00000142669,SH3BGRL3,236,0.36951,135,-0.5186,148,-0.3766,192,0.03754,304,0.79739,232,0.34572,199,0.09868,136,-0.5073,130,-0.5777,164,-0.2106
ENSG00000158062,UBXN11,18,-0.1575,28,0.53216,21,0.03497,16,-0.3849,15,-0.4663,25,0.33712,16,-0.3892,15,-0.4220,8,-1.4527,41,1.16131
ENSG00000117682,DHDDS,7,-1.3226,13,-0.3660,16,-0.0553,15,-0.2264,28,0.82209,25,0.65134,13,-0.4039,14,-0.2442,21,0.36253,16,-0.1029
ENSG00000198830,HMGN2,269,1.20795,158,0.30139,132,0.00713,79,-0.7839,98,-0.4661,110,-0.2839,87,-0.6388,132,0.01013,76,-0.8543,172,0.44061
ENSG00000117713,ARID1A,40,-0.6093,69,0.23724,67,0.19489,54,-0.1584,68,0.21667,55,-0.1091,81,0.51639,51,-0.2348,46,-0.4125,62,0.07436
ENSG00000204160,ZDHHC18,19,-0.5265,38,0.57061,37,0.51710,38,0.57810,29,0.10641,22,-0.3055,15,-0.8691,11,-1.3183,25,-0.1225,34,0.36711
ENSG00000090273,NUDC,135,-0.5353,237,0.35584,190,0.00503,229,0.30186,189,-0.0111,188,-0.0125,166,-0.2129,145,-0.4236,205,0.12387,215,0.19749
ENSG00000253368,TRNP1,1,-5.8858,92,0.65710,55,-0.1782,136,1.33578,64,0.05267,85,0.51619,58,-0.1088,34,-0.9409,53,-0.2403,41,-0.6520
ENSG00000090020,SLC9A1,10,-1.5314,15,-0.9846,27,-0.1304,55,1.06282,34,0.23615,50,0.88751,26,-0.1828,26,-0.1985,21,-0.5297,27,-0.0962
ENSG00000142784,WDTC1,33,0.37791,47,0.96361,29,0.19331,20,-0.4046,19,-0.4887,16,-0.7526,18,-0.5489,29,0.17408,27,0.04888,22,-0.2533
ENSG00000186501,TMEM222,79,0.29659,57,-0.2285,104,0.75977,64,-0.0475,76,0.24410,64,-0.0337,43,-0.6405,53,-0.3266,40,-0.7533,75,0.21055
ENSG00000158195,WASF2,105,2.46821,34,0.36012,14,-0.9622,16,-0.7773,12,-1.2253,20,-0.4928,21,-0.3855,24,-0.1973,10,-1.5442,16,-0.8614
ENSG00000126705,AHDC1,18,-1.2846,41,-0.0285,42,-0.0051,35,-0.2749,54,0.40754,35,-0.2957,55,0.44838,40,-0.0791,48,0.20861,51,0.32665
ENSG00000126709,IFI6,101,-0.1051,119,0.16437,81,-0.4412,120,0.18114,100,-0.1080,160,0.65112,107,-0.0092,103,-0.0708,64,-0.8114,120,0.17512
ENSG00000009780,FAM76A,12,-0.7081,20,0.00063,27,0.49806,23,0.20220,19,-0.0878,18,-0.1301,19,-0.0852,16,-0.3584,15,-0.4320,30,0.66552
ENSG00000117758,STX12,113,0.28997,102,0.12294,86,-0.1469,124,0.43518,98,0.05041,127,0.47425,48,-1.0499,84,-0.1930,72,-0.4307,93,-0.0311
ENSG00000117751,PPP1R8,22,-0.1782,30,0.29830,36,0.57960,21,-0.2988,15,-0.8039,18,-0.4783,16,-0.6653,26,0.04228,39,0.72954,27,0.11973
ENSG00000117748,RPA2,22,-1.2040,37,-0.4144,67,0.54932,62,0.41871,48,0.01960,51,0.08703,37,-0.4138,31,-0.6702,58,0.31837,66,0.51637
ENSG00000126698,DNAJC8,100,-0.1239,135,0.35793,143,0.44619,93,-0.2472,114,0.07728,97,-0.1843,87,-0.3456,115,0.08640,74,-0.6091,128,0.26684
ENSG00000130770,ATP5IF1,138,-1.7295,524,0.33055,501,0.25512,549,0.40649,493,0.22928,621,0.61060,320,-0.4580,230,-0.9663,547,0.39956,354,-0.2998
ENSG00000180098,TRNAU1AP,28,0.62437,11,-0.7898,22,0.19763,16,-0.2615,29,0.67478,19,-0.0404,15,-0.3791,13,-0.6247,18,-0.1209,21,0.13512
ENSG00000120656,TAF12,11,-0.4923,11,-0.4774,13,-0.2450,32,1.23842,19,0.37057,19,0.34371,14,-0.1649,14,-0.1519,8,-0.9325,11,-0.4715
ENSG00000198492,YTHDF2,22,-1.7844,78,0.15612,86,0.32617,77,0.13253,81,0.22081,67,-0.0835,69,-0.0343,27,-1.4596,77,0.13912,122,0.90737
ENSG00000116350,SRSF4,47,-0.0154,34,-0.5089,55,0.22363,59,0.34486,57,0.28469,51,0.12193,36,-0.4324,32,-0.6386,32,-0.6299,73,0.70409
ENSG00000116353,MECR,18,-0.8964,14,-1.2772,35,0.09559,44,0.46950,39,0.26311,45,0.50483,22,-0.6312,35,0.09706,43,0.44144,33,0.03613
ENSG00000162511,LAPTM5,159,3.15131,21,-0.6114,30,-0.0893,9,-1.8753,5,-2.7591,10,-1.7787,20,-0.6739,31,-0.0502,14,-1.2379,18,-0.8796
ENSG00000162512,SDC3,95,-0.2082,112,0.05058,164,0.66686,123,0.18984,78,-0.5329,68,-0.7365,112,0.04224,128,0.25556,90,-0.2995,120,0.15679
ENSG00000134644,PUM1,71,-0.8378,147,0.30374,145,0.27764,154,0.38571,138,0.20064,136,0.17491,97,-0.3620,94,-0.4042,139,0.21744,96,-0.3677
ENSG00000060688,SNRNP40,37,0.60721,23,-0.1307,31,0.32735,26,0.08214,29,0.23286,19,-0.4398,16,-0.6967,23,-0.1317,33,0.43598,14,-0.8674
ENSG00000121766,ZCCHC17,80,0.11731,74,-0.0136,94,0.37351,102,0.51219,90,0.29495,74,-0.0055,48,-0.6960,67,-0.1686,62,-0.2941,55,-0.4794
ENSG00000121769,FABP3,35,-2.1119,112,-0.3631,87,-0.7489,201,0.57985,249,0.94959,302,1.29475,112,-0.3591,40,-1.9206,109,-0.3985,161,0.21353
ENSG00000162517,PEF1,58,-0.4657,70,-0.1772,117,0.66963,121,0.72765,95,0.31797,91,0.24829,44,-0.8693,56,-0.5077,68,-0.2100,58,-0.4595
ENSG00000084636,COL16A1,161,2.76849,20,-0.9374,40,0.11867,29,-0.4021,42,0.18526,24,-0.6871,13,-1.6089,22,-0.8307,12,-1.7106,9,-2.0817
ENSG00000121753,ADGRB2,106,-0.9670,143,-0.5113,357,0.98453,248,0.36970,210,0.09990,227,0.22271,171,-0.2346,151,-0.4249,201,0.02928,163,-0.3074
ENSG00000184007,PTP4A2,977,3.17481,106,-0.9421,120,-0.7545,99,-1.0548,77,-1.4316,167,-0.2427,106,-0.9387,118,-0.7840,96,-1.1012,81,-1.3460
ENSG00000121774,KHDRBS1,96,-0.2216,97,-0.1999,162,0.62715,80,-0.5011,90,-0.3206,133,0.30588,78,-0.5478,102,-0.1305,137,0.34551,129,0.24807
ENSG00000025800,KPNA6,35,-0.0178,33,-0.1246,37,0.05346,41,0.21855,27,-0.4176,48,0.50275,20,-0.8820,26,-0.4590,31,-0.1980,56,0.75587
ENSG00000084652,TXLNA,40,0.75947,38,0.67121,23,-0.1407,13,-1.0227,28,0.17922,33,0.40975,15,-0.7548,24,-0.0998,11,-1.3217,28,0.14312
ENSG00000160050,CCDC28B,9,-0.6787,9,-0.7600,26,0.91082,12,-0.3078,12,-0.2798,3,-2.0494,7,-1.1196,18,0.34531,7,-1.1182,43,1.85943
ENSG00000084623,EIF3I,51,-1.1269,179,0.87147,108,0.03575,123,0.24764,103,-0.0409,124,0.26469,78,-0.4796,68,-0.6906,100,-0.0894,122,0.23780
ENSG00000175130,MARCKSL1,1217,2.86328,369,0.49801,126,-1.1862,72,-2.0316,127,-1.1781,123,-1.2298,201,-0.4725,235,-0.2335,120,-1.2592,129,-1.1584
ENSG00000160058,BSDC1,47,-0.2152,45,-0.2933,72,0.45200,64,0.25728,52,-0.0815,93,0.88052,39,-0.5022,48,-0.2118,41,-0.4263,43,-0.3761
ENSG00000176261,ZBTB8OS,28,-0.3346,21,-0.7813,39,0.18858,53,0.68668,29,-0.2802,52,0.66201,35,0.02114,31,-0.1876,25,-0.4704,33,-0.0587
ENSG00000162521,RBBP4,80,-0.3477,115,0.22282,124,0.35513,84,-0.2774,106,0.09079,112,0.18024,80,-0.3501,97,-0.0460,76,-0.4266,125,0.36493
ENSG00000162522,KIAA1522,6,-1.6953,21,0.24433,52,1.87416,8,-1.1512,17,-0.0968,9,-0.9673,13,-0.4789,25,0.54300,8,-1.2404,19,0.11603
ENSG00000134684,YARS,38,-1.5625,106,0.01982,97,-0.1116,108,0.05746,143,0.51818,143,0.50813,103,-0.0285,57,-0.9385,105,0.00442,145,0.53380
ENSG00000160097,FNDC5,13,-1.0954,28,0.10343,19,-0.4865,24,-0.1373,46,0.92571,44,0.83549,22,-0.3143,13,-1.0553,26,-0.0469,29,0.13977
ENSG00000121905,HPCA,23,-3.2379,229,0.17774,336,0.81586,194,-0.0901,406,1.15012,203,-0.0146,160,-0.3900,119,-0.8474,162,-0.3732,218,0.09934
ENSG00000121900,TMEM54,83,1.13138,33,-0.4041,23,-0.9579,52,0.31471,47,0.15100,45,0.08247,28,-0.6186,45,0.07858,39,-0.1316,30,-0.5267
ENSG00000116514,RNF19B,5,-2.7241,20,-0.7647,44,0.49437,33,-0.0019,20,-0.7139,23,-0.5305,34,0.05879,15,-1.1902,33,0.03055,99,1.94692
ENSG00000004455,AK2,117,2.28440,13,-1.4317,15,-1.1834,35,0.08062,24,-0.4950,24,-0.4772,30,-0.1386,24,-0.4982,14,-1.2861,34,0.03650
ENSG00000142920,AZIN2,39,0.62612,32,0.28028,18,-0.6040,29,0.11234,53,1.14618,30,0.17731,15,-0.9293,17,-0.6550,19,-0.5355,15,-0.8480
ENSG00000160094,ZNF362,50,1.28513,14,-0.7568,27,0.22052,32,0.50102,21,-0.1867,21,-0.1789,12,-0.9760,23,-0.0191,18,-0.4128,15,-0.6276
ENSG00000134686,PHC2,123,1.22429,49,-0.3178,62,0.06709,43,-0.4937,77,0.41941,60,0.02388,41,-0.5866,36,-0.7709,42,-0.5485,61,0.04982
ENSG00000163866,SMIM12,23,-1.5923,57,-0.2267,80,0.31931,112,0.88029,85,0.43025,59,-0.1622,73,0.17323,39,-0.8074,75,0.21525,53,-0.3466
ENSG00000116544,DLGAP3,5,-2.8573,22,-0.6761,79,1.38088,45,0.42539,22,-0.7124,22,-0.6956,49,0.54280,56,0.76756,25,-0.4954,23,-0.6418
ENSG00000163867,ZMYM6,8,-1.1028,20,0.33578,18,0.16831,19,0.24825,18,0.16077,14,-0.2137,18,0.15141,12,-0.4116,20,0.31343,15,-0.0979
ENSG00000116560,SFPQ,219,0.53789,157,-0.0047,175,0.17358,157,-0.0069,189,0.29233,136,-0.2256,121,-0.4099,136,-0.2332,145,-0.1306,139,-0.1993
ENSG00000146463,ZMYM4,24,-0.6058,33,-0.1006,47,0.48691,33,-0.0722,34,-0.0623,36,0.06127,39,0.15830,34,-0.0292,27,-0.4129,43,0.32465
ENSG00000142687,KIAA0319L,40,-0.4270,80,0.71069,33,-0.6888,51,-0.0432,66,0.38399,71,0.50393,37,-0.5138,41,-0.3750,55,0.09204,46,-0.1994
ENSG00000020129,NCDN,59,-3.1565,451,-0.1090,1089,1.38956,553,0.22004,533,0.16075,565,0.25404,309,-0.6968,327,-0.6101,494,0.03647,446,-0.1254
ENSG00000126067,PSMB2,72,-0.5951,128,0.30781,115,0.13180,122,0.22118,186,0.93392,171,0.79060,83,-0.3902,76,-0.5192,34,-1.7108,72,-0.6038
ENSG00000142686,C1orf216,33,-1.3353,90,0.22754,89,0.21389,110,0.55695,88,0.20177,101,0.41312,55,-0.5390,48,-0.7415,66,-0.2538,99,0.39229
ENSG00000134698,AGO4,18,0.19694,14,-0.2171,23,0.57702,12,-0.4455,19,0.26215,9,-0.9258,6,-1.3267,12,-0.4202,29,0.98366,18,0.15512
ENSG00000092847,AGO1,58,1.02421,23,-0.4802,41,0.43786,26,-0.3033,34,0.13528,22,-0.5062,33,0.08600,27,-0.2274,26,-0.2655,22,-0.5535
ENSG00000126070,AGO3,31,1.10108,10,-0.6983,19,0.26303,14,-0.2181,10,-0.7264,21,0.45088,8,-1.0486,18,0.24083,10,-0.7098,18,0.19979
ENSG00000116863,ADPRHL2,47,1.20748,24,0.07058,33,0.60315,17,-0.4398,22,-0.0661,20,-0.2262,7,-1.6640,13,-0.8673,28,0.30809,17,-0.4279
ENSG00000054116,TRAPPC3,29,-0.8858,28,-0.9548,90,0.91365,80,0.71326,44,-0.2455,99,1.09132,32,-0.7665,41,-0.3632,42,-0.3085,32,-0.7587
ENSG00000116871,MAP7D1,241,0.48796,114,-0.7047,265,0.64512,154,-0.2368,177,-0.0165,174,-0.0446,149,-0.2857,135,-0.4448,204,0.20841,176,-0.0297
ENSG00000054118,THRAP3,45,-0.4447,65,0.11953,48,-0.3544,74,0.33931,66,0.15486,46,-0.4202,53,-0.1899,51,-0.2585,54,-0.1798,99,0.81794
ENSG00000196182,STK40,21,-0.0161,25,0.24579,27,0.39036,16,-0.4421,24,0.23896,19,-0.1768,21,-0.0149,15,-0.5072,25,0.26406,18,-0.2189
ENSG00000181817,LSM10,26,-0.8116,15,-1.6272,60,0.53038,50,0.24148,64,0.63869,55,0.39600,44,0.03689,30,-0.5879,44,0.03007,45,0.05165
ENSG00000116885,OSCP1,8,-1.3846,29,0.52456,32,0.69718,19,-0.1502,27,0.42938,21,0.01827,21,0.01726,6,-1.8388,21,0.00043,24,0.22851
ENSG00000116898,MRPS15,23,-1.0663,47,0.01651,52,0.17473,41,-0.1771,69,0.65027,57,0.34943,44,-0.0654,39,-0.2632,52,0.18913,38,-0.3148
ENSG00000163873,GRIK3,19,-0.1396,36,0.90683,18,-0.1948,7,-1.5369,15,-0.4704,45,1.27896,16,-0.3914,10,-1.0539,17,-0.2893,23,0.17952
ENSG00000163875,MEAF6,41,-1.4044,113,0.14633,126,0.33329,85,-0.2952,143,0.53869,155,0.67478,76,-0.4843,61,-0.8103,115,0.18424,113,0.14618
ENSG00000185090,MANEAL,3,-3.1086,41,0.77172,26,0.00054,32,0.33179,32,0.35125,36,0.52671,13,-0.9905,16,-0.6949,24,-0.0874,34,0.44158
ENSG00000197982,C1orf122,405,1.41760,219,0.34806,107,-0.7785,176,-0.0075,181,0.03604,134,-0.4406,154,-0.2163,167,-0.0875,102,-0.8507,122,-0.5863
ENSG00000183431,SF3A3,15,-1.3626,40,0.16902,46,0.38215,57,0.74783,39,0.12022,33,-0.1278,28,-0.4154,28,-0.4001,44,0.29796,32,-0.1857
ENSG00000183520,UTP11,14,-1.1613,32,0.06491,45,0.63196,25,-0.2933,33,0.11208,73,1.49905,20,-0.6547,25,-0.2950,18,-0.8294,19,-0.6883
ENSG00000185668,POU3F1,0,-6.8667,1,-3.5942,49,2.13682,25,0.91475,4,-1.9708,9,-0.7955,7,-1.0577,18,0.32817,21,0.62795,12,-0.3316
ENSG00000116954,RRAGC,27,-0.4753,50,0.45713,39,0.05833,51,0.50548,40,0.09313,43,0.22454,39,0.08664,31,-0.2707,28,-0.4630,25,-0.5982
ENSG00000174574,AKIRIN1,32,-1.3596,103,0.47902,108,0.55589,83,0.12176,93,0.30411,100,0.42987,50,-0.6686,64,-0.2811,66,-0.2444,69,-0.1600
ENSG00000168653,NDUFS5,280,-0.9790,706,0.48503,557,0.09532,564,0.11683,492,-0.1020,583,0.16835,484,-0.1293,380,-0.5069,615,0.25662,586,0.17828
ENSG00000127603,MACF1,188,0.70641,125,0.03274,85,-0.5806,121,-0.0206,141,0.22954,109,-0.1914,81,-0.6495,134,0.14403,60,-1.1036,181,0.64455
ENSG00000090621,PABPC4,62,0.89093,54,0.64059,29,-0.3751,36,0.00670,23,-0.6882,32,-0.1819,26,-0.5431,57,0.74126,23,-0.7239,21,-0.8530
ENSG00000116983,HPCAL4,56,-1.7795,226,0.36466,285,0.75764,183,0.02579,140,-0.3997,148,-0.3072,178,-0.0202,201,0.17433,209,0.23788,176,-0.0383
ENSG00000084072,PPIE,54,0.44952,73,0.98133,39,-0.0610,38,-0.0921,46,0.19022,28,-0.5502,35,-0.2487,24,-0.8224,26,-0.6879,43,0.08632
ENSG00000168389,MFSD2A,53,1.75252,19,0.01512,14,-0.4324,12,-0.7493,11,-0.8897,15,-0.3828,16,-0.2649,18,-0.1172,9,-1.1452,24,0.40289
ENSG00000131236,CAP1,97,-0.2398,120,0.09578,117,0.06591,110,-0.0374,148,0.44289,118,0.07997,89,-0.3787,114,0.01447,111,-0.0167,102,-0.1492
ENSG00000131238,PPT1,54,-1.4064,174,0.41092,179,0.45966,157,0.24378,98,-0.5044,170,0.37162,96,-0.5352,100,-0.4700,162,0.29838,160,0.27116
ENSG00000084073,ZMPSTE24,22,-1.0365,59,0.52601,38,-0.1760,39,-0.1230,31,-0.4888,57,0.48522,32,-0.4550,52,0.33940,57,0.47912,37,-0.1987
ENSG00000049089,COL9A2,237,4.81075,18,-0.8207,10,-1.6509,3,-3.4677,9,-1.7980,8,-2.0607,6,-2.4260,9,-1.9097,6,-2.3337,3,-3.1858
ENSG00000084070,SMAP2,36,-1.9681,139,0.07076,196,0.64350,125,-0.0933,144,0.12938,253,1.08470,87,-0.6540,91,-0.5969,118,-0.1826,137,0.04784
ENSG00000117016,RIMS3,29,-2.7230,159,-0.1692,162,-0.1389,292,0.83287,186,0.08829,114,-0.6899,229,0.42046,129,-0.4947,203,0.22676,263,0.65560
ENSG00000066136,NFYC,11,-2.2200,94,1.11918,50,0.05590,38,-0.3817,46,-0.0689,45,-0.1047,45,-0.1092,21,-1.2446,80,0.83286,52,0.11382
ENSG00000179862,CITED4,13,-0.8680,38,0.78807,21,-0.1641,28,0.31600,17,-0.4751,44,1.06358,17,-0.4394,12,-0.9532,24,0.04952,17,-0.4692
ENSG00000127124,HIVEP3,0,-5.5976,40,1.69489,18,0.34711,10,-0.6485,17,0.24774,9,-0.7054,18,0.30755,19,0.41476,9,-0.7622,7,-1.0359
ENSG00000198815,FOXJ3,30,-0.9730,65,0.22664,84,0.64023,57,0.02047,70,0.34518,46,-0.3188,31,-0.9094,39,-0.5713,85,0.67942,57,0.00817
ENSG00000177181,RIMKLA,7,-2.5748,32,-0.4085,30,-0.4723,44,0.10820,62,0.68443,74,0.97561,40,-0.0239,23,-0.8772,49,0.30156,48,0.24723
ENSG00000127125,PPCS,27,-0.6994,37,-0.1967,60,0.58151,42,0.00433,67,0.78045,35,-0.2736,34,-0.3202,50,0.29136,30,-0.4949,36,-0.2434
ENSG00000065978,YBX1,176,1.55637,93,0.44337,50,-0.5385,35,-1.0901,34,-1.1478,54,-0.4357,31,-1.2806,69,-0.0443,85,0.29608,83,0.25501
ENSG00000164008,C1orf50,18,-0.0147,45,1.60380,20,0.19456,16,-0.1513,13,-0.4473,9,-1.0153,12,-0.5832,14,-0.3156,17,-0.0403,12,-0.5900
ENSG00000177868,SVBP,34,-0.2343,53,0.48086,44,0.19022,41,0.05884,53,0.46983,45,0.22423,15,-1.4304,25,-0.7061,63,0.78372,20,-1.0467
ENSG00000117394,SLC2A1,121,0.94894,35,-1.0187,53,-0.4003,40,-0.8122,51,-0.4534,22,-1.7260,50,-0.4848,83,0.30492,43,-0.7317,185,1.73302
ENSG00000117395,EBNA1BP2,46,-0.9387,77,-0.1388,146,0.93009,105,0.37180,83,-0.0153,141,0.86373,45,-0.9617,52,-0.7478,80,-0.0647,62,-0.4790
ENSG00000066322,ELOVL1,250,3.92629,29,-0.4798,16,-1.3926,12,-1.7835,5,-2.8798,33,-0.2682,16,-1.4066,13,-1.6279,6,-2.8512,14,-1.5412
ENSG00000159479,MED8,28,0.40084,24,0.14907,23,0.10092,26,0.26854,19,-0.2253,38,0.89809,21,-0.0774,13,-0.8312,15,-0.5454,12,-0.9405
ENSG00000178922,HYI,58,2.06097,15,-0.2470,18,-0.0435,7,-1.3767,9,-1.0052,14,-0.3694,7,-1.3173,17,-0.0646,12,-0.6582,22,0.33780
ENSG00000142949,PTPRF,98,-0.4190,59,-1.1958,224,0.93978,180,0.55931,102,-0.3527,121,-0.0878,91,-0.5375,128,0.01020,160,0.36439,113,-0.1846
ENSG00000066135,KDM4A,7,-1.4236,8,-1.3069,34,0.96050,13,-0.5563,15,-0.4043,39,1.20321,15,-0.3675,16,-0.2460,18,-0.0642,24,0.38919
ENSG00000126091,ST3GAL3,31,-0.4848,50,0.24944,62,0.60077,35,-0.3235,33,-0.3985,52,0.31945,31,-0.4796,43,0.01903,29,-0.6004,61,0.56574
ENSG00000117408,IPO13,200,2.04932,36,-0.8611,80,0.37841,34,-0.9346,23,-1.5099,50,-0.3526,31,-1.0869,58,-0.1395,61,-0.0590,57,-0.1524
ENSG00000117410,ATP6V0B,154,-1.4603,555,0.54685,525,0.45268,555,0.54739,516,0.42530,522,0.44349,286,-0.5173,232,-0.8406,337,-0.2602,292,-0.4883
ENSG00000117411,B4GALT2,60,0.13920,27,-1.1148,61,0.14502,62,0.17142,53,-0.0702,57,0.05348,47,-0.2650,63,0.21521,62,0.18807,62,0.17134
ENSG00000159214,CCDC24,9,-1.2642,26,0.44060,20,0.01270,40,1.16888,27,0.50371,22,0.14772,14,-0.5488,10,-1.0623,16,-0.2942,15,-0.4716
ENSG00000178028,DMAP1,75,0.57272,47,-0.1683,60,0.21249,55,0.07547,50,-0.0852,45,-0.2328,48,-0.1517,42,-0.3623,39,-0.4465,64,0.32634
ENSG00000117419,ERI3,97,-0.5679,133,-0.0746,185,0.46338,118,-0.2619,194,0.54502,184,0.45774,98,-0.5521,120,-0.2266,126,-0.1504,135,-0.0465
ENSG00000187147,RNF220,163,0.51764,138,0.24553,104,-0.2135,134,0.18836,146,0.32928,106,-0.1813,73,-0.7693,82,-0.5861,128,0.11475,116,-0.0437
ENSG00000142937,RPS8,1504,1.63766,600,0.04143,473,-0.3372,441,-0.4476,379,-0.6795,537,-0.1378,478,-0.3197,502,-0.2415,435,-0.4690,502,-0.2444
ENSG00000070785,EIF2B3,14,-0.6455,41,1.14572,36,0.90794,19,-0.1630,24,0.25462,20,-0.0169,9,-1.2957,11,-0.9203,14,-0.5822,19,-0.1727
ENSG00000126107,HECTD3,16,-0.0424,13,-0.3315,17,0.08715,9,-0.8609,20,0.29356,31,1.06794,15,-0.1755,18,0.14119,7,-1.3392,18,0.13403
ENSG00000126088,UROD,57,-0.6423,110,0.39083,112,0.41708,100,0.23796,108,0.35889,112,0.41799,59,-0.5885,82,-0.0749,65,-0.4319,58,-0.6289
ENSG00000117450,PRDX1,414,0.49687,236,-0.4057,264,-0.2317,330,0.12337,395,0.42036,380,0.35659,282,-0.1263,333,0.13931,175,-0.8659,243,-0.3577
ENSG00000117448,AKR1A1,47,-0.0978,46,-0.1286,54,0.13047,48,-0.0638,62,0.34461,78,0.73349,40,-0.3321,38,-0.4123,30,-0.7548,54,0.14833
ENSG00000132780,NASP,131,2.33683,44,0.33407,40,0.17686,18,-1.0866,33,-0.1640,20,-0.8932,15,-1.2951,18,-1.0710,7,-2.4986,35,-0.0515
ENSG00000159592,GPBP1L1,66,0.62616,44,-0.0341,50,0.18396,42,-0.1008,41,-0.1543,41,-0.1257,38,-0.2678,35,-0.3898,40,-0.1674,51,0.20990
ENSG00000159596,TMEM69,11,-0.7124,25,0.53145,18,0.04003,23,0.42545,18,-0.0022,17,-0.1094,11,-0.7192,5,-1.9679,26,0.59952,25,0.52178
ENSG00000086015,MAST2,32,0.18272,56,1.13216,14,-1.0875,36,0.38143,25,-0.2024,52,0.99943,16,-0.9097,16,-0.9029,19,-0.5732,18,-0.6811
ENSG00000085998,POMGNT1,81,0.40681,81,0.40314,66,0.08239,65,0.03690,48,-0.4346,81,0.40474,59,-0.0960,28,-1.2641,37,-0.8299,85,0.48412
ENSG00000132128,LRRC41,21,-1.1121,44,0.00430,60,0.53096,48,0.14246,61,0.53952,33,-0.4327,17,-1.4042,38,-0.2016,60,0.52886,53,0.31725
ENSG00000173660,UQCRH,206,-1.5705,792,0.53360,537,-0.1007,823,0.59905,784,0.51599,780,0.50784,416,-0.5020,365,-0.7008,598,0.07261,414,-0.5063
ENSG00000117480,FAAH,63,1.15156,26,-0.3136,41,0.42217,36,0.19802,31,-0.0180,22,-0.5812,28,-0.1648,19,-0.7664,31,-0.0359,19,-0.7985
ENSG00000079277,MKNK1,15,-0.3020,13,-0.4567,40,1.30799,14,-0.3628,9,-1.0334,24,0.46941,19,0.08672,12,-0.5699,9,-1.0723,25,0.51441
ENSG00000123472,ATPAF1,75,-0.7978,167,0.47699,96,-0.4094,176,0.56767,107,-0.2390,132,0.09696,140,0.18852,97,-0.3939,94,-0.4423,161,0.41707
ENSG00000159658,EFCAB14,139,1.30360,82,0.39870,64,-0.0201,52,-0.3287,58,-0.1559,30,-1.1542,55,-0.2442,64,-0.0030,30,-1.1486,68,0.08522
ENSG00000186377,CYP4X1,0,-7.0492,24,0.25672,25,0.29454,19,-0.1367,41,1.16174,21,0.04754,17,-0.2561,12,-0.8613,32,0.73358,14,-0.5740
ENSG00000162368,CMPK1,128,0.28822,64,-0.8050,82,-0.4153,138,0.42229,147,0.52458,150,0.55399,95,-0.1794,81,-0.4394,95,-0.1826,87,-0.3163
ENSG00000162373,BEND5,7,-2.7568,52,0.28628,19,-1.2798,58,0.46380,110,1.57702,58,0.46133,46,0.07404,21,-1.1380,36,-0.2964,31,-0.5515
ENSG00000162374,ELAVL4,7,-4.5714,181,0.24249,113,-0.5001,202,0.42673,326,1.25300,193,0.35038,170,0.14188,82,-0.9920,140,-0.1701,141,-0.1512
ENSG00000185104,FAF1,53,0.41680,41,0.01371,24,-0.8375,67,0.79824,48,0.24423,49,0.29685,40,-0.0277,31,-0.4244,27,-0.6266,29,-0.5349
ENSG00000123091,RNF11,211,-0.9180,403,0.09355,325,-0.2502,388,0.03276,553,0.61364,398,0.07369,301,-0.3680,349,-0.1389,425,0.18008,450,0.27131
ENSG00000085832,EPS15,155,-0.3576,217,0.17971,157,-0.3385,182,-0.0989,455,1.45902,114,-0.8280,158,-0.3286,125,-0.6877,200,0.04496,179,-0.1312
ENSG00000117859,OSBPL9,51,1.58626,27,0.48320,9,-1.2698,5,-1.9184,17,-0.2848,40,1.13672,15,-0.4169,14,-0.6066,11,-0.9700,13,-0.6919
ENSG00000078618,NRDC,95,0.37331,80,0.09181,63,-0.2790,82,0.13157,94,0.36823,102,0.49070,39,-0.9926,65,-0.2370,47,-0.7142,85,0.19685
ENSG00000169213,RAB3B,7,-2.0785,71,1.49981,10,-1.6562,8,-1.8958,17,-0.8206,109,2.38602,24,-0.3036,12,-1.2829,11,-1.4121,23,-0.3673
ENSG00000117862,TXNDC12,21,-0.5882,46,0.64382,30,-0.0577,32,0.04610,27,-0.2272,41,0.44878,21,-0.6018,29,-0.0767,37,0.29173,25,-0.3101
ENSG00000134717,BTF3L4,64,-0.2364,68,-0.1262,88,0.27262,87,0.25779,99,0.48220,97,0.43683,50,-0.6085,64,-0.2247,74,-0.0008,49,-0.6525
ENSG00000157077,ZFYVE9,17,-0.9616,34,0.11970,35,0.17940,38,0.29815,25,-0.3384,44,0.54320,17,-0.9458,25,-0.3663,49,0.70841,31,-0.0214
ENSG00000134748,PRPF38A,42,0.84918,40,0.74285,17,-0.6199,13,-0.9867,27,0.13313,20,-0.3842,9,-1.5952,29,0.20357,26,0.03212,30,0.26680
ENSG00000134744,TUT4,26,0.59088,18,0.04473,16,-0.1227,19,0.11861,19,0.13905,14,-0.3079,18,0.02603,25,0.52627,9,-1.0032,12,-0.5599
ENSG00000162377,COA7,7,-1.4604,20,0.10360,26,0.52141,17,-0.1314,23,0.31699,29,0.71725,14,-0.3927,14,-0.4184,16,-0.2239,20,0.11197
ENSG00000162378,ZYG11B,26,-2.3978,157,0.31468,146,0.19972,127,-0.0228,177,0.51855,163,0.37827,103,-0.3555,97,-0.4485,178,0.52913,115,-0.1802
ENSG00000116171,SCP2,94,-0.0353,116,0.30176,76,-0.3615,67,-0.5691,110,0.21901,70,-0.4905,75,-0.3904,90,-0.0979,144,0.66949,117,0.32619
ENSG00000162384,CZIB,56,0.21253,70,0.57888,54,0.16356,30,-0.7291,74,0.68324,40,-0.3121,25,-1.0382,34,-0.5711,52,0.09811,53,0.14416
ENSG00000162385,MAGOH,12,-1.4227,32,-0.0001,37,0.20833,35,0.11640,38,0.27859,54,0.84514,36,0.19001,25,-0.3653,22,-0.5579,29,-0.1381
ENSG00000157193,LRP8,16,-1.1665,46,0.41312,46,0.40653,30,-0.2400,31,-0.2298,95,1.69778,19,-0.9305,20,-0.8683,29,-0.2991,22,-0.7291
ENSG00000058799,YIPF1,15,-0.5567,16,-0.4198,20,-0.1121,41,1.04851,21,-0.0687,20,-0.1316,25,0.22880,25,0.23523,9,-1.2331,23,0.14050
ENSG00000081870,HSPB11,16,-1.2369,64,0.94143,29,-0.3665,43,0.29185,47,0.42268,52,0.60144,24,-0.6472,15,-1.3136,36,-0.0145,35,-0.0319
ENSG00000116209,TMEM59,269,0.21911,211,-0.1711,214,-0.1483,250,0.10363,226,-0.0566,347,0.64418,204,-0.2210,163,-0.5743,199,-0.2628,263,0.18547
ENSG00000116221,MRPL37,28,-1.1596,80,0.46543,57,-0.0711,56,-0.1016,80,0.46955,65,0.12358,54,-0.1626,30,-1.0849,60,0.00427,89,0.65005
ENSG00000157216,SSBP3,96,-0.7271,194,0.39807,127,-0.2832,178,0.25080,266,0.93180,153,0.01223,211,0.53353,115,-0.4445,103,-0.6164,78,-1.0278
ENSG00000243725,TTC4,17,-0.0697,11,-0.6794,24,0.54471,14,-0.3474,29,0.86717,22,0.40023,11,-0.6336,14,-0.2938,17,-0.0135,13,-0.4732
ENSG00000116133,DHCR24,296,0.70967,176,-0.1427,150,-0.3951,277,0.59950,248,0.41111,307,0.77127,150,-0.3928,57,-1.8526,125,-0.6796,138,-0.5201
ENSG00000162402,USP24,40,0.50684,23,-0.3883,27,-0.0889,25,-0.2332,35,0.29319,22,-0.4192,17,-0.7961,37,0.37297,35,0.28463,30,0.04364
ENSG00000162407,PLPP3,93,-0.5968,191,0.55558,44,-1.7301,33,-2.1570,73,-0.9727,49,-1.5561,75,-0.9249,386,1.82726,81,-0.8135,337,1.56127
ENSG00000162409,PRKAA2,2,-3.7398,48,0.63554,53,0.80297,36,0.17326,42,0.40753,38,0.24947,28,-0.2539,27,-0.2988,21,-0.7095,31,-0.0986
ENSG00000162601,MYSM1,27,-0.4189,18,-1.0314,64,0.98813,46,0.44014,32,-0.1577,34,-0.0610,27,-0.4068,28,-0.3420,48,0.50128,28,-0.3642
ENSG00000177606,JUN,58,-0.4623,68,-0.2181,199,1.60709,60,-0.4064,59,-0.4498,41,-1.0139,38,-1.1296,63,-0.3306,72,-0.1395,125,0.77155
ENSG00000134709,HOOK1,5,-2.4772,30,0.20465,48,1.02010,40,0.69275,28,0.09349,22,-0.2755,10,-1.3922,19,-0.4676,33,0.37528,26,-0.0038
ENSG00000162599,NFIA,129,1.23849,50,-0.3308,45,-0.4956,29,-1.1877,26,-1.3260,34,-0.9310,51,-0.3078,132,1.28403,62,0.00121,61,-0.0215
ENSG00000162604,TM2D1,55,-0.2883,132,1.16337,77,0.24453,68,0.04952,49,-0.4703,72,0.13744,39,-0.8203,48,-0.5148,58,-0.1972,63,-0.0816
ENSG00000162607,USP1,25,0.35384,18,-0.2046,24,0.29250,10,-1.0295,22,0.13693,34,0.81796,13,-0.7412,29,0.55431,20,-0.0264,8,-1.3171
ENSG00000116641,DOCK7,29,-0.1889,27,-0.3286,35,0.11418,34,0.04567,19,-0.8232,17,-0.9968,18,-0.9288,43,0.43631,24,-0.4973,83,1.57741
ENSG00000125703,ATG4C,67,1.94802,26,0.25288,18,-0.3407,14,-0.7111,17,-0.3575,11,-1.0925,10,-1.1370,15,-0.6118,14,-0.6682,28,0.40493
ENSG00000079739,PGM1,24,-1.0984,87,0.95132,44,-0.1787,50,0.02644,48,-0.0480,36,-0.4679,45,-0.1328,63,0.38842,25,-1.0341,69,0.56196
ENSG00000158966,CACHD1,10,-0.6611,10,-0.5938,15,0.00124,14,-0.1041,15,-0.0069,5,-1.5365,22,0.54374,28,0.98309,22,0.54654,12,-0.4246
ENSG00000162434,JAK1,47,-0.4551,57,-0.1634,56,-0.2001,81,0.39738,86,0.51080,93,0.63556,52,-0.2948,40,-0.7273,55,-0.2253,65,0.03650
ENSG00000162433,AK4,6,-2.8693,48,0.13301,61,0.52670,42,-0.0597,45,0.05519,23,-1.0094,36,-0.2945,85,1.11541,21,-1.1003,70,0.77692
ENSG00000116675,DNAJC6,159,-1.3950,447,0.20805,399,0.02478,511,0.42634,496,0.37828,649,0.83015,294,-0.4557,216,-0.9330,486,0.34353,273,-0.5709
ENSG00000213625,LEPROT,26,0.04791,38,0.67004,16,-0.6611,17,-0.6135,11,-1.2900,28,0.15382,15,-0.7784,43,0.89114,18,-0.4946,39,0.72449
ENSG00000184588,PDE4B,100,0.52892,54,-0.4458,81,0.17958,91,0.36868,62,-0.2507,73,0.02532,63,-0.2050,62,-0.2398,56,-0.4139,80,0.17238
ENSG00000118473,SGIP1,34,-1.6110,109,0.18622,109,0.17611,104,0.11016,133,0.51288,160,0.81773,64,-0.6447,68,-0.5636,106,0.14228,85,-0.2049
ENSG00000198160,MIER1,28,0.12560,35,0.52163,24,-0.0624,25,-0.0262,18,-0.5214,26,0.06286,10,-1.4540,33,0.41633,27,0.06734,28,0.17632
ENSG00000142864,SERBP1,131,0.02939,138,0.11066,150,0.24329,168,0.42796,146,0.20375,160,0.34341,86,-0.6345,121,-0.1088,73,-0.8762,117,-0.1596
ENSG00000116717,GADD45A,14,-0.6797,31,0.50783,15,-0.6688,29,0.42331,32,0.53651,27,0.28422,19,-0.2809,11,-1.1056,18,-0.3509,30,0.46159
ENSG00000116729,WLS,64,-0.1796,149,1.23399,57,-0.3482,44,-0.7441,35,-1.0827,64,-0.1821,52,-0.4878,113,0.76129,52,-0.5088,84,0.26244
ENSG00000033122,LRRC7,24,-1.1615,46,-0.1798,108,1.24377,78,0.67738,50,-0.0371,33,-0.6748,32,-0.7384,38,-0.4568,61,0.28476,44,-0.2613
ENSG00000066557,LRRC40,3,-3.0954,37,0.58300,25,-0.0455,32,0.33640,26,-0.0157,38,0.63247,22,-0.2510,21,-0.3420,32,0.34167,23,-0.1877
ENSG00000116754,SRSF11,117,0.32720,123,0.40617,127,0.45899,79,-0.3126,120,0.36637,91,-0.0755,71,-0.4713,83,-0.2199,61,-0.6982,85,-0.1918
ENSG00000118454,ANKRD13C,36,-0.1386,29,-0.4568,47,0.29093,28,-0.4983,57,0.60547,32,-0.3105,34,-0.2008,29,-0.4919,51,0.43342,48,0.32484
ENSG00000132485,ZRANB2,69,-0.2506,82,0.01573,135,0.84165,67,-0.3013,103,0.38345,68,-0.2901,68,-0.2898,71,-0.2080,73,-0.1670,76,-0.1017
ENSG00000172260,NEGR1,27,-2.9623,205,0.09315,205,0.08912,301,0.72746,273,0.56236,189,-0.0372,182,-0.1035,184,-0.0810,244,0.37490,127,-0.6640
ENSG00000178965,ERICH3,0,-7.8379,63,0.38550,96,1.11819,44,-0.1876,55,0.17810,67,0.48393,36,-0.4903,33,-0.6338,52,0.07362,49,-0.0228
ENSG00000116791,CRYZ,20,-0.2219,25,0.15563,10,-1.2632,38,0.80629,25,0.13357,45,1.10918,18,-0.3977,11,-1.1159,28,0.30408,10,-1.1789
ENSG00000162623,TYW3,19,-0.3739,26,0.07251,31,0.37006,40,0.80616,24,-0.0188,27,0.18152,17,-0.5724,15,-0.6992,22,-0.1595,23,-0.1094
ENSG00000117054,ACADM,42,-0.4041,72,0.43563,44,-0.3387,77,0.54026,44,-0.3309,75,0.49779,50,-0.1631,39,-0.5232,28,-1.0329,78,0.57132
ENSG00000137955,RABGGTB,57,0.38288,43,-0.0554,35,-0.3890,28,-0.7281,75,0.86090,46,0.05864,44,-0.0278,29,-0.6850,33,-0.4856,57,0.39814
ENSG00000117069,ST6GALNAC5,0,-9.0045,57,-0.2047,90,0.51061,109,0.83795,93,0.57127,91,0.53317,57,-0.2271,22,-1.6837,84,0.39550,53,-0.3220
ENSG00000142892,PIGK,42,-0.1497,48,0.08828,57,0.34406,37,-0.3439,42,-0.1540,67,0.61020,28,-0.7608,44,-0.0713,48,0.06838,47,0.03006
ENSG00000154027,AK5,219,-0.7253,231,-0.6429,612,0.94256,533,0.70396,426,0.33047,359,0.05301,334,-0.0607,156,-1.2423,286,-0.3068,319,-0.1353
ENSG00000036549,AC118549.1,46,1.34675,8,-1.3978,28,0.49114,19,-0.1359,33,0.79554,9,-1.2239,8,-1.3780,15,-0.4547,9,-1.2884,30,0.61835
ENSG00000077254,USP33,77,-0.5476,96,-0.2094,111,0.03046,145,0.45353,137,0.36527,153,0.54357,100,-0.1391,62,-0.8850,100,-0.1380,113,0.04769
ENSG00000180488,MIGA1,56,-0.8045,89,-0.0925,120,0.38791,119,0.37471,121,0.39511,109,0.22408,90,-0.0865,68,-0.5193,90,-0.0759,84,-0.1933
ENSG00000162613,FUBP1,40,-0.3598,61,0.30069,52,0.03881,42,-0.2796,71,0.53942,64,0.37537,32,-0.6966,37,-0.5053,47,-0.1245,61,0.28680
ENSG00000162616,DNAJB4,29,-0.1786,17,-0.9955,44,0.45376,47,0.59146,17,-0.9942,26,-0.3787,21,-0.6812,35,0.09909,29,-0.1720,63,1.07658
ENSG00000117114,ADGRL2,9,-2.0819,62,0.93973,54,0.68599,46,0.41559,27,-0.4189,34,-0.0709,20,-0.8975,21,-0.7649,40,0.21842,40,0.20435
ENSG00000137941,TTLL7,252,1.43272,92,-0.2625,119,0.14400,104,-0.0718,104,-0.0765,93,-0.2527,72,-0.6402,57,-1.0015,105,-0.0604,91,-0.2864
ENSG00000142875,PRKACB,167,-1.6111,565,0.27844,613,0.41304,499,0.07523,655,0.52299,551,0.23633,389,-0.3175,269,-0.8901,556,0.25095,494,0.06078
ENSG00000117133,RPF1,20,-0.5035,46,0.79805,26,-0.1213,33,0.28746,31,0.18688,17,-0.7206,32,0.21265,17,-0.7520,36,0.38921,21,-0.4572
ENSG00000174021,GNG5,56,0.73065,43,0.30612,19,-0.9491,23,-0.7178,36,-0.0125,8,-2.2455,23,-0.7136,70,1.11124,21,-0.8504,61,0.86859
ENSG00000117155,SSX2IP,9,-3.8391,96,-0.4161,198,0.76177,190,0.69317,144,0.23451,128,0.03890,96,-0.4044,120,-0.0627,160,0.40838,105,-0.2688
ENSG00000162642,C1orf52,36,-0.8741,101,0.74985,57,-0.1753,87,0.50090,97,0.68805,87,0.49622,38,-0.7917,42,-0.6552,49,-0.4160,44,-0.5718
ENSG00000153904,DDAH1,156,-0.7436,195,-0.4005,197,-0.3833,244,-0.0527,388,0.71217,172,-0.6014,277,0.15661,316,0.36934,267,0.09261,305,0.30902
ENSG00000117174,ZNHIT6,36,0.36998,24,-0.2650,20,-0.5296,22,-0.4502,23,-0.3312,33,0.20715,23,-0.3325,29,0.00423,25,-0.2435,52,0.99341
ENSG00000122417,ODF2L,4,-2.7478,30,0.15069,26,-0.0834,23,-0.2485,37,0.46217,34,0.34317,29,0.11008,15,-0.8811,35,0.37533,41,0.63612
ENSG00000097033,SH3GLB1,44,0.55028,22,-0.5155,34,0.15345,21,-0.5843,26,-0.2748,21,-0.5886,26,-0.2944,35,0.16922,34,0.12707,48,0.70884
ENSG00000183291,SELENOF,108,0.00600,135,0.36501,78,-0.5048,122,0.19328,108,-0.0009,194,0.97948,85,-0.3831,79,-0.4919,97,-0.1640,73,-0.6184
ENSG00000153936,HS2ST1,7,-2.3106,45,0.38345,32,-0.1259,31,-0.1818,41,0.24239,43,0.32725,35,-0.0035,51,0.61253,30,-0.2622,36,0.02525
ENSG00000143013,LMO4,65,-3.5555,408,-0.8347,790,0.20304,1291,1.03194,742,0.10050,747,0.11060,681,-0.0361,492,-0.5469,1267,0.99935,486,-0.5684
ENSG00000065243,PKN2,20,0.06707,29,0.71545,9,-1.1243,18,-0.0397,17,-0.1970,13,-0.5345,12,-0.7549,16,-0.2357,30,0.74845,25,0.43371
ENSG00000137947,GTF2B,19,-0.7835,35,0.14736,35,0.12374,24,-0.4568,40,0.35587,54,0.85303,24,-0.4851,18,-0.9167,34,0.09696,39,0.29442
ENSG00000137944,KYAT3,8,-1.4396,30,0.49828,23,0.07675,28,0.40927,38,0.91329,31,0.59770,16,-0.4278,16,-0.4503,17,-0.3797,9,-1.2594
ENSG00000213516,RBMXL1,32,0.79954,38,1.10456,9,-1.1853,9,-1.0910,17,-0.2267,19,-0.0322,14,-0.5011,11,-0.9341,18,-0.1377,29,0.60710
ENSG00000197147,LRRC8B,32,-1.9246,131,0.23377,267,1.46052,124,0.14506,111,-0.0293,118,0.06261,93,-0.3101,64,-0.8970,112,-0.0289,83,-0.4863
ENSG00000171492,LRRC8D,81,1.18939,49,0.33078,35,-0.2120,52,0.41698,41,0.05953,36,-0.1659,22,-0.9086,19,-1.1305,22,-0.8990,42,0.06626
ENSG00000162664,ZNF326,54,1.32859,30,0.33146,28,0.23017,15,-0.7748,21,-0.2420,16,-0.6973,18,-0.4601,21,-0.2235,27,0.15897,15,-0.7772
ENSG00000233593,LINC02609,30,0.33246,11,-1.2015,23,-0.0751,38,0.73179,41,0.84578,29,0.25300,24,-0.0079,10,-1.3413,28,0.21724,10,-1.3885
ENSG00000122482,ZNF644,27,0.12963,15,-0.8389,29,0.23162,20,-0.3705,29,0.21416,15,-0.7808,17,-0.6479,37,0.61188,24,-0.0608,40,0.73451
ENSG00000172031,EPHX4,0,-5.4918,28,-0.5281,73,1.02417,53,0.47413,53,0.49115,52,0.44389,38,-0.0494,14,-1.5635,49,0.35613,33,-0.2789
ENSG00000189195,BTBD8,19,-3.1262,139,-0.2085,237,0.65857,219,0.52932,143,-0.1608,196,0.34351,107,-0.6081,106,-0.6343,253,0.77563,164,0.05946
ENSG00000122484,RPAP2,27,0.70913,27,0.71602,16,-0.1022,17,-0.0885,5,-1.8928,12,-0.6310,15,-0.2203,16,-0.1616,29,0.79908,12,-0.6046
ENSG00000067208,EVI5,14,-0.9364,20,-0.4168,27,0.06334,28,0.11233,16,-0.7327,47,0.95270,17,-0.6384,28,0.09969,31,0.26388,33,0.38430
ENSG00000122406,RPL5,743,1.20004,262,-0.5232,325,-0.1865,386,0.09011,350,-0.0657,264,-0.5097,247,-0.6130,287,-0.3803,356,-0.0399,430,0.26644
ENSG00000154511,DIPK1A,36,-0.5374,32,-0.6882,51,0.02729,67,0.46554,40,-0.3549,110,1.32207,39,-0.3903,33,-0.6710,62,0.33179,33,-0.6474
ENSG00000117500,TMED5,32,-0.2226,42,0.20204,32,-0.2023,57,0.72160,41,0.16354,28,-0.4457,33,-0.1479,33,-0.1786,33,-0.1536,37,-0.0103
ENSG00000117505,DR1,25,-1.1185,67,0.38300,51,-0.0581,74,0.55710,79,0.65771,55,0.06036,40,-0.4234,30,-0.8748,35,-0.6479,71,0.49020
ENSG00000067334,DNTTIP2,26,-0.3873,30,-0.1606,35,0.10281,31,-0.0816,27,-0.3132,68,1.19383,37,0.17417,24,-0.4987,21,-0.6899,32,-0.0624
ENSG00000023909,GCLM,14,-0.7434,12,-1.0698,19,-0.3296,21,-0.2006,45,1.08071,57,1.52203,17,-0.4971,21,-0.1858,17,-0.4666,11,-1.0928
ENSG00000117528,ABCD3,23,-0.5495,34,0.07080,32,-0.0306,27,-0.2729,54,0.84837,16,-1.0970,30,-0.1342,40,0.33621,37,0.20298,32,-0.0291
ENSG00000117525,F3,34,-0.3875,62,0.57751,34,-0.3852,17,-1.4390,12,-1.9017,12,-1.8874,34,-0.3820,131,1.93637,13,-1.7739,85,1.12693
ENSG00000117519,CNN3,140,0.54575,144,0.59185,47,-1.1560,62,-0.7424,66,-0.6574,81,-0.3409,60,-0.8097,174,0.91011,66,-0.6487,163,0.80155
ENSG00000152078,TLCD4,19,-1.2797,44,-0.0140,50,0.17335,71,0.74186,48,0.11581,29,-0.6569,41,-0.1502,39,-0.2027,50,0.16295,57,0.37690
ENSG00000228971,LINC02607,16,-0.5051,29,0.41498,43,1.07929,12,-0.9356,61,1.73319,18,-0.3606,8,-1.6118,13,-0.7799,9,-1.3310,15,-0.6581
ENSG00000117569,PTBP2,66,0.13614,60,-0.0001,66,0.14781,71,0.26525,69,0.22625,58,-0.0475,38,-0.7177,60,-0.0046,47,-0.3827,66,0.15585
ENSG00000117598,PLPPR5,0,-5.2804,65,1.51389,27,0.02982,16,-0.7491,21,-0.4111,39,0.62542,23,-0.2361,17,-0.7106,30,0.19575,28,0.09796
ENSG00000117600,PLPPR4,8,-3.8245,75,-0.5429,286,1.73892,67,-0.7071,103,-0.0375,118,0.17655,71,-0.6149,87,-0.2972,147,0.54266,93,-0.2038
ENSG00000162688,AGL,26,0.22477,20,-0.1946,22,-0.0337,21,-0.1249,24,0.11374,17,-0.3868,12,-0.8951,34,0.68240,9,-1.3995,39,0.90709
ENSG00000117620,SLC35A3,6,-1.3026,7,-1.1921,22,0.61538,15,-0.0406,17,0.18475,25,0.82987,10,-0.6257,18,0.29025,22,0.58770,9,-0.7835
ENSG00000156875,MFSD14A,48,0.20028,57,0.46809,58,0.50627,31,-0.4896,44,0.05563,62,0.62664,18,-1.3271,19,-1.1986,58,0.50820,29,-0.5857
ENSG00000137992,DBT,17,-0.3992,17,-0.3851,23,0.11042,25,0.20450,24,0.18060,15,-0.5511,22,0.03606,37,0.88766,18,-0.2944,18,-0.2565
ENSG00000137996,RTCA,41,-0.2396,45,-0.1019,42,-0.2199,88,0.98822,61,0.37486,45,-0.1178,35,-0.4835,29,-0.7703,48,-0.0115,48,-0.0063
ENSG00000162694,EXTL2,20,-1.6455,50,-0.2734,27,-1.2011,145,1.52958,46,-0.4016,91,0.69298,56,-0.1026,20,-1.6651,92,0.72215,48,-0.3504
ENSG00000170989,S1PR1,35,0.05030,33,-0.0640,24,-0.5407,15,-1.2980,14,-1.3348,26,-0.4298,33,-0.0819,78,1.38519,23,-0.6440,63,1.00012
ENSG00000118733,OLFM3,2,-5.1182,25,-1.3982,90,0.59167,109,0.92200,120,1.09473,78,0.36024,35,-0.8824,33,-0.9673,65,0.06642,67,0.11744
ENSG00000198890,PRMT6,8,-1.2105,38,1.33604,13,-0.4375,27,0.72574,14,-0.3381,27,0.73622,12,-0.5406,12,-0.5296,5,-1.8990,16,-0.0695
ENSG00000162631,NTNG1,0,-7.6165,6,-1.9799,27,0.14468,43,0.88422,31,0.37145,31,0.33697,35,0.57987,9,-1.5538,34,0.52081,32,0.39297
ENSG00000162636,FAM102B,0,-8.6220,72,0.41301,37,-0.6458,118,1.26477,102,1.00149,90,0.78931,30,-0.9495,20,-1.5251,42,-0.4628,47,-0.2662
ENSG00000162639,HENMT1,7,-1.5522,25,0.37034,16,-0.3515,13,-0.6282,16,-0.3285,29,0.59919,24,0.27823,12,-0.7170,21,0.08292,36,0.96286
ENSG00000134186,PRPF38B,39,0.71670,35,0.53120,33,0.43487,14,-0.9310,25,0.01215,10,-1.3483,17,-0.5601,32,0.37555,15,-0.7926,31,0.33154
ENSG00000116266,STXBP3,96,1.78848,43,0.35514,26,-0.4533,22,-0.7111,35,0.04629,23,-0.6076,22,-0.6694,30,-0.2215,22,-0.6521,24,-0.5540
ENSG00000121957,GPSM2,79,2.50289,7,-1.5511,7,-1.5077,16,-0.3100,11,-0.9358,14,-0.5478,15,-0.4658,22,0.14926,10,-1.0091,19,-0.0789
ENSG00000121940,CLCC1,46,0.80982,34,0.30706,34,0.31195,28,0.00319,16,-0.8740,16,-0.8660,16,-0.8456,18,-0.7240,43,0.69786,30,0.09567
ENSG00000085433,WDR47,36,-2.0094,158,0.24712,159,0.25329,159,0.25518,211,0.73039,203,0.65774,93,-0.5982,72,-0.9864,135,-0.0127,132,-0.0467
ENSG00000197780,TAF13,74,-0.4832,67,-0.6342,51,-1.0414,141,0.55462,144,0.59850,142,0.57528,98,-0.0317,76,-0.4316,123,0.32773,85,-0.2496
ENSG00000215717,TMEM167B,29,-0.5416,55,0.43215,51,0.31836,48,0.22621,53,0.37991,45,0.11204,27,-0.6572,46,0.17136,37,-0.2093,26,-0.7061
ENSG00000116299,KIAA1324,6,-1.9384,20,-0.0825,27,0.41689,26,0.36788,35,0.83868,26,0.35392,7,-1.5771,17,-0.2882,25,0.26592,20,-0.0818
ENSG00000031698,SARS,97,-1.2624,299,0.50766,222,0.02673,300,0.51485,260,0.28161,227,0.06232,132,-0.7934,136,-0.7482,246,0.19001,269,0.33460
ENSG00000143126,CELSR2,116,-0.4860,82,-1.0115,216,0.50996,237,0.66340,202,0.39778,165,0.06636,137,-0.2251,108,-0.5980,130,-0.3042,187,0.27285
ENSG00000134222,PSRC1,81,1.73552,18,-0.7578,77,1.64168,17,-0.8402,15,-1.0028,21,-0.5103,7,-2.0326,20,-0.5992,25,-0.2844,14,-1.1047
ENSG00000134243,SORT1,395,0.73970,193,-0.4209,385,0.69971,262,0.05999,186,-0.4797,289,0.21938,207,-0.3090,130,-1.0246,245,-0.0447,228,-0.1589
ENSG00000143106,PSMA5,24,-1.7924,99,0.38305,122,0.73716,89,0.21739,94,0.30170,73,-0.1008,36,-1.1880,52,-0.6221,98,0.36388,92,0.27376
ENSG00000181754,AMIGO1,7,-2.4904,50,0.49406,64,0.90461,32,-0.2238,52,0.56317,42,0.20262,26,-0.5741,28,-0.4322,44,0.26634,25,-0.5970
ENSG00000065135,GNAI3,33,0.85266,33,0.82822,15,-0.4559,8,-1.2721,15,-0.3815,22,0.14615,10,-1.0296,29,0.62982,19,-0.0560,13,-0.6474
ENSG00000116337,AMPD2,33,-1.0544,135,1.20891,81,0.34176,54,-0.2976,68,0.05879,61,-0.1146,53,-0.3543,64,-0.0402,52,-0.3682,56,-0.2586
ENSG00000168765,GSTM4,13,-1.2156,25,-0.2676,36,0.28931,47,0.72941,22,-0.4547,38,0.39827,27,-0.1471,33,0.15114,36,0.29585,21,-0.5406
ENSG00000134202,GSTM3,94,-0.3663,137,0.24502,124,0.07539,146,0.33945,69,-0.8339,102,-0.2243,70,-0.8214,145,0.33281,109,-0.1202,184,0.73476
ENSG00000168710,AHCYL1,347,0.57871,245,0.00421,185,-0.4368,145,-0.8116,211,-0.2281,155,-0.7140,213,-0.2132,442,0.99130,147,-0.7910,350,0.58917
ENSG00000143093,STRIP1,12,-1.6558,57,0.72235,40,0.11433,57,0.71441,51,0.51433,27,-0.5112,24,-0.6709,28,-0.4212,30,-0.3213,43,0.24924
ENSG00000197106,SLC6A17,30,-2.5879,264,0.74776,134,-0.3502,189,0.18893,259,0.71452,241,0.59447,190,0.20297,98,-0.8304,125,-0.4590,146,-0.2187
ENSG00000116396,KCNC4,20,-1.2601,32,-0.5518,54,0.25052,43,-0.0909,78,0.86608,53,0.23510,46,-0.0150,49,0.10017,47,0.01520,38,-0.2865
ENSG00000134248,LAMTOR5,120,-0.4285,233,0.63929,174,0.15563,122,-0.4012,181,0.22101,215,0.50504,133,-0.2675,117,-0.4736,124,-0.3790,158,0.00484
ENSG00000177301,KCNA2,35,-2.0399,91,-0.6287,80,-0.8183,188,0.53328,136,0.00956,204,0.66806,151,0.17714,96,-0.5360,216,0.76903,158,0.24291
ENSG00000259834,AL365361.1,3,-2.9689,32,0.59418,35,0.75441,28,0.40985,17,-0.3764,22,0.04063,15,-0.5740,28,0.41899,23,0.06461,16,-0.5273
ENSG00000121931,LRIF1,0,-5.4031,47,1.41853,32,0.76649,16,-0.3435,9,-1.1875,13,-0.6365,18,-0.1910,20,-0.0009,24,0.25250,22,0.15592
ENSG00000134255,CEPT1,22,-0.3204,33,0.33741,28,0.03102,38,0.54878,27,0.01701,19,-0.5293,15,-0.9418,26,-0.0722,27,0.01020,35,0.42705
ENSG00000116455,WDR77,10,-0.8076,15,-0.2441,13,-0.4788,27,0.70523,17,0.01645,31,0.94878,15,-0.1976,12,-0.5949,20,0.23072,13,-0.4032
ENSG00000116459,ATP5PB,94,-1.0109,262,0.62081,192,0.11188,159,-0.1957,277,0.71736,217,0.30995,147,-0.3202,110,-0.7616,157,-0.2144,179,0.00049
ENSG00000116473,RAP1A,149,1.80686,61,0.23211,44,-0.2859,33,-0.7097,26,-1.0684,47,-0.1742,34,-0.6641,34,-0.6939,42,-0.3473,57,0.11520
ENSG00000197852,INKA2,0,-5.4078,13,-1.1650,53,1.01692,32,0.17122,30,0.10048,21,-0.4418,27,-0.0818,37,0.40707,24,-0.2659,47,0.83414
ENSG00000171385,KCND3,15,-2.5528,97,0.21209,105,0.34053,107,0.35980,90,0.08176,99,0.24453,73,-0.2526,65,-0.4331,87,0.02875,115,0.48482
ENSG00000116489,CAPZA1,46,-0.4880,95,0.67704,41,-0.6573,58,-0.1216,70,0.18258,48,-0.4261,49,-0.3694,42,-0.6070,77,0.33188,100,0.76719
ENSG00000155366,RHOC,116,1.64491,36,-0.3405,20,-1.2316,20,-1.2284,20,-1.2141,31,-0.5685,28,-0.7128,57,0.39306,11,-2.1117,107,1.50478
ENSG00000155380,SLC16A1,65,1.49366,20,-0.4865,9,-1.5843,17,-0.7330,32,0.24632,27,-0.0163,17,-0.7104,44,0.77580,12,-1.2104,29,0.08077
ENSG00000081026,MAGI3,10,-0.8988,10,-0.8341,17,-0.0805,12,-0.6674,39,1.27962,20,0.14738,8,-1.1513,18,0.01013,18,-0.0249,29,0.73290
ENSG00000116793,PHTF1,6,-1.5382,13,-0.3597,17,0.07145,34,1.21256,23,0.53030,26,0.73682,10,-0.6947,10,-0.6806,13,-0.3955,12,-0.5035
ENSG00000081019,RSBN1,4,-3.0566,43,0.50487,39,0.33278,51,0.76472,34,0.11103,17,-0.9783,40,0.37746,25,-0.3532,39,0.35194,25,-0.3895
ENSG00000134262,AP4B1,16,-0.4320,26,0.27144,22,0.01712,45,1.19210,15,-0.5291,22,0.02023,17,-0.3457,13,-0.8081,17,-0.4102,25,0.18462
ENSG00000163349,HIPK1,33,-0.8788,83,0.58810,74,0.40710,40,-0.5533,62,0.11017,45,-0.4018,55,-0.0690,73,0.39041,59,0.03244,53,-0.1419
ENSG00000197323,TRIM33,38,-0.0906,32,-0.3447,55,0.48833,55,0.49602,25,-0.7597,25,-0.7677,32,-0.3872,44,0.14142,33,-0.2996,66,0.79487
ENSG00000116752,BCAS2,32,-1.6543,124,0.43464,79,-0.2958,147,0.71797,114,0.29925,143,0.67244,74,-0.3871,64,-0.6193,110,0.23182,62,-0.6548
ENSG00000213281,NRAS,38,0.63940,27,0.09516,18,-0.5464,17,-0.6359,39,0.69779,26,0.00434,21,-0.2804,15,-0.8278,20,-0.4138,35,0.50560
ENSG00000009307,CSDE1,270,0.23619,211,-0.1605,248,0.09442,235,0.01377,296,0.38328,256,0.14876,278,0.28287,164,-0.5547,146,-0.7326,230,-0.0223
ENSG00000052723,SIKE1,22,0.50706,10,-0.7847,12,-0.5016,17,0.08228,21,0.41884,20,0.35343,14,-0.2675,13,-0.3448,8,-1.0139,26,0.71529
ENSG00000163399,ATP1A1,126,-2.5155,748,0.19610,1045,0.75362,1100,0.84123,1101,0.84310,718,0.13043,404,-0.7753,295,-1.2514,646,-0.0409,441,-0.6396
ENSG00000143061,IGSF3,0,-7.0318,16,-0.0639,46,1.80338,17,0.08381,10,-0.7973,18,0.13131,19,0.24649,11,-0.6386,13,-0.3732,14,-0.2107
ENSG00000134247,PTGFRN,15,-0.8046,22,-0.2525,34,0.40396,31,0.28015,45,0.89893,25,-0.0709,17,-0.6486,18,-0.5922,20,-0.3867,34,0.39376
ENSG00000198162,MAN1A2,82,-0.7509,182,0.51946,87,-0.6531,95,-0.5214,68,-1.0369,127,-0.0614,143,0.11913,210,0.75650,177,0.47669,153,0.23440
ENSG00000065183,WDR3,4,-1.7982,14,-0.1092,21,0.57972,15,0.00369,31,1.27855,17,0.23844,9,-0.6445,12,-0.2395,11,-0.4218,11,-0.4372
ENSG00000092621,PHGDH,221,2.02563,48,-0.6085,27,-1.4877,21,-1.8589,31,-1.2836,31,-1.2846,58,-0.3202,118,0.84314,40,-0.8724,114,0.78145
ENSG00000134250,NOTCH2,19,-0.3113,52,1.33138,13,-0.9112,11,-1.1632,7,-1.7083,16,-0.5859,23,-0.0644,52,1.32530,5,-2.2676,38,0.75668
ENSG00000265808,SEC22B,72,0.10315,73,0.11340,58,-0.2538,85,0.36480,63,-0.1214,89,0.44422,47,-0.5833,66,-0.0359,50,-0.4642,75,0.15820
ENSG00000226067,LINC00623,18,-0.2394,20,-0.1260,25,0.26532,24,0.15486,33,0.70475,24,0.20123,21,-0.0519,14,-0.6360,9,-1.2780,26,0.29183
ENSG00000171943,SRGAP2C,39,0.60098,30,0.14869,30,0.15637,15,-0.8606,30,0.15616,48,0.94535,13,-1.0789,20,-0.4868,22,-0.3409,24,-0.2078
ENSG00000232527,LINC02802,0,-4.6687,17,0.15518,29,1.05533,11,-0.4612,36,1.42218,15,-0.0388,12,-0.3658,9,-0.7357,9,-0.8740,15,-0.0465
ENSG00000265491,RNF115,36,-0.1846,67,0.81675,32,-0.3590,29,-0.5067,39,-0.0417,36,-0.1734,49,0.31261,36,-0.1953,39,-0.0701,42,0.03920
ENSG00000131788,PIAS3,24,0.53828,16,-0.0564,13,-0.4160,19,0.15332,7,-1.2952,31,1.00024,13,-0.3920,17,-0.0367,12,-0.5029,18,0.06336
ENSG00000198483,ANKRD35,45,1.57719,26,0.59232,10,-0.8315,8,-1.1319,10,-0.9401,7,-1.3849,17,-0.0343,34,1.06735,9,-1.0535,12,-0.6204
ENSG00000131779,PEX11B,15,-1.8526,64,0.40377,59,0.26669,75,0.66339,71,0.55676,66,0.45244,31,-0.7416,42,-0.2655,52,0.06350,25,-1.0468
ENSG00000265241,RBM8A,81,0.25331,76,0.13904,75,0.11952,73,0.08180,78,0.19764,79,0.21202,53,-0.4165,54,-0.3992,46,-0.6390,78,0.19601
ENSG00000272031,ANKRD34A,0,-8.5643,63,0.43356,61,0.39360,84,0.92170,53,0.15898,50,0.06632,30,-0.7212,36,-0.4702,79,0.81665,25,-1.0087
ENSG00000121851,POLR3GL,28,0.22229,19,-0.4115,31,0.41055,21,-0.2119,11,-1.2178,8,-1.7286,17,-0.5327,25,0.01009,48,1.12792,36,0.62825
ENSG00000265972,TXNIP,224,3.13042,15,-1.6940,14,-1.7101,2,-4.5077,12,-2.0027,12,-1.9938,18,-1.4093,48,0.11697,17,-1.4678,88,1.12915
ENSG00000178104,PDE4DIP,122,-0.3451,211,0.53656,162,0.10071,151,-0.0111,138,-0.1486,154,0.02504,125,-0.3112,163,0.11534,89,-0.8244,203,0.47365
ENSG00000178096,BOLA1,24,0.39303,24,0.39821,15,-0.3321,12,-0.6217,14,-0.3859,54,1.83671,13,-0.5394,13,-0.5009,8,-1.1956,8,-1.2743
ENSG00000159164,SV2A,47,-2.9534,429,0.40410,304,-0.1546,478,0.58445,377,0.19182,698,1.24357,292,-0.2167,187,-0.9048,292,-0.2153,243,-0.5060
ENSG00000143368,SF3B4,23,-0.1370,44,0.92630,39,0.73215,20,-0.3808,21,-0.2725,14,-0.8877,27,0.12111,11,-1.1922,27,0.14628,24,-0.0838
ENSG00000264522,OTUD7B,109,3.30045,4,-2.3600,11,-0.9645,5,-2.0180,13,-0.6540,16,-0.3880,7,-1.5435,13,-0.7374,8,-1.4713,19,-0.1038
ENSG00000136631,VPS45,34,-0.3767,78,0.96075,43,-0.0172,45,0.04746,41,-0.1134,57,0.42386,31,-0.5416,32,-0.4749,35,-0.3387,41,-0.1181
ENSG00000023902,PLEKHO1,41,-0.2281,42,-0.1704,43,-0.1473,45,-0.0471,38,-0.3446,43,-0.1450,58,0.34923,40,-0.2600,40,-0.2382,79,0.86667
ENSG00000143401,ANP32E,61,0.31247,44,-0.2236,57,0.18742,45,-0.1649,32,-0.7191,32,-0.6935,60,0.27490,66,0.42755,39,-0.3828,68,0.48803
ENSG00000117362,APH1A,80,1.28844,28,-0.4647,45,0.30494,24,-0.6797,35,-0.1162,24,-0.6893,32,-0.2448,38,0.01770,25,-0.6129,43,0.21803
ENSG00000266472,MRPS21,98,-1.1000,295,0.63884,203,0.02818,208,0.06185,225,0.19153,217,0.13091,196,-0.0344,150,-0.4532,189,-0.0933,218,0.14193
ENSG00000163125,RPRD2,19,-1.0913,39,0.00104,36,-0.1270,43,0.16101,29,-0.4595,42,0.11010,51,0.45667,41,0.10154,41,0.08774,47,0.31230
ENSG00000143374,TARS2,12,-0.5008,11,-0.5837,16,-0.0399,20,0.28581,19,0.18951,33,1.13318,7,-1.2112,10,-0.7317,17,0.04580,20,0.31627
ENSG00000143369,ECM1,27,-0.0473,16,-0.8106,10,-1.5091,50,0.98565,21,-0.4247,59,1.28147,35,0.37128,11,-1.3210,17,-0.7104,29,0.07071
ENSG00000143384,MCL1,39,0.42994,46,0.69782,37,0.32653,24,-0.3636,15,-1.0656,27,-0.1746,13,-1.3192,24,-0.3454,33,0.12671,43,0.59896
ENSG00000143420,ENSA,87,-1.5815,205,-0.2782,267,0.14085,293,0.29304,327,0.47660,263,0.11893,226,-0.1251,192,-0.3802,310,0.38507,274,0.18158
ENSG00000143457,GOLPH3L,6,-1.4587,40,1.45450,18,0.05057,23,0.46463,14,-0.2742,15,-0.1568,16,-0.0598,10,-0.7335,14,-0.2490,12,-0.5111
ENSG00000143437,ARNT,24,0.52526,23,0.40656,16,-0.1747,11,-0.6649,19,0.10250,14,-0.3306,15,-0.2077,17,-0.0008,14,-0.3070,21,0.30603
ENSG00000143418,CERS2,201,3.50600,32,-0.1624,14,-1.3696,4,-3.0270,6,-2.6663,15,-1.3264,18,-1.0557,23,-0.6634,13,-1.5478,30,-0.2674
ENSG00000143363,PRUNE1,10,-0.7339,8,-1.0557,25,0.65893,26,0.68603,15,-0.1894,25,0.64296,10,-0.8139,11,-0.6648,16,-0.0850,22,0.41895
ENSG00000197622,CDC42SE1,33,0.29775,17,-0.7323,27,-0.0159,73,1.67346,19,-0.5788,24,-0.2001,20,-0.4543,21,-0.4050,22,-0.3196,18,-0.6800
ENSG00000213190,MLLT11,78,-2.4199,321,-0.3000,338,-0.2174,416,0.11535,624,0.78735,687,0.95673,339,-0.2113,279,-0.5156,485,0.36645,306,-0.3746
ENSG00000143434,SEMA6C,17,0.09503,20,0.31139,28,0.88382,13,-0.3589,24,0.63694,12,-0.4747,12,-0.4408,7,-1.2612,9,-0.9175,21,0.37556
ENSG00000163156,SCNM1,38,0.84370,17,-0.4053,14,-0.6717,22,-0.0074,24,0.12156,26,0.21842,14,-0.7559,30,0.47709,17,-0.4210,22,-0.0489
ENSG00000163159,VPS72,42,0.28616,55,0.73612,40,0.22099,35,-0.0010,28,-0.3738,37,0.06226,20,-0.8752,34,-0.0555,34,-0.0400,27,-0.4389
ENSG00000143398,PIP5K1A,20,-0.1094,30,0.55624,35,0.79163,17,-0.3713,22,0.07335,28,0.44741,14,-0.6624,15,-0.5426,15,-0.5036,17,-0.3460
ENSG00000159352,PSMD4,100,-0.4037,132,0.04256,116,-0.1617,158,0.33041,159,0.33985,119,-0.1268,130,0.01310,99,-0.4124,129,-0.0016,146,0.20420
ENSG00000143393,PI4KB,70,0.47033,61,0.24409,67,0.37846,59,0.17083,74,0.55141,49,-0.1143,40,-0.4452,43,-0.3173,25,-1.1631,39,-0.4501
ENSG00000143390,RFX5,7,-1.3349,21,0.27765,22,0.33535,15,-0.2581,16,-0.1435,16,-0.1535,10,-0.8143,14,-0.3646,10,-0.8639,45,1.60430
ENSG00000143416,SELENBP1,64,1.26879,24,-0.3241,14,-1.1449,18,-0.7703,19,-0.6665,10,-1.7089,21,-0.5801,74,1.53509,8,-1.8696,48,0.75324
ENSG00000159377,PSMB4,135,-0.6729,247,0.27446,222,0.10517,233,0.18278,264,0.38563,254,0.32087,179,-0.2431,144,-0.5819,220,0.09154,184,-0.1996
ENSG00000143442,POGZ,74,0.64284,48,-0.0559,75,0.65588,41,-0.3070,46,-0.1423,53,0.10892,34,-0.6025,45,-0.1585,32,-0.6791,51,0.03371
ENSG00000143376,SNX27,75,0.24642,55,-0.2405,70,0.14306,50,-0.3837,69,0.10943,103,0.78185,33,-1.0157,50,-0.4039,74,0.22721,63,-0.0367
ENSG00000159409,CELF3,3,-3.4910,27,-0.5317,62,0.79443,51,0.49453,41,0.12000,27,-0.5488,38,0.00858,37,-0.0405,57,0.65586,37,-0.0558
ENSG00000143436,MRPL9,32,-0.5256,44,-0.0103,65,0.62037,50,0.17382,42,-0.0788,52,0.24108,41,-0.1379,42,-0.0899,44,-0.0157,33,-0.4505
ENSG00000197747,S100A10,35,0.84040,37,0.92024,11,-1.0094,6,-1.7572,5,-2.0898,14,-0.5636,19,-0.1684,24,0.21767,5,-2.1655,53,1.60241
ENSG00000197956,S100A6,217,0.18245,166,-0.2499,244,0.37083,140,-0.5111,154,-0.3626,199,0.04608,130,-0.6202,173,-0.1809,165,-0.2567,350,0.98627
ENSG00000188643,S100A16,60,0.93962,40,0.23639,19,-0.8725,17,-1.0455,23,-0.6328,16,-1.1486,33,-0.0655,62,0.97305,18,-0.9410,54,0.73371
ENSG00000189171,S100A13,203,0.92074,91,-0.3982,56,-1.1368,62,-0.9763,87,-0.4641,72,-0.7461,153,0.44181,205,0.94095,101,-0.2288,136,0.24970
ENSG00000160678,S100A1,272,0.85561,130,-0.3426,133,-0.3117,102,-0.7239,79,-1.1198,77,-1.1579,203,0.36847,269,0.84019,118,-0.5044,238,0.63052
ENSG00000160679,CHTOP,80,0.50850,82,0.55649,71,0.30654,56,-0.0638,59,0.00846,48,-0.3157,51,-0.2092,48,-0.3189,40,-0.6018,50,-0.2401
ENSG00000143553,SNAPIN,27,-0.3371,44,0.44035,36,0.11305,41,0.32845,28,-0.2882,36,0.10834,32,-0.0978,22,-0.6763,20,-0.7873,50,0.65052
ENSG00000143621,ILF2,66,-0.5609,98,0.05583,105,0.15461,97,0.02994,94,-0.0137,145,0.69729,64,-0.6101,45,-1.1651,113,0.27544,123,0.41542
ENSG00000143624,INTS3,57,0.28051,39,-0.3393,78,0.79270,57,0.28715,58,0.30292,37,-0.4168,55,0.23747,33,-0.5925,30,-0.7207,36,-0.4637
ENSG00000143614,GATAD2B,23,-0.9471,27,-0.7327,42,-0.0301,31,-0.5103,67,0.72145,51,0.27676,40,-0.0972,43,0.01377,34,-0.3594,71,0.82230
ENSG00000198837,DENND4B,40,-0.1173,38,-0.2116,34,-0.3530,57,0.44838,48,0.17716,39,-0.1440,60,0.54090,42,-0.0328,35,-0.3116,37,-0.2474
ENSG00000143543,JTB,135,-0.1583,170,0.20787,181,0.30786,150,0.00404,148,-0.0160,205,0.51727,107,-0.5229,115,-0.4130,100,-0.6299,183,0.33006
ENSG00000177954,RPS27,2433,1.41375,1589,0.65825,753,-0.5470,727,-0.6004,620,-0.8465,660,-0.7504,952,-0.1793,1249,0.25724,559,-1.0023,1109,0.06545
ENSG00000143549,TPM3,142,-0.4208,188,0.02411,199,0.11394,232,0.36839,194,0.07461,182,-0.0266,205,0.16498,173,-0.1068,174,-0.0975,162,-0.2109
ENSG00000143612,C1orf43,149,0.24444,168,0.44595,142,0.17170,102,-0.3564,110,-0.2381,133,0.06065,128,0.00230,107,-0.2753,127,-0.0043,111,-0.2172
ENSG00000143569,UBAP2L,44,-0.5676,71,0.19833,98,0.72778,47,-0.4394,54,-0.2365,79,0.37083,52,-0.2839,51,-0.3274,51,-0.3143,80,0.39181
ENSG00000143575,HAX1,45,-0.5074,53,-0.2494,67,0.12200,74,0.26815,82,0.44161,75,0.30690,52,-0.2988,46,-0.4865,52,-0.2969,78,0.36157
ENSG00000160714,UBE2Q1,68,-0.4851,110,0.27744,99,0.10663,105,0.20780,81,-0.2107,109,0.26558,107,0.23529,56,-0.7905,96,0.07032,93,0.02012
ENSG00000160716,CHRNB2,0,-6.3415,13,-1.4670,27,-0.3592,40,0.25713,44,0.39474,75,1.31570,49,0.56545,25,-0.5106,30,-0.2106,40,0.26487
ENSG00000160710,ADAR,115,-0.4644,139,-0.1712,185,0.29156,154,-0.0054,208,0.48320,154,-0.0029,101,-0.6604,104,-0.6184,186,0.29661,199,0.41177
ENSG00000143603,KCNN3,52,1.72539,19,-0.0029,12,-0.6883,13,-0.5894,6,-1.6335,4,-2.1289,15,-0.3467,34,0.96420,15,-0.3412,19,-0.0042
ENSG00000163344,PMVK,123,0.69839,85,0.08860,61,-0.4300,143,0.96131,37,-1.1934,95,0.28229,54,-0.6070,66,-0.3085,43,-0.9556,94,0.26299
ENSG00000163346,PBXIP1,112,0.65716,78,0.06451,36,-1.1366,30,-1.3806,38,-1.0268,33,-1.2719,58,-0.3888,138,1.02552,47,-0.7271,178,1.47911
ENSG00000163348,PYGO2,36,0.38632,25,-0.2252,51,0.96192,31,0.10729,39,0.50199,21,-0.4839,16,-0.8677,17,-0.7829,16,-0.8979,34,0.26364
ENSG00000160688,FLAD1,22,0.22979,15,-0.4217,11,-0.9160,36,1.00647,18,-0.1316,29,0.63950,10,-0.9825,18,-0.0872,13,-0.6101,22,0.22052
ENSG00000143537,ADAM15,86,2.00467,40,0.57616,20,-0.4861,13,-1.1781,22,-0.3321,22,-0.3876,15,-0.9038,13,-1.1284,5,-2.5949,41,0.63711
ENSG00000143590,EFNA3,1,-5.1848,41,0.04546,66,0.80447,75,1.03012,45,0.19290,42,0.08068,25,-0.7370,21,-0.9966,53,0.43870,33,-0.3025
ENSG00000179085,DPM3,46,-0.2498,89,0.82614,51,-0.0792,50,-0.1149,41,-0.4408,50,-0.1165,34,-0.7061,43,-0.3622,58,0.11103,77,0.58263
ENSG00000163463,KRTCAP2,104,0.18607,115,0.35584,105,0.19733,56,-0.7827,63,-0.5905,87,-0.0976,71,-0.4110,91,-0.0215,95,0.03742,138,0.65249
ENSG00000163462,TRIM46,9,-1.0966,63,2.18822,32,0.89897,19,0.06180,20,0.11586,6,-1.5493,3,-2.5365,7,-1.4622,18,-0.0526,7,-1.3947
ENSG00000173171,MTX1,22,-0.2236,28,0.11456,30,0.22590,30,0.23814,34,0.42342,30,0.25440,13,-1.0302,18,-0.5760,43,0.84764,10,-1.3942
ENSG00000177628,GBA,66,0.21001,56,-0.0504,67,0.24151,68,0.26505,58,0.01245,53,-0.1333,72,0.36421,46,-0.3567,47,-0.3288,44,-0.4274
ENSG00000160767,FAM189B,7,-1.9520,25,-0.1608,23,-0.2475,64,1.43730,33,0.30941,21,-0.4206,26,-0.0791,22,-0.3232,29,0.09230,23,-0.2680
ENSG00000116521,SCAMP3,59,0.08820,68,0.32531,39,-0.5559,50,-0.1753,74,0.45863,58,0.07130,40,-0.5177,49,-0.2008,50,-0.1614,70,0.35955
ENSG00000176444,CLK2,23,0.30254,40,1.28692,13,-0.5434,22,0.26342,17,-0.1393,18,-0.0777,6,-1.6749,21,0.20400,13,-0.5402,13,-0.5028
ENSG00000160752,FDPS,116,0.15939,124,0.26658,86,-0.3080,78,-0.4691,129,0.33461,198,1.06332,78,-0.4710,67,-0.7106,88,-0.2865,87,-0.3065
ENSG00000160753,RUSC1,41,-1.2215,81,-0.1622,113,0.37365,79,-0.2126,123,0.50605,140,0.73283,98,0.14315,49,-0.9268,67,-0.4582,107,0.28674
ENSG00000116539,ASH1L,50,-0.9029,138,0.72262,111,0.35029,88,-0.0112,79,-0.1966,66,-0.4629,63,-0.5493,95,0.10492,95,0.09654,106,0.28348
ENSG00000163374,YY1AP1,56,0.06048,74,0.50645,47,-0.2343,49,-0.1637,43,-0.3591,80,0.62605,55,0.03435,37,-0.5823,57,0.07637,44,-0.3323
ENSG00000132676,DAP3,38,0.19347,39,0.23405,42,0.37612,46,0.50850,49,0.60250,38,0.20216,23,-0.5623,20,-0.8194,24,-0.4971,16,-1.0997
ENSG00000116580,GON4L,19,0.09361,21,0.21044,21,0.25966,25,0.50332,13,-0.5048,12,-0.6451,15,-0.2703,18,0.02086,12,-0.6901,25,0.52175
ENSG00000132718,SYT11,368,-0.8303,770,0.33380,775,0.34494,725,0.23539,632,0.01352,934,0.65616,315,-1.0662,469,-0.4564,871,0.53838,406,-0.6787
ENSG00000132680,KHDC4,34,0.72077,14,-0.6697,46,1.24551,15,-0.5929,25,0.18317,11,-1.0692,7,-1.5924,11,-1.0182,18,-0.3379,38,0.90432
ENSG00000116584,ARHGEF2,116,0.94879,43,-0.6488,64,-0.0456,84,0.40446,63,-0.0505,65,-0.0082,45,-0.5778,38,-0.8529,74,0.20070,62,-0.0822
ENSG00000163479,SSR2,63,-0.3066,77,0.00921,92,0.30085,128,0.85821,73,-0.0688,81,0.09709,53,-0.5636,62,-0.3240,60,-0.3863,74,-0.0463
ENSG00000160803,UBQLN4,48,0.38135,50,0.44438,35,-0.0938,22,-0.8492,30,-0.3568,47,0.35919,44,0.25763,39,0.06381,18,-1.0920,43,0.21758
ENSG00000116586,LAMTOR2,62,-0.2011,106,0.67080,72,0.04334,47,-0.6422,59,-0.2740,83,0.25912,66,-0.0998,50,-0.5451,63,-0.1616,96,0.50002
ENSG00000160789,LMNA,92,1.98308,20,-0.6260,9,-1.8313,6,-2.3076,7,-2.1436,11,-1.5035,18,-0.7334,19,-0.6896,27,-0.1450,88,1.91146
ENSG00000196189,SEMA4A,16,-0.2254,47,1.54802,16,-0.2532,13,-0.5490,28,0.64225,22,0.22479,12,-0.7202,17,-0.1922,8,-1.3425,10,-0.9156
ENSG00000160785,SLC25A44,25,-1.1897,41,-0.4261,51,-0.1119,82,0.66861,67,0.33273,104,1.08082,66,0.31562,32,-0.8294,25,-1.2091,51,-0.0888
ENSG00000160783,PMF1,46,1.56058,21,0.25032,15,-0.3440,13,-0.5085,13,-0.5275,15,-0.2593,12,-0.6390,16,-0.2193,11,-0.7216,20,0.15553
ENSG00000160781,PAQR6,2330,5.56432,36,-3.0500,41,-2.8841,31,-3.2876,53,-2.5024,35,-3.0949,65,-2.1903,64,-2.2182,50,-2.5687,63,-2.2419
ENSG00000198952,SMG5,42,0.18911,50,0.44683,24,-0.6794,48,0.39436,64,0.86868,31,-0.2940,20,-0.9418,34,-0.1603,15,-1.4067,48,0.38406
ENSG00000198715,GLMP,19,0.30575,21,0.46784,18,0.17530,12,-0.3973,18,0.20481,17,0.08443,12,-0.4123,26,0.81148,8,-0.9398,6,-1.3109
ENSG00000163468,CCT3,76,-0.5649,136,0.34456,149,0.50025,113,0.04819,167,0.68779,123,0.18528,73,-0.6458,74,-0.6194,68,-0.7349,118,0.11379
ENSG00000125462,C1orf61,711,0.51531,571,0.15455,433,-0.2870,531,0.03585,316,-0.7742,296,-0.8761,464,-0.1790,814,0.74354,347,-0.6317,706,0.50191
ENSG00000116604,MEF2D,16,-2.8760,103,-0.1213,209,1.06135,110,-0.0152,111,0.00547,143,0.41255,62,-0.8949,113,0.02127,122,0.15764,120,0.12324
ENSG00000163382,NAXE,61,-0.5094,96,0.21470,93,0.16003,116,0.52332,71,-0.2601,99,0.26969,74,-0.1871,67,-0.3524,75,-0.1820,87,0.06358
ENSG00000160818,GPATCH4,25,-0.3284,39,0.36741,23,-0.4499,27,-0.1966,26,-0.2788,26,-0.2454,38,0.33057,19,-0.7774,50,0.78605,36,0.23834
ENSG00000132702,HAPLN2,346,4.65213,13,-1.9609,13,-1.9465,13,-1.9403,28,-0.8091,24,-1.0039,5,-3.1141,6,-2.8957,12,-2.0318,6,-2.9970
ENSG00000132692,BCAN,420,1.71643,109,-0.5625,120,-0.4240,82,-0.9968,72,-1.1905,116,-0.4693,112,-0.5223,238,0.69081,104,-0.6361,191,0.32276
ENSG00000143314,MRPL24,50,-0.0231,33,-0.6863,63,0.34631,47,-0.1297,54,0.09768,76,0.65970,67,0.43770,38,-0.4705,48,-0.1001,34,-0.6450
ENSG00000143321,HDGF,92,0.79102,64,0.18425,49,-0.2366,59,0.06950,47,-0.3058,48,-0.2649,36,-0.7114,56,-0.0359,48,-0.2842,71,0.34940
ENSG00000143294,PRCC,34,-0.8965,92,0.68776,74,0.32787,71,0.25690,75,0.36280,80,0.46569,31,-1.0216,32,-0.9713,63,0.08138,50,-0.2861
ENSG00000132694,ARHGEF11,6,-1.6768,15,-0.2829,21,0.23077,30,0.83992,16,-0.1391,9,-1.0758,15,-0.2275,26,0.57524,20,0.14701,22,0.31608
ENSG00000162706,CADM3,32,-2.6935,158,-0.3177,207,0.11189,312,0.79426,289,0.66386,204,0.08764,114,-0.8223,147,-0.4311,316,0.81558,151,-0.3853
ENSG00000158716,DUSP23,31,0.59067,9,-1.2541,29,0.52283,15,-0.5503,30,0.53672,14,-0.6589,23,0.15498,15,-0.5202,19,-0.1476,27,0.37892
ENSG00000158710,TAGLN2,57,2.08688,14,-0.3617,8,-1.0921,8,-1.0845,2,-3.2889,3,-2.5666,3,-2.5463,36,1.19106,4,-2.0522,40,1.37457
ENSG00000177807,KCNJ10,242,2.16354,55,-0.4326,34,-1.1735,22,-1.8234,25,-1.6039,47,-0.6800,72,-0.0170,115,0.76515,43,-0.8208,70,-0.0466
ENSG00000162728,KCNJ9,54,-0.1894,54,-0.1913,85,0.54669,50,-0.2907,90,0.65685,52,-0.2378,40,-0.6555,46,-0.4204,78,0.41016,56,-0.1115
ENSG00000162729,IGSF8,175,0.11691,142,-0.2182,261,0.77535,180,0.16528,144,-0.1971,179,0.15290,99,-0.7739,75,-1.1914,189,0.24375,184,0.19314
ENSG00000018625,ATP1A2,327,-0.5598,542,0.24483,294,-0.7195,402,-0.2342,282,-0.7855,210,-1.2353,384,-0.3068,1058,1.40047,252,-0.9558,909,1.12467
ENSG00000162734,PEA15,873,1.02302,422,-0.1836,722,0.69462,379,-0.3516,334,-0.5483,313,-0.6524,354,-0.4576,491,0.05817,408,-0.2364,440,-0.1192
ENSG00000132716,DCAF8,71,0.10396,107,0.79092,66,0.00017,65,-0.0318,68,0.04500,69,0.06621,42,-0.7163,36,-0.9383,53,-0.3624,86,0.41828
ENSG00000162735,PEX19,54,-0.3498,85,0.38066,76,0.19222,54,-0.3540,50,-0.4763,64,-0.0781,47,-0.5740,61,-0.1567,69,0.03943,114,0.87245
ENSG00000122218,COPA,77,-0.6371,178,0.71879,143,0.35250,156,0.49201,119,0.05203,136,0.26587,55,-1.1457,64,-0.9124,114,-0.0136,110,-0.0739
ENSG00000162736,NCSTN,88,1.22707,22,-1.0162,43,0.03430,31,-0.4714,34,-0.3323,42,-0.0274,31,-0.5060,43,0.02228,20,-1.1435,70,0.81928
ENSG00000215845,TSTD1,19,-1.5688,69,0.43909,81,0.72773,91,0.91899,62,0.26701,67,0.41044,27,-1.0227,37,-0.5395,40,-0.4129,30,-0.8660
ENSG00000162755,KLHDC9,13,-0.8361,33,0.59270,40,0.92439,30,0.45109,30,0.44905,32,0.55200,14,-0.7761,18,-0.3859,8,-1.5433,10,-1.2691
ENSG00000143256,PFDN2,165,0.47284,176,0.58416,124,0.01026,64,-1.0102,135,0.14279,140,0.21132,94,-0.4312,94,-0.4175,143,0.23734,97,-0.3792
ENSG00000158793,NIT1,33,0.18274,28,-0.0695,46,0.75976,28,-0.0500,26,-0.1938,62,1.27892,14,-1.0967,14,-1.0702,19,-0.6870,21,-0.5203
ENSG00000158796,DEDD,34,0.48741,18,-0.4937,16,-0.6384,36,0.57908,37,0.63019,20,-0.3657,20,-0.3076,13,-1.0116,26,0.04247,30,0.29124
ENSG00000143222,UFC1,100,0.02052,102,0.04430,84,-0.2592,88,-0.1903,91,-0.1319,128,0.41478,99,-0.0086,98,-0.0242,109,0.14561,93,-0.1034
ENSG00000158850,B4GALT3,8,-1.5948,18,-0.4267,42,0.91087,31,0.43014,21,-0.1984,41,0.87829,19,-0.3474,23,-0.0528,22,-0.1381,14,-0.8389
ENSG00000158864,NDUFS2,139,-0.4824,206,0.14552,147,-0.3900,219,0.24301,261,0.53325,346,1.01560,112,-0.8121,109,-0.8524,170,-0.1595,174,-0.1231
ENSG00000158882,TOMM40L,17,-0.6325,14,-0.8639,31,0.33740,48,1.06343,31,0.30747,35,0.51062,24,-0.1015,12,-1.1566,23,-0.1221,18,-0.5065
ENSG00000248485,PCP4L1,0,-6.8278,118,2.16479,18,-1.0164,22,-0.7579,62,0.93779,37,0.06811,11,-1.7249,42,0.26997,11,-1.7575,32,-0.1599
ENSG00000143252,SDHC,129,0.01093,141,0.15190,88,-0.5888,151,0.27256,139,0.12969,136,0.10177,140,0.14573,116,-0.1538,95,-0.4613,144,0.18927
ENSG00000081721,DUSP12,20,0.00503,18,-0.0963,28,0.54400,23,0.26595,18,-0.1512,24,0.28712,26,0.42866,3,-2.5312,18,-0.1474,19,-0.0356
ENSG00000118217,ATF6,18,-0.6606,25,-0.1839,42,0.64584,14,-1.0660,45,0.75905,17,-0.7597,19,-0.5824,25,-0.1889,44,0.69687,33,0.24507
ENSG00000198929,NOS1AP,3,-3.0165,31,0.45050,36,0.71753,25,0.12064,44,1.04585,24,0.05130,27,0.25050,15,-0.6221,14,-0.7687,13,-0.8720
ENSG00000152332,UHMK1,57,-0.9362,78,-0.4477,60,-0.8653,101,-0.0463,257,1.55246,148,0.57468,113,0.13269,71,-0.6034,85,-0.3167,72,-0.5899
ENSG00000117143,UAP1,13,-1.1372,33,0.34502,37,0.53396,20,-0.4333,30,0.17082,42,0.75501,19,-0.5493,18,-0.6237,33,0.32320,22,-0.2644
ENSG00000117152,RGS4,43,-3.9442,513,-0.2531,728,0.31036,874,0.61342,907,0.67749,906,0.67405,500,-0.2920,351,-0.8411,759,0.37878,432,-0.5212
ENSG00000143248,RGS5,57,-0.8708,175,0.93356,89,-0.1696,27,-1.9592,61,-0.7683,126,0.37683,108,0.12755,121,0.31670,58,-0.8497,174,0.93055
ENSG00000185630,PBX1,34,-1.5996,83,-0.2353,153,0.76560,90,-0.1089,82,-0.2560,74,-0.4062,85,-0.1889,104,0.12101,133,0.52916,124,0.41219
ENSG00000143198,MGST3,157,-1.2499,493,0.54642,309,-0.2127,317,-0.1714,423,0.29537,770,1.32747,161,-1.2135,192,-0.9445,350,-0.0113,356,0.01321
ENSG00000143149,ALDH9A1,69,1.04799,44,0.28479,27,-0.4598,19,-0.9869,28,-0.4428,29,-0.3464,31,-0.2842,51,0.53358,26,-0.5262,43,0.24573
ENSG00000143183,TMCO1,51,-0.0496,44,-0.2684,54,0.05899,33,-0.6983,47,-0.1781,41,-0.3743,60,0.21035,69,0.43999,64,0.33227,60,0.22276
ENSG00000143179,UCK2,9,-1.0178,14,-0.3526,24,0.43876,30,0.83408,25,0.55311,15,-0.2851,15,-0.2837,13,-0.4617,20,0.16136,14,-0.3702
ENSG00000143157,POGK,90,1.24386,49,0.19765,42,-0.0613,33,-0.4059,42,-0.0515,31,-0.5021,39,-0.1420,33,-0.4128,29,-0.5996,43,-0.0219
ENSG00000152382,TADA1,26,-0.0121,48,1.00220,30,0.21862,16,-0.7095,38,0.61212,17,-0.6701,16,-0.7645,13,-1.0435,34,0.43570,23,-0.2223
ENSG00000143195,ILDR2,13,-1.2462,20,-0.6018,35,0.30525,28,-0.0285,26,-0.1421,23,-0.3287,16,-0.8704,31,0.10628,42,0.61185,54,1.04071
ENSG00000143190,POU2F1,29,0.80671,14,-0.3389,23,0.39155,9,-1.0674,11,-0.6643,14,-0.3613,10,-0.8875,22,0.35270,21,0.28823,24,0.47088
ENSG00000143162,CREG1,65,0.63302,59,0.48249,68,0.71185,38,-0.2184,43,-0.0327,28,-0.7164,35,-0.3419,33,-0.4232,32,-0.4983,38,-0.2372
ENSG00000197965,MPZL1,46,1.05519,23,-0.0597,23,-0.0979,20,-0.3026,26,0.11817,22,-0.1769,20,-0.2674,19,-0.3690,12,-1.0925,31,0.41507
ENSG00000143158,MPC2,48,-1.8831,160,-0.0369,260,0.76522,223,0.50557,230,0.55493,111,-0.6024,124,-0.4392,135,-0.2999,170,0.05578,176,0.11446
ENSG00000143164,DCAF6,14,-3.1408,91,-0.4062,170,0.59763,162,0.52310,126,0.10270,135,0.22373,92,-0.3848,83,-0.5398,192,0.80783,112,-0.0840
ENSG00000143155,TIPRL,13,-2.2287,51,-0.2333,73,0.36400,89,0.68441,83,0.55816,66,0.19217,76,0.41965,42,-0.5133,51,-0.2160,42,-0.5244
ENSG00000143153,ATP1B1,409,-1.8890,1600,0.21024,1550,0.15811,1657,0.26680,1819,0.42052,2499,0.96123,1153,-0.3130,698,-1.0869,1657,0.26699,1007,-0.5245
ENSG00000143156,NME7,11,-1.6798,41,0.37964,60,1.01745,52,0.75754,24,-0.5061,36,0.15915,15,-1.1917,27,-0.3179,41,0.38032,20,-0.7767
ENSG00000117475,BLZF1,17,-0.0270,25,0.62087,7,-1.2903,29,0.84141,18,0.07618,10,-0.8620,15,-0.2395,22,0.42341,18,0.10717,10,-0.7692
ENSG00000117477,CCDC181,1,-3.3610,20,0.55441,12,-0.3353,20,0.55792,13,-0.2115,18,0.32958,18,0.38858,20,0.51001,13,-0.1063,8,-0.7928
ENSG00000075945,KIFAP3,64,-1.8132,219,0.07179,218,0.06746,389,1.04010,316,0.68174,309,0.64101,157,-0.4503,130,-0.7443,176,-0.2708,112,-0.9658
ENSG00000117523,PRRC2C,66,0.03373,54,-0.2808,59,-0.1372,39,-0.7702,47,-0.4935,67,0.06011,59,-0.1342,87,0.48531,70,0.13065,96,0.65849
ENSG00000117533,VAMP4,25,-0.8233,41,-0.0925,53,0.31232,43,-0.0067,49,0.18883,40,-0.1426,46,0.08661,47,0.14626,49,0.21368,40,-0.1212
ENSG00000010165,EEF1AKNMT,7,-1.9177,13,-0.9903,27,0.13188,39,0.73102,27,0.15687,22,-0.2191,23,-0.1471,17,-0.5455,42,0.85316,32,0.39877
ENSG00000197959,DNM3,88,-1.0614,297,0.88683,131,-0.4484,258,0.64500,167,-0.0598,201,0.23600,178,0.03831,73,-1.3304,175,0.01312,171,-0.0307
ENSG00000094975,SUCO,33,0.84845,47,1.47116,12,-0.7727,10,-0.9762,27,0.49009,16,-0.3362,9,-1.2462,26,0.41143,10,-1.0723,8,-1.2818
ENSG00000117592,PRDX6,156,0.12104,198,0.50526,94,-0.6773,102,-0.5566,66,-1.2202,130,-0.1774,136,-0.1055,252,0.91833,97,-0.6342,220,0.68800
ENSG00000234741,GAS5,207,1.48612,103,0.27529,70,-0.3381,58,-0.6381,99,0.20363,77,-0.1851,64,-0.4851,69,-0.3631,52,-0.8018,70,-0.3298
ENSG00000135870,RC3H1,5,-1.5973,8,-1.0391,15,-0.0433,16,0.07117,14,-0.1386,30,1.06577,7,-1.0864,19,0.30775,15,-0.0139,25,0.79144
ENSG00000152061,RABGAP1L,52,-0.9487,125,0.43344,74,-0.4063,109,0.20918,132,0.52101,135,0.55294,75,-0.3850,67,-0.5639,135,0.56182,54,-0.8778
ENSG00000116161,CACYBP,74,-1.7588,337,0.60058,234,0.00259,328,0.55674,326,0.54564,307,0.44769,201,-0.2395,138,-0.8184,178,-0.4244,211,-0.1594
ENSG00000120333,MRPS14,32,-0.1032,37,0.12450,21,-0.7445,39,0.22099,48,0.52498,26,-0.4169,20,-0.8494,29,-0.2660,25,-0.4841,66,1.08214
ENSG00000116147,TNR,173,1.20279,74,-0.2184,70,-0.2915,78,-0.1373,57,-0.6165,60,-0.5529,101,0.27481,65,-0.4165,62,-0.4890,108,0.39529
ENSG00000143207,COP1,25,-0.3534,21,-0.6268,64,1.18805,35,0.18062,21,-0.6181,26,-0.2991,24,-0.3926,29,-0.1206,43,0.52622,25,-0.3540
ENSG00000152092,ASTN1,24,-2.4325,128,0.11369,187,0.74907,153,0.41471,108,-0.1510,141,0.28014,77,-0.6725,98,-0.3061,122,0.04743,149,0.37151
ENSG00000198797,BRINP2,33,-0.9130,38,-0.6668,132,1.37061,74,0.36210,26,-1.2454,40,-0.5904,29,-1.0751,58,-0.0174,93,0.73677,66,0.18277
ENSG00000075391,RASAL2,5,-2.9515,50,0.29360,46,0.15460,44,0.08455,73,0.94435,44,0.10956,31,-0.4610,24,-0.8118,64,0.71470,33,-0.3759
ENSG00000116199,FAM20B,8,-2.9432,87,0.57035,86,0.56808,73,0.29114,62,0.02774,67,0.15563,51,-0.2928,60,-0.0213,76,0.36313,39,-0.6940
ENSG00000143322,ABL2,25,0.03431,12,-1.0659,20,-0.3176,39,0.74674,16,-0.6749,45,0.97931,25,0.00245,24,-0.0587,22,-0.1640,19,-0.4152
ENSG00000169905,TOR1AIP2,33,-0.7100,81,0.72419,58,0.15304,27,-1.0169,49,-0.1193,64,0.31518,40,-0.4272,57,0.13907,50,-0.0885,66,0.36397
ENSG00000143337,TOR1AIP1,33,-0.3280,99,1.52494,32,-0.3552,20,-1.0756,35,-0.2189,27,-0.5977,49,0.30116,46,0.19954,35,-0.2489,29,-0.5229
ENSG00000135837,CEP350,30,0.37159,26,0.15727,17,-0.5522,23,-0.0648,25,0.10266,30,0.37270,13,-0.9646,35,0.63763,19,-0.3872,20,-0.2455
ENSG00000116260,QSOX1,45,0.32179,13,-1.5497,50,0.49061,42,0.20079,38,0.04364,44,0.29040,27,-0.4648,36,-0.0459,40,0.13551,33,-0.1613
ENSG00000230124,ACBD6,33,0.12887,29,-0.0743,39,0.39544,18,-0.7957,19,-0.7299,62,1.19976,23,-0.4135,22,-0.4862,22,-0.4815,36,0.27109
ENSG00000143324,XPR1,14,-1.4178,37,0.08481,43,0.32396,28,-0.3248,38,0.12871,49,0.54649,32,-0.1229,41,0.24287,17,-1.1114,51,0.61510
ENSG00000135823,STX6,41,-0.2846,35,-0.5552,58,0.24080,49,-0.0044,58,0.23774,49,-0.0222,40,-0.3487,59,0.28169,55,0.16310,53,0.09332
ENSG00000162783,IER5,8,-2.7729,47,-0.1253,89,0.93368,83,0.81548,42,-0.2864,64,0.35892,34,-0.6339,28,-0.9230,70,0.52734,43,-0.2679
ENSG00000198216,CACNA1E,7,-2.9783,32,-0.7758,140,1.67267,74,0.53530,28,-1.0046,45,-0.2747,33,-0.7208,39,-0.4908,66,0.35427,68,0.39534
ENSG00000135821,GLUL,608,-0.6047,1006,0.19331,526,-0.8279,660,-0.4757,375,-1.3401,619,-0.5759,741,-0.2955,2057,1.42929,915,0.03990,1420,0.76722
ENSG00000135829,DHX9,82,-0.0163,112,0.48991,88,0.10637,91,0.15026,85,0.05564,74,-0.1688,54,-0.6510,48,-0.8358,103,0.35492,88,0.10669
ENSG00000157064,NMNAT2,23,-2.7404,216,0.63992,94,-0.6961,183,0.36953,168,0.22554,239,0.81680,146,-0.0043,90,-0.7550,187,0.40119,114,-0.3886
ENSG00000116698,SMG7,45,-0.2174,41,-0.3909,88,0.86323,60,0.22146,49,-0.0998,61,0.24359,30,-0.8322,47,-0.1468,40,-0.4283,60,0.23175
ENSG00000162704,ARPC5,136,0.49269,105,0.08136,127,0.37955,121,0.30329,94,-0.0963,59,-0.8170,75,-0.4603,85,-0.2618,113,0.19332,87,-0.2213
ENSG00000143344,RGL1,30,-1.1544,63,-0.0303,113,0.93006,89,0.52586,48,-0.4750,58,-0.1609,46,-0.5403,49,-0.4441,87,0.48166,62,-0.0571
ENSG00000198756,COLGALT2,79,0.84012,66,0.52947,39,-0.3020,54,0.19958,46,-0.0563,51,0.10998,33,-0.5782,27,-0.8720,37,-0.3908,43,-0.1362
ENSG00000198860,TSEN15,46,0.25634,54,0.49756,32,-0.3133,32,-0.3433,35,-0.1898,55,0.53081,28,-0.5326,33,-0.2740,33,-0.2753,47,0.26755
ENSG00000116667,C1orf21,18,-1.6844,74,0.48594,70,0.39871,58,0.09308,90,0.82157,55,-0.0027,41,-0.4542,56,0.03764,54,-0.0344,32,-0.8261
ENSG00000116406,EDEM3,11,-1.2345,33,0.43813,41,0.79548,20,-0.3843,37,0.58945,52,1.18657,8,-1.7135,29,0.20769,15,-0.7937,8,-1.7428
ENSG00000121481,RNF2,16,-0.5388,34,0.66107,34,0.64232,29,0.39697,14,-0.7117,27,0.27728,14,-0.7548,23,0.01352,25,0.14914,11,-1.0914
ENSG00000121486,TRMT1L,18,-0.0806,25,0.38633,31,0.74066,32,0.82126,17,-0.1850,20,0.02145,15,-0.3643,15,-0.3529,13,-0.5494,7,-1.5329
ENSG00000116679,IVNS1ABP,145,1.89138,75,0.68199,26,-1.0103,25,-1.0764,66,0.46055,54,0.13387,24,-1.0817,33,-0.6094,19,-1.4708,28,-0.8809
ENSG00000047410,TPR,50,0.37565,47,0.28030,40,0.01871,25,-0.6859,30,-0.4375,23,-0.8361,52,0.42667,46,0.22779,45,0.21328,38,-0.0698
ENSG00000162670,BRINP3,13,-0.5923,22,0.22758,31,0.81351,19,-0.0161,23,0.35056,13,-0.5530,20,0.09155,13,-0.6048,24,0.36235,11,-0.7881
ENSG00000116741,RGS2,10,-1.7792,48,0.63652,41,0.39383,35,0.13732,59,1.01230,38,0.28095,19,-0.8249,22,-0.5658,21,-0.6579,28,-0.1962
ENSG00000116750,UCHL5,32,-1.0310,48,-0.4232,75,0.26234,84,0.46211,87,0.50644,54,-0.2457,65,0.03703,45,-0.5459,88,0.53016,56,-0.1991
ENSG00000116747,RO60,32,0.93406,12,-0.6103,18,-0.0168,10,-0.9149,15,-0.3235,8,-1.1694,15,-0.2726,37,1.17827,16,-0.2149,18,0.02040
ENSG00000023572,GLRX2,23,-1.2201,75,0.61259,37,-0.5410,52,0.00573,118,1.39417,61,0.25494,40,-0.4054,26,-1.0672,30,-0.8604,57,0.14533
ENSG00000134371,CDC73,35,0.65036,43,1.00783,16,-0.5362,24,0.01176,27,0.20790,22,-0.1261,25,0.09377,19,-0.2922,11,-1.1121,12,-0.9964
ENSG00000162630,B3GALT2,50,0.53579,55,0.70652,28,-0.3995,19,-0.9518,82,1.40329,40,0.18830,32,-0.2010,19,-0.9891,20,-0.9238,14,-1.4233
ENSG00000177888,ZBTB41,34,-0.2071,72,1.00340,24,-0.7346,38,-0.0403,53,0.49117,47,0.29463,40,0.03835,26,-0.6280,19,-1.0767,37,-0.0758
ENSG00000151414,NEK7,169,3.10014,36,0.08205,17,-1.0307,14,-1.4015,26,-0.4577,27,-0.3807,14,-1.3818,22,-0.6504,8,-2.0778,10,-1.9059
ENSG00000162702,ZNF281,25,0.35950,19,-0.0592,25,0.33986,16,-0.3339,14,-0.5331,19,-0.0427,17,-0.2934,20,0.03550,16,-0.3368,28,0.54710
ENSG00000118200,CAMSAP2,58,-1.4478,191,0.39524,152,0.02316,194,0.42819,143,-0.0668,162,0.13329,176,0.26870,133,-0.1810,135,-0.1579,148,-0.0091
ENSG00000116852,KIF21B,32,-0.2752,27,-0.5045,27,-0.5502,54,0.58139,40,0.07389,32,-0.2546,53,0.54242,41,0.10705,41,0.11210,33,-0.2232
ENSG00000116857,TMEM9,92,-0.7608,145,-0.0475,174,0.24427,198,0.45442,166,0.17381,210,0.55649,154,0.05142,143,-0.0690,83,-0.9050,129,-0.2383
ENSG00000174307,PHLDA3,134,1.46775,52,-0.1492,35,-0.7328,56,-0.0240,58,0.03797,75,0.43562,44,-0.3978,38,-0.6312,36,-0.7006,40,-0.5410
ENSG00000159176,CSRP1,1065,2.25554,272,-0.1918,140,-1.2149,110,-1.5780,146,-1.1476,126,-1.3784,294,-0.0705,393,0.40349,135,-1.2660,388,0.38123
ENSG00000134369,NAV1,77,1.01938,33,-0.3624,36,-0.2386,26,-0.7322,45,0.10578,24,-0.8469,29,-0.5898,48,0.22629,39,-0.1071,61,0.61705
ENSG00000198700,IPO9,34,-0.6250,52,0.02402,56,0.14089,54,0.09549,52,0.02262,69,0.49792,62,0.30090,43,-0.2730,40,-0.3994,49,-0.0539
ENSG00000198892,SHISA4,255,1.04078,90,-0.6614,164,0.29046,172,0.36563,108,-0.3731,142,0.06235,102,-0.4594,102,-0.4673,86,-0.7233,148,0.12771
ENSG00000134375,TIMM17A,47,-1.5200,124,-0.0339,135,0.10905,207,0.80877,160,0.38112,200,0.75186,130,0.04576,74,-0.8387,120,-0.0837,69,-0.9453
ENSG00000176393,RNPEP,23,0.28163,5,-1.8927,19,-0.0258,25,0.40793,20,0.05115,12,-0.7022,16,-0.2450,8,-1.3887,17,-0.2046,48,1.53492
ENSG00000170075,GPR37L1,172,0.29806,145,0.02126,70,-1.1086,89,-0.7309,56,-1.4300,46,-1.7206,132,-0.1239,308,1.30763,78,-0.9322,331,1.43685
ENSG00000143862,ARL8A,176,0.46829,124,-0.0968,107,-0.3245,182,0.53196,114,-0.2277,222,0.86401,127,-0.0582,75,-0.8827,93,-0.5494,97,-0.4748
ENSG00000077152,UBE2T,0,-7.5706,58,1.49085,18,-0.4117,38,0.74047,33,0.52320,19,-0.3237,16,-0.6049,9,-1.5316,31,0.42631,17,-0.4848
ENSG00000077157,PPP1R12B,70,1.05984,49,0.43837,38,0.05713,25,-0.6299,25,-0.6332,37,-0.0113,23,-0.7368,29,-0.3924,41,0.15073,35,-0.0993
ENSG00000117139,KDM5B,10,-1.5462,46,0.84800,35,0.37137,32,0.25278,15,-0.9569,16,-0.8386,27,-0.0593,20,-0.4577,27,-0.0096,47,0.89112
ENSG00000183155,RABIF,7,-2.1941,37,0.18585,47,0.61244,41,0.37546,51,0.74731,27,-0.2911,15,-1.1583,14,-1.3117,52,0.77515,33,0.03849
ENSG00000117153,KLHL12,29,-0.6216,59,0.53182,35,-0.3086,43,0.01008,53,0.36159,86,1.16384,26,-0.7417,34,-0.3587,43,0.01030,19,-1.2597
ENSG00000159346,ADIPOR1,67,-0.1345,56,-0.4311,104,0.56467,120,0.81598,57,-0.3843,77,0.07016,64,-0.2129,62,-0.2675,67,-0.1371,59,-0.3429
ENSG00000159348,CYB5R1,48,0.11424,58,0.40387,36,-0.3514,56,0.34844,60,0.47574,58,0.39878,33,-0.4951,38,-0.2586,30,-0.6249,33,-0.4846
ENSG00000163444,TMEM183A,35,-1.1404,66,-0.1742,70,-0.0761,82,0.16257,95,0.40135,87,0.26065,105,0.57137,56,-0.4271,65,-0.1971,77,0.07191
ENSG00000143847,PPFIA4,7,-2.3827,64,0.87122,44,0.24282,42,0.15882,48,0.38837,26,-0.5831,39,0.03494,34,-0.1643,33,-0.2361,41,0.13943
ENSG00000163485,ADORA1,111,1.21443,58,0.12563,16,-1.7925,61,0.21147,56,0.07289,57,0.08502,50,-0.1069,28,-0.9877,56,0.06131,44,-0.3283
ENSG00000133048,CHI3L1,19,-0.0520,32,0.82543,5,-2.0831,9,-1.1404,37,1.09956,18,-0.0843,16,-0.2794,25,0.40923,13,-0.6366,19,-0.0186
ENSG00000188783,PRELP,37,0.74326,35,0.64262,16,-0.5638,6,-2.0396,12,-0.9770,16,-0.6065,16,-0.6315,35,0.61515,5,-2.3034,58,1.53300
ENSG00000058668,ATP2B4,99,-0.7230,177,0.19044,260,0.83113,138,-0.2112,241,0.69957,179,0.21045,99,-0.7271,129,-0.3068,123,-0.3902,128,-0.3238
ENSG00000182004,SNRPE,36,-1.2395,105,0.40759,107,0.43125,80,-0.0245,96,0.26544,107,0.44464,61,-0.4514,58,-0.5272,66,-0.3247,99,0.30138
ENSG00000143850,PLEKHA6,36,-0.7159,40,-0.5561,88,0.69189,66,0.23445,57,-0.0246,50,-0.2037,44,-0.4061,55,-0.0557,63,0.14332,74,0.41330
ENSG00000158615,PPP1R15B,32,0.39445,26,0.05411,35,0.53106,19,-0.4145,29,0.23529,28,0.14237,15,-0.7931,16,-0.6611,21,-0.3095,31,0.30580
ENSG00000198625,MDM4,62,1.60242,19,-0.4211,21,-0.2222,11,-1.1708,24,-0.0449,24,-0.0143,25,0.06308,21,-0.2649,6,-2.0700,31,0.38017
ENSG00000170382,LRRN2,19,-0.9214,48,0.50848,58,0.82425,44,0.36514,38,0.15024,28,-0.3425,24,-0.5933,32,-0.1150,35,0.01520,23,-0.6629
ENSG00000163531,NFASC,266,1.72192,95,-0.0669,75,-0.4249,79,-0.3517,103,0.07048,138,0.54388,66,-0.6175,51,-1.0272,62,-0.7131,52,-0.9963
ENSG00000184144,CNTN2,635,3.64344,53,-1.1229,37,-1.6543,37,-1.6371,42,-1.4647,88,-0.3381,68,-0.7291,24,-2.2922,53,-1.0973,52,-1.1497
ENSG00000117222,RBBP5,8,-1.3849,28,0.42892,32,0.65608,15,-0.5603,16,-0.4419,26,0.30762,24,0.21926,14,-0.5896,25,0.26901,24,0.18475
ENSG00000133059,DSTYK,31,-0.4947,26,-0.7907,57,0.47535,55,0.39009,41,-0.0514,56,0.44144,40,-0.1109,44,0.03138,44,0.03472,34,-0.3484
ENSG00000133069,TMCC2,96,1.28069,27,-0.7759,23,-1.0259,24,-0.9374,56,0.36764,48,0.12232,47,0.08830,50,0.18572,25,-0.9282,51,0.20634
ENSG00000117266,CDK18,205,3.46119,42,0.22548,7,-2.4834,13,-1.6191,43,0.25406,30,-0.2994,18,-1.0730,7,-2.3450,1,-4.4408,1,-4.8375
ENSG00000174514,MFSD4A,9,-3.7910,71,-0.8036,249,1.24547,202,0.86994,146,0.33182,156,0.44069,63,-0.9770,97,-0.3279,118,-0.0194,80,-0.6154
ENSG00000158711,ELK4,30,0.91685,18,0.06843,19,0.21232,7,-1.3623,22,0.40538,7,-1.3541,16,-0.0611,16,-0.1180,25,0.63164,10,-0.7780
ENSG00000069275,NUCKS1,491,0.42226,327,-0.2341,458,0.30794,358,-0.0898,248,-0.6631,369,-0.0407,336,-0.1920,352,-0.1167,425,0.18469,424,0.18099
ENSG00000133065,SLC41A1,27,0.12317,44,0.88416,31,0.32495,22,-0.2242,13,-1.0450,25,-0.0328,16,-0.7499,30,0.27103,17,-0.6035,29,0.23195
ENSG00000266028,SRGAP2,60,0.66568,35,-0.2068,39,-0.0264,31,-0.3926,38,-0.0787,50,0.36901,29,-0.4878,39,-0.0377,21,-0.9391,55,0.54369
ENSG00000266094,RASSF5,8,-0.9384,23,0.60573,13,-0.2609,21,0.42213,22,0.47933,41,1.59985,12,-0.3880,9,-0.8360,7,-1.2192,2,-2.6278
ENSG00000162889,MAPKAPK2,54,1.76007,17,-0.2402,10,-0.9622,12,-0.7223,21,0.13858,16,-0.2732,15,-0.4220,27,0.56053,8,-1.3724,14,-0.5219
ENSG00000123836,PFKFB2,65,1.26634,33,0.13442,16,-0.9570,26,-0.2703,24,-0.3694,32,0.06943,13,-1.3292,45,0.60358,17,-0.9066,36,0.23363
ENSG00000196352,CD55,53,1.57690,11,-1.0470,16,-0.3869,18,-0.2403,11,-0.9434,33,0.74825,14,-0.6115,14,-0.6519,19,-0.1510,21,-0.0158
ENSG00000117335,CD46,60,0.33504,72,0.63816,81,0.85300,29,-0.7861,42,-0.2167,64,0.44153,24,-1.0481,36,-0.4640,34,-0.5552,42,-0.2081
ENSG00000076356,PLXNA2,11,-2.2446,81,0.78858,72,0.57528,79,0.72911,66,0.42833,35,-0.5718,40,-0.3651,45,-0.1869,32,-0.6935,43,-0.2354
ENSG00000008118,CAMK1G,10,-3.2846,86,-0.0960,123,0.49422,131,0.59427,110,0.30897,101,0.17092,90,-0.0113,40,-1.2710,128,0.56336,90,-0.0149
ENSG00000117597,UTP25,4,-2.0478,29,0.81662,26,0.60571,15,-0.2586,19,0.12412,17,-0.0654,13,-0.4888,24,0.52146,8,-1.2143,21,0.29455
ENSG00000143469,SYT14,15,-0.3118,34,1.08498,15,-0.2830,25,0.50991,20,0.15109,16,-0.1479,19,0.14272,18,-0.0111,6,-1.7031,11,-0.6937
ENSG00000143473,KCNH1,0,-8.4671,25,-0.9117,63,0.53795,95,1.26836,35,-0.3782,59,0.44073,25,-0.8751,26,-0.8392,72,0.76482,49,0.14866
ENSG00000117625,RCOR3,55,0.41827,83,1.12861,27,-0.6761,28,-0.6204,52,0.34217,32,-0.4606,39,-0.1404,33,-0.3798,40,-0.0981,34,-0.3462
ENSG00000170385,SLC30A1,15,-1.2124,24,-0.5641,42,0.34126,42,0.31828,22,-0.6998,36,0.08607,36,0.07928,44,0.38350,36,0.07031,46,0.47311
ENSG00000123684,LPGAT1,90,0.47781,98,0.61297,79,0.25442,71,0.09149,54,-0.3532,69,0.03712,51,-0.4300,35,-0.9908,60,-0.1822,65,-0.0458
ENSG00000066027,PPP2R5A,42,0.43726,46,0.57357,17,-0.9688,10,-1.7596,19,-0.8418,16,-1.0905,47,0.61315,35,0.15755,24,-0.4650,66,1.20439
ENSG00000117691,NENF,565,2.26617,109,-0.6161,168,0.06034,152,-0.0990,95,-0.8243,128,-0.3639,102,-0.7235,96,-0.8058,88,-0.9487,114,-0.5504
ENSG00000117697,NSL1,50,1.17557,33,0.48050,18,-0.4479,15,-0.7204,18,-0.4317,27,0.15637,16,-0.6676,31,0.36700,21,-0.2421,15,-0.7057
ENSG00000203705,TATDN3,17,-0.4097,20,-0.0949,18,-0.3115,17,-0.3233,16,-0.4866,51,1.44855,19,-0.2141,17,-0.4096,21,-0.0271,21,-0.0691
ENSG00000174606,ANGEL2,26,0.14706,30,0.36718,57,1.50040,12,-0.9646,13,-0.9439,16,-0.5815,17,-0.4855,26,0.18213,22,-0.0848,16,-0.6060
ENSG00000136643,RPS6KC1,25,-0.2792,24,-0.3395,38,0.36111,51,0.85001,27,-0.1940,53,0.91760,17,-0.8490,22,-0.4724,23,-0.4093,22,-0.5137
ENSG00000143499,SMYD2,14,-2.3827,90,0.46706,13,-2.4302,72,0.10994,249,2.38809,107,0.75984,48,-0.5146,39,-0.8529,29,-1.2876,12,-2.5207
ENSG00000152104,PTPN14,11,-0.8572,20,0.14103,21,0.16544,16,-0.2361,22,0.26198,18,-0.0944,14,-0.4045,20,0.12986,13,-0.5357,31,0.85355
ENSG00000136636,KCTD3,45,1.31010,45,1.30415,29,0.55888,13,-0.7604,11,-1.0217,10,-1.1226,9,-1.2375,14,-0.5802,8,-1.3991,23,0.17486
ENSG00000196482,ESRRG,0,-6.0171,19,0.19837,11,-0.6742,24,0.59093,20,0.30664,16,-0.1076,24,0.55740,7,-1.3290,8,-1.1801,40,1.44956
ENSG00000092978,GPATCH2,8,-1.0568,25,0.60052,21,0.30847,10,-0.8830,20,0.27717,13,-0.4357,9,-1.0399,14,-0.3534,25,0.59860,27,0.75011
ENSG00000143353,LYPLAL1,34,0.80472,20,-0.0296,14,-0.6504,9,-1.2369,31,0.65260,21,-0.0212,18,-0.2158,18,-0.2321,20,-0.0851,23,0.18636
ENSG00000136628,EPRS,31,-0.8945,65,0.25338,64,0.22370,51,-0.1474,51,-0.1497,62,0.16218,50,-0.1781,53,-0.0764,47,-0.2704,84,0.66633
ENSG00000067704,IARS2,40,-0.0218,36,-0.1823,33,-0.3069,45,0.18932,41,0.02666,31,-0.4001,48,0.27180,42,0.08618,40,-0.0238,47,0.23523
ENSG00000118873,RAB3GAP2,34,-0.5883,60,0.31116,52,0.07374,59,0.28026,45,-0.1690,54,0.13101,58,0.25659,41,-0.3033,33,-0.6530,61,0.32588
ENSG00000116141,MARK1,2,-4.0809,49,0.14407,39,-0.2473,58,0.41878,68,0.66043,106,1.46335,32,-0.5111,29,-0.6905,36,-0.3725,31,-0.5725
ENSG00000162817,C1orf115,14,-3.2911,97,-0.4835,293,1.34805,172,0.41973,130,-0.0325,111,-0.2854,126,-0.0819,105,-0.3619,168,0.38650,109,-0.3085
ENSG00000117791,MARC2,13,-0.5456,12,-0.6809,22,0.21700,25,0.45434,27,0.59959,24,0.38586,8,-1.3036,22,0.24862,17,-0.1606,18,-0.0492
ENSG00000154305,MIA3,19,-1.5627,43,-0.3277,70,0.43269,64,0.28426,57,0.11215,61,0.19894,41,-0.4026,45,-0.2681,84,0.72848,51,-0.0817
ENSG00000186063,AIDA,39,-0.0514,50,0.34164,19,-1.1642,28,-0.5805,40,-0.0022,58,0.60365,31,-0.3990,43,0.10463,37,-0.1405,58,0.58704
ENSG00000162819,BROX,52,0.40982,44,0.11870,39,-0.0561,24,-0.7900,43,0.07695,51,0.35665,44,0.11686,36,-0.1905,43,0.10087,30,-0.4627
ENSG00000143502,SUSD4,13,-1.7321,19,-1.1454,56,0.52401,59,0.58725,55,0.47036,77,1.05026,39,-0.0628,33,-0.3268,20,-1.0725,37,-0.1533
ENSG00000162909,CAPN2,76,1.02275,33,-0.3477,29,-0.5616,23,-0.8809,36,-0.2340,29,-0.5239,28,-0.6208,65,0.74625,20,-1.0986,73,0.95029
ENSG00000143514,TP53BP2,56,0.14048,34,-0.6472,33,-0.7037,33,-0.6834,19,-1.5014,35,-0.6139,52,0.01429,122,1.47447,36,-0.5504,95,1.01419
ENSG00000143756,FBXO28,16,-1.5161,81,0.99151,66,0.64115,73,0.79861,44,-0.0078,30,-0.6074,22,-1.0891,34,-0.4305,28,-0.7118,51,0.22858
ENSG00000143753,DEGS1,72,-0.0110,86,0.27622,103,0.56002,77,0.10102,71,-0.0439,48,-0.6380,54,-0.4667,43,-0.8214,74,0.02901,99,0.49664
ENSG00000143771,CNIH4,29,-0.3078,50,0.55811,32,-0.1914,46,0.38919,50,0.55649,30,-0.2853,14,-1.4635,37,0.04352,34,-0.0941,36,0.02488
ENSG00000162923,WDR26,31,-0.7106,37,-0.4299,61,0.36736,69,0.56848,61,0.36351,35,-0.5269,37,-0.4123,32,-0.6659,56,0.23668,68,0.53258
ENSG00000143786,CNIH3,5,-2.2509,25,0.07585,4,-2.5295,20,-0.2965,61,1.60998,77,2.08630,25,0.07551,10,-1.2348,6,-2.1126,5,-2.3225
ENSG00000154380,ENAH,94,0.95017,42,-0.3735,80,0.67468,46,-0.2337,28,-1.0007,37,-0.5525,40,-0.4513,78,0.63239,27,-1.0278,59,0.16106
ENSG00000143742,SRP9,242,0.03578,311,0.44484,224,-0.0828,272,0.22452,239,0.01569,224,-0.0878,135,-0.8721,219,-0.1180,269,0.20680,230,-0.0467
ENSG00000143819,EPHX1,65,0.11499,94,0.70768,43,-0.5333,50,-0.3211,24,-1.3904,37,-0.7508,65,0.11631,101,0.83044,43,-0.5575,86,0.56009
ENSG00000143811,PYCR2,68,0.44327,36,-0.5711,44,-0.2752,53,0.03732,49,-0.0745,40,-0.4194,40,-0.4237,55,0.07977,65,0.36120,70,0.47894
ENSG00000163041,H3F3A,375,0.82723,230,0.02097,332,0.62127,142,-0.7383,124,-0.9387,189,-0.2913,155,-0.5962,271,0.28208,212,-0.1137,243,0.10814
ENSG00000182827,ACBD3,28,0.00494,26,-0.1110,23,-0.3092,20,-0.5144,45,0.79034,48,0.89308,24,-0.2221,30,0.08760,21,-0.4770,15,-0.9834
ENSG00000143799,PARP1,121,0.50802,75,-0.2575,73,-0.2987,99,0.18873,68,-0.4007,75,-0.2623,108,0.31720,78,-0.1874,66,-0.4534,120,0.49383
ENSG00000203685,STUM,31,-0.1242,41,0.32106,63,1.07425,17,-1.0622,34,0.02967,11,-1.6230,23,-0.5861,38,0.22573,41,0.31717,34,0.05210
ENSG00000143772,ITPKB,227,2.76315,41,-0.3859,21,-1.4190,21,-1.3725,24,-1.1938,10,-2.4639,33,-0.7098,70,0.47500,24,-1.1682,52,0.00093
ENSG00000143801,PSEN2,7,-1.3714,35,1.14546,19,0.16418,21,0.26279,32,0.98517,24,0.48280,5,-1.8435,9,-1.0316,10,-0.8584,14,-0.3703
ENSG00000163050,COQ8A,27,-0.3901,62,0.93626,60,0.89660,43,0.33007,32,-0.1253,25,-0.5181,22,-0.6781,21,-0.8096,22,-0.7179,35,0.00452
ENSG00000143776,CDC42BPA,103,0.29734,67,-0.3857,65,-0.4280,94,0.14913,104,0.30407,82,-0.0800,76,-0.1958,64,-0.4541,109,0.38502,94,0.14765
ENSG00000143740,SNAP47,28,-1.3370,62,-0.1290,91,0.49312,76,0.18409,76,0.19454,82,0.32205,66,-0.0233,49,-0.4965,77,0.20366,66,-0.0234
ENSG00000143761,ARF1,148,-1.4330,439,0.25361,567,0.67685,507,0.49076,440,0.25481,417,0.16769,351,-0.1099,226,-0.7946,291,-0.4057,371,-0.0212
ENSG00000143793,C1orf35,16,-0.1356,20,0.18190,25,0.55532,21,0.30197,12,-0.5644,32,0.98351,12,-0.5764,10,-0.8514,13,-0.4650,15,-0.2860
ENSG00000162910,MRPL55,75,-0.1124,84,0.07280,90,0.18194,89,0.17513,104,0.42268,75,-0.1139,77,-0.0559,45,-0.8797,94,0.24961,69,-0.2431
ENSG00000143774,GUK1,520,0.35121,451,0.11822,449,0.11223,416,-0.0108,502,0.29205,414,-0.0182,338,-0.3396,353,-0.2734,297,-0.5431,450,0.11364
ENSG00000154370,TRIM11,1,-3.4396,7,-1.1119,53,2.19448,12,-0.3497,19,0.36435,10,-0.6666,11,-0.4559,13,-0.2380,17,0.18630,9,-0.8043
ENSG00000181218,HIST3H2A,17,0.00693,39,1.34997,21,0.29178,15,-0.2456,31,0.98183,25,0.61446,8,-1.1601,6,-1.6221,6,-1.6050,5,-1.8124
ENSG00000168159,RNF187,204,-0.9186,414,0.18650,319,-0.2272,488,0.45809,388,0.08106,410,0.17039,428,0.24154,327,-0.1898,314,-0.2534,393,0.10388
ENSG00000116574,RHOU,301,3.88704,39,-0.3289,9,-2.5004,9,-2.4139,8,-2.6354,27,-0.8623,20,-1.3102,27,-0.8636,15,-1.7045,23,-1.1173
ENSG00000168118,RAB4A,48,-0.9127,81,-0.1010,76,-0.2048,94,0.13565,152,0.93621,132,0.68962,66,-0.4355,78,-0.1699,73,-0.2723,66,-0.4270
ENSG00000154429,CCSAP,36,-1.3289,111,0.41664,140,0.80805,96,0.17528,107,0.36048,110,0.40039,52,-0.7843,60,-0.5559,85,-0.0165,61,-0.5274
ENSG00000069248,NUP133,35,0.06358,30,-0.1560,35,0.06864,28,-0.2731,27,-0.3382,64,1.07710,25,-0.4617,33,-0.0011,16,-1.1190,41,0.33301
ENSG00000143641,GALNT2,11,-2.0009,45,0.07321,51,0.28730,35,-0.3291,34,-0.3508,41,-0.0734,34,-0.3783,27,-0.6983,63,0.61131,88,1.20638
ENSG00000177614,PGBD5,39,-1.4858,104,0.00704,193,1.04295,85,-0.2994,138,0.47673,102,-0.0172,103,-0.0083,76,-0.4830,109,0.08500,83,-0.3358
ENSG00000135775,COG2,29,0.49611,29,0.47438,20,-0.1351,13,-0.7355,13,-0.7322,37,0.85307,12,-0.9081,12,-0.8551,24,0.17793,26,0.31015
ENSG00000135744,AGT,393,1.03376,225,0.09452,89,-1.3289,72,-1.6452,111,-1.0059,81,-1.4868,111,-0.9987,556,1.67583,96,-1.2239,385,0.99522
ENSG00000119280,C1orf198,262,3.17069,38,-0.4750,16,-1.7925,24,-1.1801,15,-1.8539,34,-0.6702,36,-0.5904,49,-0.0986,19,-1.5586,28,-0.9649
ENSG00000173409,ARV1,16,-0.9736,37,0.26901,46,0.64185,38,0.30968,45,0.58092,36,0.21729,13,-1.3644,20,-0.7068,20,-0.7187,42,0.48173
ENSG00000116906,GNPAT,29,-0.7814,71,0.63197,52,0.10328,43,-0.1709,67,0.52900,35,-0.4944,44,-0.1608,36,-0.4719,49,0.02150,57,0.27800
ENSG00000135766,EGLN1,74,-0.1217,76,-0.0834,83,0.06308,100,0.35687,53,-0.6473,73,-0.1518,66,-0.2966,91,0.20081,89,0.17776,95,0.27970
ENSG00000116918,TSNAX,48,-0.7187,92,0.30127,90,0.26388,126,0.82872,73,-0.0667,76,-0.0095,51,-0.6233,42,-0.9243,95,0.36127,69,-0.1504
ENSG00000116991,SIPA1L2,3,-3.6477,71,1.24894,21,-0.7389,33,-0.0489,32,-0.0558,50,0.63324,47,0.54967,24,-0.5250,32,-0.0572,24,-0.5338
ENSG00000135778,NTPCR,62,-0.2899,60,-0.3405,46,-0.7365,119,0.76251,73,-0.0391,107,0.58425,94,0.37442,52,-0.5538,64,-0.2419,69,-0.1266
ENSG00000135749,PCNX2,2,-4.3638,44,-0.0411,67,0.64554,69,0.69697,53,0.24588,39,-0.2177,40,-0.2073,37,-0.3272,64,0.56829,37,-0.3102
ENSG00000135750,KCNK1,24,-2.5153,117,-0.1760,274,1.25590,152,0.25248,155,0.27605,160,0.33269,90,-0.5736,70,-0.9609,161,0.34402,99,-0.4258
ENSG00000183780,SLC35F3,9,-1.3305,21,-0.1387,18,-0.3945,30,0.44264,41,0.98725,35,0.71372,20,-0.2323,13,-0.8701,20,-0.1613,20,-0.2008
ENSG00000168275,COA6,13,-2.4648,67,-0.0171,87,0.41105,83,0.33624,114,0.86519,90,0.47423,60,-0.1902,53,-0.3860,59,-0.2237,50,-0.4845
ENSG00000059588,TARBP1,32,-0.0765,65,1.07205,90,1.66935,23,-0.6002,35,0.03598,27,-0.3427,9,-1.9457,24,-0.5531,22,-0.6787,13,-1.4248
ENSG00000168264,IRF2BP2,137,0.74389,126,0.60192,87,-3.9024,46,-0.9810,90,0.04981,40,-1.2165,66,-0.4475,82,-0.1053,73,-0.2886,126,0.60324
ENSG00000173726,TOMM20,196,-0.8389,316,-0.0944,559,0.84973,377,0.19208,471,0.55894,330,-0.0236,245,-0.4917,234,-0.5650,325,-0.0463,296,-0.1971
ENSG00000054267,ARID4B,60,0.33643,53,0.15101,56,0.24959,32,-0.6436,36,-0.4575,46,-0.0668,49,0.01036,54,0.16634,48,0.00061,49,0.02781
ENSG00000152904,GGPS1,22,-0.4229,64,1.32974,16,-0.8668,46,0.75190,34,0.24779,16,-0.9230,23,-0.3699,33,0.20328,14,-1.1341,22,-0.4049
ENSG00000168243,GNG4,12,-1.3617,85,1.82330,28,-0.1014,12,-1.3915,16,-0.9471,48,0.78422,24,-0.3701,27,-0.1608,15,-1.0864,32,0.11566
ENSG00000143669,LYST,10,-0.9524,13,-0.4810,21,0.24089,15,-0.3064,8,-1.2519,27,0.59112,11,-0.7604,29,0.75438,21,0.18928,28,0.70841
ENSG00000077585,GPR137B,33,0.44127,31,0.37265,18,-0.5376,15,-0.7979,18,-0.4658,13,-0.9661,20,-0.3096,35,0.55872,18,-0.4566,47,1.03908
ENSG00000116977,LGALS8,21,-0.9403,24,-0.7633,45,0.19551,49,0.33678,69,0.92933,72,0.99167,25,-0.6804,25,-0.7017,35,-0.2046,30,-0.4427
ENSG00000077522,ACTN2,67,-0.0557,43,-0.7388,109,0.75499,112,0.78880,110,0.76694,53,-0.4193,46,-0.6364,52,-0.4520,50,-0.5134,50,-0.5119
ENSG00000198626,RYR2,18,-1.6700,80,0.59786,58,0.08690,67,0.31462,113,1.20059,66,0.29380,43,-0.3847,44,-0.3611,35,-0.7125,28,-1.0628
ENSG00000133019,CHRM3,1,-4.8997,76,0.60618,103,1.14109,43,-0.3045,43,-0.3190,51,-0.0476,43,-0.2940,32,-0.7765,56,0.11947,74,0.57132
ENSG00000155816,FMN2,16,-1.7630,101,1.11154,50,-0.0529,38,-0.5074,65,0.35234,48,-0.1190,39,-0.4550,78,0.66252,43,-0.3191,43,-0.3131
ENSG00000182901,RGS7,7,-3.6309,49,-0.8558,128,0.66504,109,0.39854,149,0.93354,91,0.10539,69,-0.3186,59,-0.5673,93,0.14420,96,0.19692
ENSG00000091483,FH,52,-0.1622,50,-0.2119,65,0.18874,96,0.85304,74,0.40258,51,-0.1817,36,-0.7171,41,-0.5126,45,-0.3928,64,0.17867
ENSG00000054277,OPN3,1,-5.1341,82,0.68525,61,0.17898,64,0.25999,78,0.59215,70,0.41673,47,-0.2204,27,-1.0571,60,0.15235,52,-0.0686
ENSG00000203668,CHML,13,-1.2148,33,0.16338,51,0.88709,31,0.04661,29,-0.0156,34,0.20920,29,-0.0210,28,-0.0793,20,-0.6455,29,-0.0453
ENSG00000143702,CEP170,40,-0.5900,66,0.20759,61,0.09631,56,-0.0420,68,0.25062,62,0.11391,46,-0.3713,50,-0.2128,74,0.41148,55,-0.0898
ENSG00000054282,SDCCAG8,37,0.46611,34,0.31741,32,0.25455,27,-0.0536,18,-0.6563,33,0.26132,15,-0.9248,54,1.12592,8,-1.7976,18,-0.6349
ENSG00000117020,AKT3,42,-1.5833,84,-0.5480,91,-0.4261,173,0.60749,145,0.30955,136,0.20882,148,0.34438,91,-0.4371,181,0.68135,104,-0.2230
ENSG00000179456,ZBTB18,51,-2.1427,170,-0.3135,364,0.93118,229,0.15992,258,0.35364,194,-0.1069,165,-0.3673,167,-0.3475,318,0.70058,161,-0.3991
ENSG00000035687,ADSS,85,0.46725,79,0.35198,52,-0.3114,60,-0.0953,86,0.49287,67,0.09402,57,-0.1683,32,-1.0451,55,-0.2201,61,-0.0509
ENSG00000203667,COX20,84,0.23523,93,0.40524,63,-0.2270,40,-0.9295,55,-0.4384,95,0.43676,69,-0.0737,82,0.19588,75,0.04160,70,-0.0534
ENSG00000153187,HNRNPU,323,0.64683,303,0.53847,258,0.27469,176,-0.3415,183,-0.2723,193,-0.1928,166,-0.4325,193,-0.1943,180,-0.3026,204,-0.1041
ENSG00000185420,SMYD3,4,-2.8974,29,0.09842,37,0.48038,51,1.01836,38,0.51564,37,0.49770,25,-0.1246,24,-0.1858,13,-1.0888,15,-0.8713
ENSG00000162852,CNST,10,-2.9066,96,0.48072,162,1.39405,70,-0.0218,30,-1.3187,82,0.22804,50,-0.5662,49,-0.5819,116,0.80598,48,-0.6264
ENSG00000143653,SCCPDH,60,-0.4980,92,0.16852,60,-0.4932,172,1.23587,103,0.34642,71,-0.2307,45,-0.9410,53,-0.6871,102,0.33207,69,-0.2913
ENSG00000153207,AHCTF1,16,-0.6680,28,0.19115,36,0.60162,24,-0.0630,19,-0.3800,26,0.09757,26,0.06342,29,0.23785,22,-0.1797,21,-0.2118
ENSG00000175137,SH3BP5L,14,-0.5759,25,0.34427,23,0.17877,20,-0.0371,19,-0.0812,18,-0.1680,11,-0.8770,18,-0.1953,19,-0.1485,36,0.94224
ENSG00000171163,ZNF692,56,1.86590,18,-0.1234,26,0.50341,21,0.16794,15,-0.3661,23,0.27703,5,-1.9812,5,-1.9470,4,-2.1815,18,-0.0848
ENSG00000035115,SH3YL1,30,0.00419,35,0.26088,39,0.45401,31,0.09442,24,-0.3012,33,0.18878,17,-0.8122,31,0.04833,26,-0.1847,29,-0.0428
ENSG00000143727,ACP1,40,-1.1675,104,0.32597,148,0.92396,95,0.17798,79,-0.1091,105,0.34932,75,-0.1919,50,-0.8285,81,-0.0638,71,-0.2800
ENSG00000151353,TMEM18,21,-0.3088,31,0.32751,33,0.43395,17,-0.6369,29,0.23469,49,1.07612,11,-1.2278,24,-0.0679,15,-0.7690,23,-0.1616
ENSG00000186487,MYT1L,41,-2.1466,189,0.16475,318,1.04235,224,0.44466,204,0.28793,181,0.09442,153,-0.1728,115,-0.6225,156,-0.1429,125,-0.4919
ENSG00000032389,EIPR1,29,-0.6040,31,-0.4936,58,0.48724,51,0.28607,45,0.08669,48,0.17102,24,-0.8824,40,-0.1145,48,0.18510,54,0.37378
ENSG00000171853,TRAPPC12,54,0.14022,54,0.15409,80,0.79106,51,0.03496,52,0.09437,60,0.30880,25,-1.0291,33,-0.6233,43,-0.2275,42,-0.2619
ENSG00000182551,ADI1,80,0.81998,53,0.15305,54,0.18227,32,-0.6325,38,-0.3746,49,0.01826,41,-0.2473,68,0.54892,23,-1.1452,45,-0.1008
ENSG00000171865,RNASEH1,29,-0.0673,32,0.09787,37,0.31980,42,0.50534,41,0.48677,28,-0.1400,15,-1.0255,17,-0.9104,36,0.27012,27,-0.2075
ENSG00000171863,RPS7,613,0.75254,457,0.26144,343,-0.2009,377,-0.0479,328,-0.2692,338,-0.2207,320,-0.3102,368,-0.0872,424,0.13933,319,-0.3115
ENSG00000232044,SILC1,99,2.62841,32,0.49419,10,-1.2426,4,-2.5924,9,-1.4260,16,-0.5914,12,-1.0335,20,-0.2414,21,-0.2125,14,-0.7692
ENSG00000151692,RNF144A,81,0.96052,60,0.43298,38,-0.2663,31,-0.5976,46,0.00268,34,-0.4499,43,-0.1004,32,-0.5478,51,0.19491,39,-0.2389
ENSG00000115738,ID2,122,-0.5638,235,0.47914,181,0.05300,131,-0.4635,353,1.18017,175,-0.0051,121,-0.5849,174,-0.0123,97,-0.9232,164,-0.1041
ENSG00000134313,KIDINS220,110,-0.4276,257,0.96040,142,-0.0305,148,0.03387,165,0.21350,169,0.24733,107,-0.4704,106,-0.4832,88,-0.7695,153,0.09320
ENSG00000143797,MBOAT2,67,0.53087,45,-0.1215,38,-0.3531,54,0.17733,59,0.33882,25,-1.0124,37,-0.4110,65,0.48270,60,0.36681,31,-0.6739
ENSG00000151693,ASAP2,19,-1.0988,60,0.71695,25,-0.6830,28,-0.4801,53,0.49783,47,0.33242,40,0.05776,33,-0.2289,22,-0.8644,59,0.68566
ENSG00000119185,ITGB1BP1,84,-0.3285,108,0.06555,100,-0.0657,130,0.36426,83,-0.3610,153,0.63018,85,-0.3224,53,-1.0442,146,0.55368,98,-0.0966
ENSG00000119203,CPSF3,17,-0.5301,48,1.11219,26,0.06888,30,0.31156,34,0.50080,26,0.05682,17,-0.5663,13,-0.9756,24,-0.0526,12,-1.0836
ENSG00000134330,IAH1,15,-1.8117,40,-0.3884,58,0.19824,85,0.82831,35,-0.5948,73,0.57555,40,-0.3871,35,-0.5795,69,0.46675,63,0.32286
ENSG00000151694,ADAM17,21,-0.1319,31,0.51139,33,0.61822,17,-0.4434,18,-0.3125,15,-0.6291,21,-0.1425,23,0.04511,30,0.45332,17,-0.4654
ENSG00000134308,YWHAQ,480,0.40931,353,-0.0886,460,0.34172,312,-0.2838,445,0.28710,506,0.49709,227,-0.7791,257,-0.5845,331,-0.1898,359,-0.0612
ENSG00000115756,HPCAL1,59,-1.8950,109,-0.9925,953,2.94547,63,-1.8090,27,-3.0255,72,-1.6098,108,-0.9986,288,0.54338,189,-0.1364,193,-0.1029
ENSG00000115758,ODC1,29,0.20090,15,-0.8240,29,0.21629,46,0.98214,32,0.35416,17,-0.6589,23,-0.1537,14,-0.9045,31,0.28208,20,-0.4050
ENSG00000143870,PDIA6,47,-0.8251,119,0.64744,77,-0.0595,68,-0.2612,100,0.36392,103,0.41260,65,-0.3228,77,-0.0710,75,-0.1022,69,-0.2294
ENSG00000162975,KCNF1,21,-2.4146,115,0.12589,77,-0.4918,157,0.64841,181,0.89128,109,0.04454,110,0.06207,73,-0.5787,114,0.11607,101,-0.0728
ENSG00000134318,ROCK2,24,-2.1036,41,-1.3022,163,0.88624,177,1.02719,90,-0.0986,85,-0.1839,90,-0.0946,90,-0.0970,104,0.14026,92,-0.0635
ENSG00000196208,GREB1,10,-0.9227,19,0.15671,9,-1.0867,20,0.16745,8,-1.1802,16,-0.1118,18,0.05530,19,0.09556,15,-0.2000,42,1.47494
ENSG00000169006,NTSR2,57,0.74530,42,0.24256,26,-0.5100,16,-1.2227,15,-1.2847,22,-0.7312,35,-0.0397,80,1.33158,29,-0.3215,38,0.07693
ENSG00000134324,LPIN1,54,0.04765,66,0.35772,57,0.12780,47,-0.1701,60,0.20131,57,0.13112,45,-0.2378,46,-0.2223,57,0.13885,37,-0.5532
ENSG00000071575,TRIB2,31,-0.4153,67,0.86309,44,0.16931,26,-0.6733,62,0.71799,32,-0.3489,35,-0.1944,41,0.03492,32,-0.3423,29,-0.5027
ENSG00000162981,LRATD1,24,-2.0774,45,-1.1438,202,1.28734,117,0.34716,37,-1.4254,74,-0.3778,59,-0.7292,85,-0.1625,214,1.39501,87,-0.1409
ENSG00000151779,NBAS,36,-0.1481,27,-0.5841,46,0.21282,59,0.64345,41,0.03383,36,-0.1719,32,-0.3424,44,0.15335,36,-0.1553,42,0.07404
ENSG00000079785,DDX1,41,-2.0245,220,0.57328,190,0.33654,221,0.58191,186,0.30102,178,0.22473,139,-0.1741,78,-1.0655,171,0.15946,124,-0.3512
ENSG00000197872,FAM49A,54,-1.6931,171,0.07993,181,0.16889,205,0.37413,212,0.43216,222,0.50544,139,-0.2553,114,-0.5617,161,-0.0225,170,0.06887
ENSG00000163032,VSNL1,145,-3.8477,1521,-0.3548,2853,0.66620,3547,1.04316,2166,0.20876,3284,0.90794,1491,-0.3860,949,-1.0812,1629,-0.2478,1448,-0.4325
ENSG00000240857,RDH14,3,-3.0634,26,-0.1139,46,0.77705,30,0.06295,39,0.51828,73,1.62505,17,-0.7909,13,-1.2209,22,-0.3718,15,-1.0075
ENSG00000068697,LAPTM4A,103,0.01144,130,0.39393,131,0.39632,86,-0.2752,73,-0.5347,72,-0.5454,73,-0.5351,145,0.57268,90,-0.1979,120,0.25243
ENSG00000055917,PUM2,66,-0.7228,107,0.01879,142,0.49053,112,0.09658,102,-0.0532,130,0.34367,102,-0.0516,114,0.12606,81,-0.4214,97,-0.1218
ENSG00000143878,RHOB,334,0.54538,344,0.59610,230,-0.0639,231,-0.0584,222,-0.1171,242,0.01649,193,-0.3396,139,-0.8495,201,-0.2750,257,0.11361
ENSG00000119782,FKBP1B,8,-2.6495,31,-0.7195,59,0.27915,63,0.36600,59,0.27373,75,0.67616,43,-0.2463,33,-0.6576,78,0.72187,50,-0.0031
ENSG00000115128,SF3B6,76,-0.4103,140,0.58155,90,-0.1388,81,-0.3045,97,-0.0158,106,0.12465,59,-0.7901,78,-0.3685,110,0.18852,145,0.63318
ENSG00000219626,FAM228B,53,1.59845,10,-1.1090,18,-0.2118,14,-0.5616,19,-0.0823,11,-0.9411,15,-0.5080,15,-0.5341,27,0.44809,24,0.24930
ENSG00000198399,ITSN2,28,-0.4444,47,0.38608,24,-0.6596,46,0.33866,54,0.59281,36,-0.0384,32,-0.2422,26,-0.5623,33,-0.1789,46,0.32836
ENSG00000084676,NCOA1,41,-1.2371,86,-0.1083,118,0.39692,90,-0.0454,111,0.30558,85,-0.1224,92,0.00262,97,0.08125,81,-0.2098,120,0.43203
ENSG00000184924,PTRHD1,28,-0.2691,45,0.47064,31,-0.0888,23,-0.5443,30,-0.1853,33,-0.0290,57,0.86962,26,-0.3845,20,-0.7723,40,0.31284
ENSG00000138031,ADCY3,35,-0.4904,66,0.51499,64,0.45008,74,0.69290,57,0.26469,50,0.06803,26,-0.9757,38,-0.3845,44,-0.1590,29,-0.7712
ENSG00000115137,DNAJC27,13,-0.5736,21,0.15913,17,-0.2074,18,-0.0448,18,-0.0873,18,-0.1106,34,0.96081,8,-1.2035,12,-0.6848,30,0.76317
ENSG00000084710,EFR3B,40,-1.1239,69,-0.2819,95,0.23586,112,0.49850,65,-0.3775,78,-0.0899,76,-0.1172,87,0.08564,89,0.13372,112,0.50260
ENSG00000119772,DNMT3A,14,-0.4623,7,-1.3279,37,1.15600,19,0.05133,27,0.64053,13,-0.4914,11,-0.7938,21,0.19138,17,-0.1569,18,-0.0495
ENSG00000138101,DTNB,42,-0.0724,32,-0.4637,51,0.25634,59,0.47194,32,-0.4690,65,0.65773,45,0.06410,18,-1.3293,46,0.07522,46,0.07093
ENSG00000084731,KIF3C,55,-2.5184,297,0.03969,324,0.17895,372,0.40694,478,0.82996,317,0.14504,306,0.08744,221,-0.4300,264,-0.1500,264,-0.1472
ENSG00000084733,RAB10,76,-0.4151,126,0.39207,108,0.13945,120,0.30131,113,0.20791,103,0.06504,80,-0.3420,88,-0.1928,74,-0.4684,104,0.07780
ENSG00000157833,GAREM2,27,0.80499,6,-1.5414,12,-0.4735,6,-1.5973,5,-1.8737,16,-0.0280,10,-0.7826,39,1.44463,24,0.55769,22,0.42780
ENSG00000084754,HADHA,136,1.44438,75,0.40448,39,-0.6225,38,-0.6581,48,-0.3221,22,-1.4674,41,-0.5521,88,0.66379,38,-0.6585,59,0.00616
ENSG00000138029,HADHB,143,1.18788,88,0.36592,47,-0.6205,32,-1.1873,24,-1.6415,44,-0.7152,105,0.65195,90,0.39442,25,-1.5792,105,0.65752
ENSG00000138018,SELENOI,25,-1.3817,75,0.29150,70,0.19023,83,0.46134,60,-0.0719,107,0.88578,46,-0.4642,39,-0.7141,53,-0.2544,66,0.07981
ENSG00000171303,KCNK3,0,-7.3518,28,0.50637,24,0.23455,25,0.32492,9,-1.2982,27,0.43567,14,-0.5972,15,-0.4878,36,0.94754,27,0.46577
ENSG00000213699,SLC35F6,32,0.40153,28,0.14512,24,-0.0803,28,0.14297,23,-0.1291,17,-0.5990,25,0.01836,28,0.14479,30,0.26317,17,-0.5744
ENSG00000157851,DPYSL5,124,2.50428,22,-0.5712,25,-0.3890,15,-1.1532,30,-0.0792,22,-0.5620,27,-0.2428,15,-1.1580,15,-1.1588,23,-0.5149
ENSG00000084764,MAPRE3,64,-1.7505,199,-0.0184,220,0.14188,243,0.30357,274,0.50073,315,0.73617,154,-0.4302,148,-0.4871,217,0.11447,182,-0.1618
ENSG00000119777,TMEM214,17,-0.2242,22,0.14781,23,0.20604,20,-0.0118,17,-0.2412,31,0.72970,23,0.20885,16,-0.3222,11,-0.9412,20,-0.0155
ENSG00000228474,OST4,206,0.60357,169,0.28023,128,-0.1676,115,-0.3332,131,-0.1264,142,0.00287,126,-0.1967,129,-0.1503,136,-0.0729,139,-0.0302
ENSG00000138030,KHK,10,-1.1101,12,-0.7870,15,-0.4680,14,-0.6161,42,1.19191,14,-0.6196,27,0.45202,9,-1.1478,31,0.65489,31,0.66886
ENSG00000138028,CGREF1,1,-5.4796,64,0.28613,107,1.17402,90,0.87213,63,0.27112,61,0.22599,39,-0.4892,34,-0.6842,40,-0.4459,33,-0.7477
ENSG00000138073,PREB,28,0.16987,27,0.10649,29,0.24924,30,0.30232,23,-0.1487,21,-0.2582,30,0.27545,17,-0.6195,20,-0.3335,26,0.02818
ENSG00000138074,SLC5A6,26,0.12615,27,0.19984,23,-0.0767,11,-1.2215,19,-0.3515,25,0.07027,19,-0.3584,31,0.39048,13,-0.9409,46,1.09391
ENSG00000138085,ATRAID,45,0.09353,50,0.27079,32,-0.4395,49,0.22650,35,-0.2995,54,0.39092,19,-1.2062,37,-0.2157,40,-0.0772,62,0.62770
ENSG00000115194,SLC30A3,8,-3.6506,44,-1.1677,96,0.04722,183,1.12579,163,0.92390,114,0.31865,113,0.30129,33,-1.5794,116,0.34486,66,-0.5570
ENSG00000115204,MPV17,30,-0.6938,93,1.11514,40,-0.2559,47,-0.0290,33,-0.5605,71,0.64597,27,-0.8687,39,-0.2971,32,-0.6110,63,0.45444
ENSG00000115207,GTF3C2,11,-0.7243,18,0.01028,32,0.90762,23,0.36437,15,-0.3338,23,0.39700,10,-0.8998,19,0.10464,16,-0.1516,14,-0.4295
ENSG00000115211,EIF2B4,12,-0.9132,31,0.50508,31,0.47213,24,0.07164,27,0.28042,23,-0.0010,23,0.03060,14,-0.7636,26,0.19098,17,-0.4499
ENSG00000115234,SNX17,99,-0.0304,87,-0.2258,106,0.07800,141,0.55249,117,0.24494,107,0.09763,64,-0.7167,71,-0.5582,90,-0.1848,126,0.36096
ENSG00000115241,PPM1G,50,0.06600,51,0.08585,59,0.34227,53,0.16440,50,0.06078,38,-0.3641,42,-0.1941,27,-0.8784,54,0.17660,56,0.23592
ENSG00000115216,NRBP1,55,-0.1991,60,-0.0673,56,-0.1658,56,-0.1649,124,1.15022,74,0.27164,53,-0.2598,56,-0.1882,53,-0.2612,38,-0.7770
ENSG00000138002,IFT172,20,0.21522,29,0.79326,15,-0.1963,19,0.15162,20,0.16456,28,0.75667,10,-0.9042,15,-0.2749,6,-1.6619,15,-0.2929
ENSG00000115226,FNDC4,30,-1.5983,88,0.03699,100,0.23212,107,0.34908,116,0.48028,96,0.16281,85,-0.0219,54,-0.7368,83,-0.0578,104,0.30129
ENSG00000243943,ZNF512,37,0.02181,56,0.68503,41,0.19437,25,-0.6096,31,-0.2498,38,0.04512,37,0.02318,40,0.13954,24,-0.6615,37,0.03097
ENSG00000198522,GPN1,10,-1.4758,38,0.54881,27,0.00735,36,0.48247,35,0.41951,53,1.12453,17,-0.7113,19,-0.5635,14,-1.0256,21,-0.4070
ENSG00000119760,SUPT7L,39,-0.6040,104,0.99820,69,0.31025,55,-0.0668,97,0.87793,64,0.18113,23,-1.3514,34,-0.7985,47,-0.3117,39,-0.6096
ENSG00000163798,SLC4A1AP,40,-0.4061,80,0.71315,46,-0.1822,56,0.11490,47,-0.1719,60,0.23431,41,-0.3580,38,-0.4892,68,0.43808,43,-0.3028
ENSG00000243147,MRPL33,55,-1.5030,182,0.34034,225,0.69678,145,-0.0286,174,0.26449,141,-0.0686,70,-1.1418,111,-0.4499,180,0.32302,191,0.41941
ENSG00000158019,BABAM2,25,-0.7604,47,0.24458,49,0.30049,65,0.77705,42,0.06504,58,0.58454,23,-0.8726,36,-0.1627,42,0.06920,17,-1.3082
ENSG00000075426,FOSL2,4,-2.9344,30,-0.1809,42,0.32872,59,0.91800,27,-0.3460,24,-0.5226,24,-0.5108,21,-0.7430,23,-0.5911,84,1.54604
ENSG00000213639,PPP1CB,205,-0.7371,256,-0.3912,364,0.16649,324,-0.0200,364,0.16717,369,0.18960,271,-0.3031,261,-0.3582,501,0.69643,365,0.17451
ENSG00000171103,TRMT61B,9,-1.6043,42,0.84113,20,-0.3289,26,0.04057,18,-0.5520,40,0.75951,26,0.04960,21,-0.2957,27,0.09379,24,-0.0988
ENSG00000163811,WDR43,22,0.47986,12,-0.4842,13,-0.2859,12,-0.3892,25,0.74433,14,-0.2460,14,-0.1706,16,-0.0429,16,-0.0237,16,0.03511
ENSG00000115295,CLIP4,53,-0.2261,69,0.18973,58,-0.0931,53,-0.2230,39,-0.6998,91,0.64194,55,-0.1668,55,-0.1730,62,0.00582,79,0.39650
ENSG00000119801,YPEL5,69,-1.1885,154,0.04064,197,0.44797,182,0.31392,192,0.40779,165,0.15596,125,-0.2891,125,-0.2882,161,0.11715,127,-0.2574
ENSG00000213626,LBH,20,-0.7347,68,1.28233,22,-0.5654,19,-0.7806,22,-0.5960,46,0.60094,40,0.39188,32,0.03932,24,-0.4453,24,-0.4296
ENSG00000013016,EHD3,29,-2.4144,138,-0.0599,201,0.54725,232,0.79102,197,0.51846,138,-0.0571,102,-0.5383,88,-0.7554,163,0.21038,146,0.02851
ENSG00000162961,DPY30,41,-0.7063,79,0.33056,52,-0.3218,79,0.33982,71,0.14841,82,0.39956,26,-1.3637,27,-1.3293,110,0.88986,75,0.25089
ENSG00000021574,SPAST,36,0.22770,39,0.34969,41,0.42691,36,0.22710,34,0.14414,30,-0.0605,36,0.24730,23,-0.4924,20,-0.6558,17,-0.9452
ENSG00000119820,YIPF4,74,0.17605,65,-0.0469,71,0.09349,53,-0.3685,76,0.20848,71,0.09539,65,-0.0305,81,0.32038,54,-0.3168,56,-0.2694
ENSG00000115760,BIRC6,48,0.53006,40,0.23921,41,0.26708,34,-0.0135,24,-0.5398,48,0.54369,29,-0.2641,21,-0.7753,34,-0.0224,25,-0.4743
ENSG00000119812,FAM98A,52,0.24487,42,-0.0991,22,-1.0521,79,0.95566,71,0.76417,47,0.09005,47,0.09441,21,-1.1786,44,-0.0037,19,-1.2573
ENSG00000260025,CRIM1-DT,11,-1.3680,35,0.42996,16,-0.7602,26,-0.0290,63,1.42039,18,-0.6440,27,0.00405,25,-0.1309,26,-0.0464,22,-0.2836
ENSG00000150938,CRIM1,37,-0.9363,132,1.10979,32,-1.1563,41,-0.7956,138,1.19943,79,0.25231,46,-0.6134,56,-0.3023,25,-1.5104,92,0.50242
ENSG00000171055,FEZ2,73,-0.1115,50,-0.6848,130,0.84092,123,0.74473,71,-0.1634,63,-0.3367,48,-0.7673,52,-0.6302,97,0.34262,75,-0.0607
ENSG00000115808,STRN,74,1.23259,38,0.13521,40,0.19710,25,-0.5499,40,0.21375,17,-1.1061,32,-0.1658,27,-0.4214,20,-0.8367,40,0.18506
ENSG00000008869,HEATR5B,28,-0.1464,38,0.31375,25,-0.3473,40,0.40297,26,-0.2551,29,-0.1029,38,0.32476,24,-0.4157,38,0.30333,25,-0.3448
ENSG00000152133,GPATCH11,8,-1.3886,21,-0.0231,28,0.44049,34,0.75696,19,-0.2257,14,-0.6066,17,-0.3238,14,-0.6656,33,0.69701,25,0.25692
ENSG00000055332,EIF2AK2,36,-0.6005,93,0.92173,39,-0.5051,47,-0.2058,51,-0.0670,73,0.50607,47,-0.1961,39,-0.4825,36,-0.6027,72,0.48927
ENSG00000218739,CEBPZOS,34,-0.3782,50,0.22977,81,1.03377,44,0.01878,36,-0.2810,38,-0.2303,32,-0.4565,55,0.39155,20,-1.1472,43,-0.0115
ENSG00000115816,CEBPZ,18,-0.3091,25,0.20638,26,0.26473,22,0.00123,15,-0.5986,25,0.19924,18,-0.2902,21,-0.0468,28,0.38366,22,-0.0370
ENSG00000115828,QPCT,5,-2.7823,42,0.33339,30,-0.2007,25,-0.4804,66,1.10552,59,0.90695,18,-1.0092,15,-1.2368,58,0.87126,23,-0.6123
ENSG00000163171,CDC42EP3,0,-7.6035,42,0.86920,34,0.52664,15,-0.7671,24,0.00060,14,-0.8516,22,-0.1584,26,0.10188,28,0.20496,40,0.80739
ENSG00000119787,ATL2,11,-2.1165,64,0.61367,53,0.31596,42,-0.0655,36,-0.3017,31,-0.5305,38,-0.2336,28,-0.7100,50,0.20908,86,1.11831
ENSG00000143889,HNRNPLL,31,-0.7849,81,0.72718,66,0.37761,53,0.04201,87,0.84500,49,-0.0993,29,-0.8729,40,-0.4141,43,-0.2789,40,-0.4164
ENSG00000115875,SRSF7,85,-0.1182,140,0.70062,91,0.00110,113,0.34485,110,0.30374,89,-0.0362,64,-0.5445,66,-0.5186,78,-0.2545,77,-0.2747
ENSG00000188010,MORN2,15,-1.3641,46,0.32976,35,-0.1054,50,0.45780,55,0.60351,24,-0.7004,49,0.41984,27,-0.5436,44,0.25465,32,-0.2703
ENSG00000115904,SOS1,33,0.82463,20,-0.0064,16,-0.3746,17,-0.2345,19,-0.1112,28,0.54182,11,-0.9332,13,-0.6767,11,-0.9102,33,0.80370
ENSG00000011566,MAP4K3,21,-0.9882,32,-0.3299,63,0.75028,33,-0.2707,75,1.05539,36,-0.1302,36,-0.1477,50,0.36382,31,-0.4013,20,-1.0680
ENSG00000152154,TMEM178A,32,-1.8559,142,0.42212,155,0.56644,106,-0.0607,191,0.92237,113,0.04195,125,0.20568,62,-0.8912,88,-0.3477,83,-0.4325
ENSG00000183023,SLC8A1,25,-2.3289,149,0.38510,156,0.45440,125,0.10334,175,0.65055,94,-0.3477,110,-0.1019,91,-0.4061,135,0.22641,115,-0.0348
ENSG00000115944,COX7A2L,102,-0.5717,141,-0.0707,128,-0.2243,164,0.17969,118,-0.3423,213,0.60758,218,0.64320,120,-0.3167,164,0.17299,102,-0.5689
ENSG00000057935,MTA3,15,-1.6428,49,0.17540,85,1.11915,51,0.26246,36,-0.2994,38,-0.2209,35,-0.3485,60,0.52839,33,-0.4372,34,-0.3920
ENSG00000152518,ZFP36L2,64,1.54233,24,-0.1056,18,-0.5318,11,-1.2278,14,-0.9084,10,-1.4245,20,-0.3710,44,0.87860,10,-1.4021,42,0.78304
ENSG00000138036,DYNC2LI1,5,-2.6753,55,0.78873,36,0.11666,31,-0.1313,31,-0.1559,32,-0.0863,27,-0.3683,23,-0.5792,32,-0.0873,66,1.11214
ENSG00000138095,LRPPRC,60,-1.0368,128,0.12413,154,0.43246,108,-0.1404,200,0.87275,128,0.13246,105,-0.1867,64,-0.9496,124,0.07655,110,-0.1193
ENSG00000138032,PPM1B,94,0.18347,107,0.40368,77,-0.1202,70,-0.2719,107,0.39459,79,-0.0786,71,-0.2466,81,-0.0410,62,-0.4629,86,0.03884
ENSG00000138078,PREPL,141,-2.3339,854,0.42385,615,-0.1066,1181,0.97682,958,0.61640,811,0.33998,586,-0.1849,371,-0.8932,638,-0.0485,424,-0.6909
ENSG00000171132,PRKCE,19,-3.2436,153,-0.1553,222,0.44189,271,0.78155,325,1.09924,170,0.00885,123,-0.4986,92,-0.9440,195,0.22884,119,-0.5479
ENSG00000116016,EPAS1,93,0.61468,71,0.17912,35,-0.9132,19,-1.8621,20,-1.7464,21,-1.6945,65,0.02985,113,0.94679,29,-1.2077,171,1.72087
ENSG00000119729,RHOQ,91,0.90859,64,0.31189,36,-0.5965,62,0.27986,25,-1.1141,37,-0.5390,70,0.45899,62,0.26494,22,-1.3410,56,0.10493
ENSG00000119878,CRIPT,55,-0.0849,60,0.05403,63,0.14555,64,0.17415,60,0.07188,55,-0.0655,33,-0.8456,62,0.10553,68,0.27017,56,-0.0458
ENSG00000171150,SOCS5,15,-1.5648,64,0.66552,34,-0.3406,30,-0.5319,59,0.53791,61,0.58756,39,-0.1123,34,-0.3401,39,-0.1331,48,0.21250
ENSG00000180398,MCFD2,27,-1.4382,79,0.19257,74,0.08830,65,-0.1230,83,0.27299,82,0.26250,54,-0.4004,80,0.21160,73,0.06027,83,0.27180
ENSG00000143933,CALM2,1105,-0.9456,1943,-0.0677,3029,0.66058,2591,0.39923,2499,0.33974,2273,0.18461,1681,-0.2974,1071,-0.9942,2521,0.35373,1559,-0.4149
ENSG00000095002,MSH2,16,-1.1836,58,0.80747,32,-0.1458,58,0.80785,65,1.02515,26,-0.4697,22,-0.7449,31,-0.1960,16,-1.2387,29,-0.3109
ENSG00000184261,KCNK12,7,-2.0774,27,-0.1414,48,0.78121,28,-0.0847,16,-0.9107,28,-0.1132,33,0.17931,18,-0.7930,40,0.46062,52,0.92353
ENSG00000116062,MSH6,22,0.08137,28,0.46003,22,0.09005,23,0.12820,20,-0.0459,24,0.22695,9,-1.2800,15,-0.5427,23,0.14606,23,0.18039
ENSG00000138081,FBXO11,46,-1.0690,86,-0.0932,93,0.03734,103,0.19181,116,0.39123,127,0.54433,67,-0.4738,73,-0.3472,115,0.37128,85,-0.1039
ENSG00000162869,PPP1R21,41,-0.1860,67,0.61293,71,0.70035,44,-0.0575,53,0.23547,40,-0.2200,33,-0.5311,27,-0.8154,55,0.27713,29,-0.6966
ENSG00000179915,NRXN1,31,-3.3636,255,-0.2336,420,0.57691,308,0.06786,277,-0.1027,276,-0.1067,178,-0.7922,256,-0.2254,435,0.63492,517,0.93246
ENSG00000115239,ASB3,46,0.80438,30,0.08897,33,0.27211,25,-0.2100,15,-0.9627,18,-0.6583,21,-0.4627,33,0.27558,34,0.31188,26,-0.1367
ENSG00000068912,ERLEC1,40,-1.7816,143,0.17714,164,0.40144,153,0.29025,187,0.62272,168,0.43777,111,-0.2246,85,-0.6405,147,0.22656,82,-0.6962
ENSG00000068878,PSME4,40,1.35057,12,-0.5866,14,-0.3942,23,0.41452,19,0.08737,26,0.58433,11,-0.7550,9,-0.9371,8,-1.2260,16,-0.1153
ENSG00000170634,ACYP2,140,0.04143,120,-0.1975,127,-0.1177,150,0.15577,177,0.42805,218,0.77608,102,-0.4547,85,-0.7356,159,0.25157,84,-0.7558
ENSG00000115306,SPTBN1,811,0.64365,657,0.29387,515,-0.0995,418,-0.4262,444,-0.3317,588,0.11365,601,0.14798,446,-0.3259,486,-0.1903,513,-0.1046
ENSG00000214595,EML6,0,-7.0049,19,0.29676,36,1.35997,28,0.88659,26,0.81153,16,0.03637,8,-1.0287,12,-0.4719,6,-1.4764,9,-0.8776
ENSG00000115310,RTN4,589,-1.1884,1457,0.22499,2002,0.75603,1780,0.55632,1488,0.25963,1448,0.21582,791,-0.7385,835,-0.6559,1320,0.06562,962,-0.4346
ENSG00000143947,RPS27A,2058,1.36250,1134,0.32898,908,-0.0312,598,-0.6859,717,-0.4045,750,-0.3343,760,-0.3136,789,-0.2533,863,-0.1117,682,-0.4832
ENSG00000085760,MTIF2,12,-0.6172,15,-0.3581,16,-0.2116,31,0.85132,20,0.14663,21,0.17253,18,-0.0163,12,-0.6952,23,0.35194,17,-0.1689
ENSG00000115355,CCDC88A,210,1.39850,81,-0.2057,94,0.02668,63,-0.6083,75,-0.3190,78,-0.2745,74,-0.3422,111,0.29930,53,-0.8575,84,-0.1433
ENSG00000163001,CFAP36,60,-0.8686,142,0.50759,114,0.15222,90,-0.2259,121,0.23604,152,0.62134,115,0.15549,54,-1.0199,107,0.04039,87,-0.2912
ENSG00000275052,PPP4R3B,42,-0.1906,89,1.02405,61,0.38749,28,-0.8236,46,-0.0697,46,-0.0592,35,-0.4905,52,0.12793,31,-0.6663,49,0.03038
ENSG00000138035,PNPT1,24,0.51021,33,1.05888,26,0.60377,7,-1.3584,16,-0.1337,12,-0.5508,23,0.44933,10,-0.9187,9,-1.0055,15,-0.2166
ENSG00000115380,EFEMP1,55,0.11029,79,0.69315,23,-1.2557,36,-0.5651,30,-0.8597,33,-0.6772,47,-0.1438,101,1.12624,23,-1.2121,89,0.89558
ENSG00000055813,CCDC85A,1,-5.2903,76,0.67466,54,0.09878,28,-0.9180,117,1.42956,41,-0.3093,50,-0.0005,51,0.02952,56,0.17787,29,-0.8374
ENSG00000115392,FANCL,59,1.69508,34,0.72019,20,-0.1119,14,-0.6714,18,-0.2606,17,-0.3595,10,-1.2178,11,-0.9962,14,-0.7076,21,-0.0716
ENSG00000119866,BCL11A,24,-2.0814,132,0.53140,116,0.32189,101,0.09654,153,0.78344,142,0.66262,60,-0.7099,66,-0.5619,96,0.01919,60,-0.7250
ENSG00000115421,PAPOLG,10,-0.7216,31,1.03024,20,0.31266,8,-1.0610,21,0.37771,10,-0.7109,11,-0.6533,8,-0.9909,25,0.68346,20,0.29579
ENSG00000162929,KIAA1841,13,-0.2959,18,0.22717,9,-0.8170,18,0.25046,10,-0.6676,17,0.09267,15,-0.0659,16,0.06918,23,0.59823,17,0.15646
ENSG00000237651,C2orf74,46,0.35057,34,-0.1452,28,-0.4590,20,-0.9787,67,0.97852,22,-0.7825,36,-0.0764,28,-0.4386,46,0.32899,46,0.33059
ENSG00000115464,USP34,77,0.36775,96,0.73676,63,0.05833,44,-0.4987,54,-0.1829,56,-0.1262,39,-0.7107,58,-0.0680,58,-0.0758,64,0.08537
ENSG00000082898,XPO1,62,-0.6288,116,0.36401,137,0.63398,88,-0.0802,97,0.06357,84,-0.1594,67,-0.5163,65,-0.5676,106,0.20936,108,0.23293
ENSG00000115484,CCT4,70,-1.4435,220,0.32865,177,-0.0288,255,0.57215,200,0.16739,223,0.34610,106,-0.8270,122,-0.6037,233,0.41911,193,0.11177
ENSG00000173163,COMMD1,25,-0.4813,54,0.79705,51,0.68306,38,0.20208,34,0.04315,22,-0.6579,27,-0.3501,26,-0.3981,29,-0.2055,28,-0.2508
ENSG00000170340,B3GNT2,3,-2.3262,13,-0.2151,27,0.98805,21,0.56337,17,0.20979,13,-0.1869,5,-1.5135,17,0.18866,23,0.73393,9,-0.7814
ENSG00000115504,EHBP1,18,-1.6768,86,0.79512,50,-0.0839,42,-0.3683,67,0.37245,71,0.47209,45,-0.2756,45,-0.2565,55,0.04552,53,-0.0112
ENSG00000014641,MDH1,93,-3.4347,878,-0.0667,972,0.09709,1696,1.03294,1372,0.66556,1503,0.82198,556,-0.7795,380,-1.3595,956,0.06903,748,-0.3195
ENSG00000169764,UGP2,75,-1.6142,225,0.06301,127,-0.8359,290,0.47431,299,0.52819,261,0.30100,265,0.33116,216,-0.0042,228,0.08308,178,-0.3058
ENSG00000119862,LGALSL,13,-1.3450,40,0.37812,43,0.49890,35,0.13198,45,0.54754,28,-0.2217,28,-0.2216,20,-0.6973,28,-0.2079,39,0.32359
ENSG00000119844,AFTPH,13,-1.7518,40,-0.1053,57,0.45520,55,0.39894,49,0.23453,77,0.97395,28,-0.6645,34,-0.3537,33,-0.3849,41,-0.0687
ENSG00000115902,SLC1A4,55,-0.5261,53,-0.5754,92,0.29084,57,-0.4583,71,-0.1255,90,0.24982,73,-0.0833,100,0.43230,52,-0.6161,125,0.80399
ENSG00000011523,CEP68,19,-1.3097,60,0.44073,37,-0.3067,69,0.67763,81,0.96845,41,-0.1726,22,-1.1167,36,-0.3666,49,0.12763,40,-0.2020
ENSG00000138069,RAB1A,95,-1.2615,264,0.32863,243,0.18910,266,0.34126,290,0.48184,308,0.58090,142,-0.6508,150,-0.5750,212,-0.0256,187,-0.2273
ENSG00000138071,ACTR2,86,-1.4859,224,-0.0157,245,0.12926,336,0.64880,265,0.25662,225,-0.0085,195,-0.2350,174,-0.4136,294,0.43052,217,-0.0661
ENSG00000198369,SPRED2,4,-3.4982,38,-0.2196,58,0.47403,90,1.22668,53,0.32937,44,0.01413,37,-0.2528,26,-0.7924,43,-0.0063,41,-0.0901
ENSG00000197223,C1D,28,-1.3444,47,-0.5558,71,0.06629,116,0.88198,72,0.10357,120,0.95196,43,-0.7123,56,-0.2960,47,-0.5598,77,0.20417
ENSG00000221823,PPP3R1,32,-2.8784,156,-0.5327,263,0.29777,277,0.37907,282,0.41187,251,0.21759,199,-0.1505,148,-0.6160,402,1.01359,180,-0.3081
ENSG00000119865,CNRIP1,72,-1.0579,235,0.81623,161,0.19046,133,-0.1230,188,0.43944,229,0.77193,109,-0.4379,88,-0.7540,115,-0.3416,103,-0.5191
ENSG00000198380,GFPT1,8,-2.3305,73,0.93605,38,-0.1416,31,-0.4578,36,-0.1974,52,0.36957,34,-0.2948,34,-0.3141,53,0.40802,53,0.41818
ENSG00000169599,NFU1,35,-0.5032,54,0.17684,44,-0.1649,45,-0.1228,45,-0.1130,113,1.44223,34,-0.5550,27,-0.9223,41,-0.2532,47,-0.0501
ENSG00000115977,AAK1,42,-2.1452,212,0.33611,199,0.23134,194,0.18783,277,0.78196,198,0.21768,162,-0.1033,112,-0.6729,165,-0.0731,165,-0.0733
ENSG00000087338,GMCL1,14,-0.5960,22,0.11707,17,-0.2713,19,-0.1321,34,0.82830,21,0.05939,18,-0.1871,11,-0.9067,35,0.88420,13,-0.6995
ENSG00000124380,SNRNP27,40,-0.3718,64,0.37169,50,-0.0120,54,0.10708,43,-0.2435,60,0.28223,39,-0.3950,35,-0.5556,49,-0.0542,71,0.54380
ENSG00000169564,PCBP1,290,0.01076,328,0.20708,275,-0.0788,339,0.26043,277,-0.0646,320,0.16840,223,-0.4062,251,-0.2225,294,0.02838,288,-0.0021
ENSG00000116001,TIA1,88,1.17086,68,0.71100,54,0.34263,38,-0.2443,51,0.22744,37,-0.2467,14,-1.7450,36,-0.2936,31,-0.5518,22,-1.0669
ENSG00000116005,PCYOX1,39,-1.0163,151,1.19167,63,-0.2629,67,-0.1661,54,-0.5171,88,0.27064,59,-0.3757,45,-0.7936,69,-0.1172,111,0.64894
ENSG00000143977,SNRPG,57,-0.0733,88,0.64645,42,-0.5321,38,-0.6885,44,-0.4544,82,0.52562,35,-0.8033,50,-0.2712,53,-0.1853,104,0.92687
ENSG00000035141,FAM136A,7,-2.1237,50,0.85150,26,-0.2257,54,0.97480,33,0.14502,28,-0.1127,25,-0.2519,20,-0.6231,30,0.01239,26,-0.2376
ENSG00000075340,ADD2,20,-2.9132,195,0.50792,142,-0.0028,190,0.46485,179,0.37141,166,0.24790,153,0.11286,126,-0.1970,143,0.01049,111,-0.3990
ENSG00000144043,TEX261,34,0.56472,29,0.27012,37,0.67447,15,-0.7079,26,0.11857,13,-0.8901,17,-0.5652,24,0.01507,22,-0.1661,24,0.02047
ENSG00000124357,NAGK,87,1.06502,39,-0.2756,30,-0.6738,45,-0.0261,48,0.06506,36,-0.3797,47,0.03060,33,-0.5405,33,-0.5435,63,0.51813
ENSG00000124383,MPHOSPH10,31,-0.0279,33,0.08847,54,0.87969,48,0.68533,36,0.22030,23,-0.4774,13,-1.3151,15,-1.0808,31,-0.0402,30,-0.0642
ENSG00000124374,PAIP2B,574,5.22451,22,-1.7530,13,-2.5453,11,-2.8120,11,-2.7344,8,-3.1938,36,-1.0556,7,-3.4356,12,-2.6889,15,-2.3323
ENSG00000075292,ZNF638,79,0.43916,62,0.05117,52,-0.2397,65,0.12090,59,-0.0277,51,-0.2678,48,-0.3676,66,0.14928,46,-0.4065,74,0.33497
ENSG00000144036,EXOC6B,39,-0.2347,41,-0.1461,44,-0.0323,32,-0.5403,60,0.45188,50,0.16146,47,0.06726,42,-0.0927,40,-0.2046,56,0.35544
ENSG00000135638,EMX1,5,-2.3537,10,-1.2829,50,1.18120,34,0.51870,37,0.66213,22,-0.1543,17,-0.5511,24,-0.0470,33,0.45560,14,-0.8956
ENSG00000144040,SFXN5,37,-1.4269,106,0.19160,78,-0.2813,92,-0.0374,42,-1.2502,61,-0.6765,111,0.27442,183,1.11756,100,0.10152,129,0.51960
ENSG00000135631,RAB11FIP5,6,-3.1945,42,-0.2774,51,0.02459,88,0.93802,74,0.62993,72,0.59819,61,0.32210,26,-0.9915,31,-0.7321,49,-0.0211
ENSG00000135632,SMYD5,13,-0.7620,26,0.32272,24,0.19284,23,0.17617,27,0.40400,24,0.21307,12,-0.8268,14,-0.6087,20,-0.0860,27,0.40664
ENSG00000135617,PRADC1,19,-0.3303,19,-0.3215,47,1.12506,22,-0.1014,25,0.05991,11,-1.0891,19,-0.3546,21,-0.1589,23,-0.0490,30,0.39343
ENSG00000135624,CCT7,94,-0.8268,234,0.62287,236,0.63977,141,-0.2030,184,0.22298,183,0.21711,123,-0.4193,81,-1.0626,164,0.03821,161,0.00865
ENSG00000163013,FBXO41,16,-2.3904,88,0.16975,97,0.33490,78,-0.0229,79,0.00680,65,-0.3075,75,-0.0888,85,0.12595,85,0.12088,121,0.70464
ENSG00000135625,EGR4,0,-7.0387,12,-0.4745,68,2.61412,11,-0.5663,11,-0.5428,8,-1.0737,10,-0.7748,8,-1.0172,29,0.90694,7,-1.2711
ENSG00000144034,TPRKB,22,-0.3056,32,0.26641,24,-0.1780,20,-0.4753,23,-0.2628,45,0.85008,34,0.38749,21,-0.3859,21,-0.3810,27,0.01103
ENSG00000124356,STAMBP,48,0.86810,21,-0.4857,28,0.00220,33,0.21905,27,-0.0941,34,0.28866,22,-0.3774,16,-0.8722,33,0.22167,22,-0.3790
ENSG00000114956,DGUOK,34,-0.9150,54,-0.1946,86,0.54098,46,-0.4516,93,0.67290,55,-0.1700,74,0.29132,39,-0.7129,41,-0.6162,93,0.67221
ENSG00000163170,BOLA3,20,-1.6112,52,-0.2063,73,0.33522,72,0.32087,70,0.28520,95,0.79055,48,-0.3322,52,-0.2113,47,-0.3465,61,0.04374
ENSG00000225439,BOLA3-AS1,4,-2.2240,26,0.62818,18,0.05208,23,0.45955,25,0.56966,18,0.07227,18,0.08164,13,-0.4941,11,-0.6439,18,0.05507
ENSG00000114978,MOB1A,31,0.30565,22,-0.2005,22,-0.2156,7,-1.8816,29,0.19017,22,-0.2670,24,-0.1016,23,-0.1419,14,-0.9144,61,1.47877
ENSG00000204843,DCTN1,274,-0.2373,271,-0.2537,384,0.30419,420,0.44948,314,-0.0232,453,0.57796,275,-0.2337,188,-0.8213,264,-0.2948,340,0.10689
ENSG00000005448,WDR54,18,-0.7239,30,0.10111,40,0.52584,32,0.19234,26,-0.1719,40,0.55740,25,-0.2145,9,-1.7771,34,0.27312,32,0.18936
ENSG00000115274,INO80B,25,0.09717,27,0.22066,27,0.21702,25,0.09321,27,0.21864,21,-0.1385,10,-1.3263,9,-1.4314,40,0.88263,23,0.00955
ENSG00000239779,WBP1,93,1.02154,42,-0.3047,50,-0.0183,40,-0.3813,58,0.21362,46,-0.1595,46,-0.1392,51,0.01832,31,-0.7789,49,-0.0365
ENSG00000115275,MOGS,42,1.28709,27,0.52594,15,-0.4454,12,-0.7161,10,-0.9848,26,0.43165,7,-1.4158,15,-0.3874,8,-1.3010,32,0.83133
ENSG00000115307,AUP1,97,0.89522,44,-0.3825,74,0.43756,64,0.20203,73,0.40254,79,0.54838,24,-1.2995,47,-0.2893,29,-1.0208,34,-0.8052
ENSG00000115317,HTRA2,19,-0.6954,22,-0.4471,25,-0.2262,29,-0.0047,36,0.33908,45,0.72297,40,0.52634,19,-0.6209,23,-0.3965,33,0.19169
ENSG00000135622,SEMA4F,1,-4.0750,26,-0.1490,34,0.27742,52,0.98025,36,0.34810,30,0.06474,31,0.12235,17,-0.8396,34,0.25846,27,-0.1295
ENSG00000115350,POLE4,80,0.81410,67,0.50472,40,-0.2955,42,-0.2332,50,0.05471,67,0.50812,53,0.14156,33,-0.5860,26,-0.9805,29,-0.8080
ENSG00000115364,MRPL19,46,0.61509,27,-0.2280,24,-0.4039,42,0.46638,27,-0.2377,53,0.86558,19,-0.7408,25,-0.3265,27,-0.2208,22,-0.5158
ENSG00000176204,LRRTM4,0,-7.1298,14,-1.2204,104,2.18044,30,-0.0210,15,-1.1068,24,-0.3508,16,-1.0109,25,-0.2983,57,1.02813,22,-0.5401
ENSG00000066032,CTNNA2,35,-2.1591,105,-0.4969,152,0.08241,214,0.64421,158,0.14044,166,0.22543,139,-0.0639,126,-0.2140,180,0.35599,170,0.26018
ENSG00000162951,LRRTM1,2,-4.2977,38,0.01583,80,1.27567,54,0.57902,17,-1.1635,27,-0.5281,34,-0.1522,23,-0.7419,58,0.71784,42,0.19086
ENSG00000163541,SUCLG1,57,-0.8107,125,0.43357,124,0.41757,106,0.15894,123,0.41233,134,0.55121,69,-0.5106,74,-0.4032,94,-0.0285,51,-0.9770
ENSG00000034510,TMSB10,880,-1.1998,2063,0.12537,1317,-0.5846,1779,-0.1128,5353,1.81025,2643,0.53267,1562,-0.3175,882,-1.1969,1229,-0.6915,1379,-0.5122
ENSG00000176407,KCMF1,23,-1.3593,55,0.00367,43,-0.3906,54,-0.0246,87,0.73896,56,0.02418,49,-0.1934,54,-0.0255,78,0.57255,52,-0.0833
ENSG00000152291,TGOLN2,122,-0.2209,151,0.10968,131,-0.1162,174,0.34777,144,0.03404,156,0.16372,132,-0.1068,96,-0.5915,145,0.04601,156,0.16985
ENSG00000042445,RETSAT,71,1.45447,19,-0.7010,17,-0.8401,26,-0.2007,25,-0.2976,19,-0.6752,25,-0.2897,37,0.31863,21,-0.5321,40,0.44859
ENSG00000168906,MAT2A,232,1.30672,147,0.51111,81,-0.4428,69,-0.6780,127,0.27862,79,-0.4733,72,-0.6137,97,-0.1665,78,-0.5031,90,-0.2798
ENSG00000115486,GGCX,39,0.14479,39,0.15341,39,0.14727,30,-0.2800,28,-0.3888,49,0.51785,34,-0.0429,35,-0.0289,25,-0.5538,37,0.09078
ENSG00000168899,VAMP5,41,1.55097,9,-0.8379,17,0.07635,9,-0.9767,8,-1.0466,10,-0.8130,15,-0.1676,26,0.74292,6,-1.4435,23,0.56267
ENSG00000168894,RNF181,84,0.52384,70,0.23795,56,-0.1319,65,0.11978,62,0.03953,68,0.17547,50,-0.3118,34,-0.8929,49,-0.3443,69,0.20494
ENSG00000168883,USP39,21,-0.1301,32,0.58571,31,0.52607,21,-0.1217,19,-0.2929,20,-0.1613,20,-0.1871,13,-0.8150,23,0.01810,25,0.17328
ENSG00000115525,ST3GAL5,62,-0.4776,129,0.71336,119,0.58483,102,0.31781,48,-0.8589,84,0.01304,70,-0.2736,46,-0.9232,66,-0.3755,109,0.43445
ENSG00000132300,PTCD3,56,0.27255,70,0.63453,37,-0.3827,61,0.39999,33,-0.5551,43,-0.1507,32,-0.6006,48,0.00285,51,0.11769,43,-0.1532
ENSG00000132305,IMMT,39,-1.2312,94,0.11374,68,-0.3862,86,-0.0275,157,0.97082,135,0.71442,74,-0.2666,48,-0.9183,77,-0.1990,96,0.14600
ENSG00000132313,MRPL35,38,-0.4822,67,0.42629,52,0.01053,82,0.75009,66,0.38956,34,-0.6669,40,-0.4022,43,-0.3094,66,0.40114,30,-0.8507
ENSG00000068615,REEP1,12,-3.1813,104,0.06080,89,-0.1898,144,0.58275,209,1.23308,131,0.43108,82,-0.3252,59,-0.8410,89,-0.1878,87,-0.2309
ENSG00000115548,KDM3A,17,-0.6955,29,0.16997,50,1.06174,17,-0.6675,13,-1.0542,43,0.79710,29,0.13065,26,-0.0454,21,-0.3327,19,-0.5247
ENSG00000115561,CHMP3,45,-1.3168,73,-0.5819,146,0.52825,160,0.67974,85,-0.3369,111,0.07093,89,-0.2754,115,0.13160,126,0.27852,108,0.03593
ENSG00000239305,RNF103,45,-0.3038,84,0.71079,79,0.60931,40,-0.4722,63,0.24606,54,-0.0113,48,-0.1800,36,-0.6245,37,-0.5893,56,0.05405
ENSG00000153561,RMND5A,75,0.07105,87,0.29953,107,0.65122,69,-0.0753,85,0.28006,56,-0.3808,64,-0.1869,61,-0.2696,53,-0.4646,62,-0.2422
ENSG00000172005,MAL,589,3.83145,45,-1.1456,33,-1.6225,50,-1.0006,23,-2.1568,35,-1.5320,39,-1.3773,59,-0.7477,42,-1.2711,41,-1.2826
ENSG00000144029,MRPS5,57,0.28252,71,0.63484,51,0.08293,33,-0.5677,51,0.09478,44,-0.1323,47,-0.0292,31,-0.6548,47,-0.0243,47,-0.0314
ENSG00000115041,KCNIP3,32,-0.5164,43,-0.0547,58,0.42317,58,0.41750,77,0.89725,38,-0.2387,41,-0.1503,24,-0.9448,32,-0.5177,43,-0.0442
ENSG00000115042,FAHD2A,36,0.86437,25,0.24179,36,0.84772,12,-0.8082,23,0.09534,24,0.21512,18,-0.2752,17,-0.3123,15,-0.5527,7,-1.7336
ENSG00000158050,DUSP2,8,-0.9451,13,-0.2341,36,1.43015,14,-0.1269,27,0.93602,10,-0.6769,14,-0.1745,8,-0.8892,15,0.01648,7,-1.1146
ENSG00000084090,STARD7,196,0.08547,266,0.58987,234,0.37594,164,-0.1935,243,0.43815,101,-0.9516,141,-0.4343,186,-0.0014,161,-0.2294,165,-0.1845
ENSG00000135956,TMEM127,34,-1.1412,66,-0.1225,100,0.56839,88,0.34327,61,-0.2323,95,0.48398,42,-0.7992,51,-0.4998,85,0.29050,86,0.30921
ENSG00000144021,CIAO1,70,-0.1844,75,-0.0750,120,0.69948,89,0.19456,63,-0.3477,110,0.55429,59,-0.4547,76,-0.0550,72,-0.1321,51,-0.6620
ENSG00000144028,SNRNP200,62,0.08647,65,0.16976,90,0.70162,48,-0.3287,64,0.12678,46,-0.3841,36,-0.7602,53,-0.1749,46,-0.3985,79,0.47154
ENSG00000114982,KANSL3,25,0.43772,17,-0.1732,16,-0.3103,16,-0.3130,34,0.95124,12,-0.6464,11,-0.8626,25,0.42439,20,0.06652,15,-0.3446
ENSG00000213337,ANKRD39,13,-1.3971,49,0.66623,34,0.08065,41,0.37225,39,0.28885,45,0.51857,33,0.03431,15,-1.2173,18,-0.8747,38,0.25421
ENSG00000168758,SEMA4C,77,1.96868,22,-0.2405,28,0.18997,22,-0.2047,16,-0.6448,23,-0.1547,15,-0.7957,11,-1.2731,16,-0.7313,22,-0.2290
ENSG00000144199,FAHD2B,39,0.08313,56,0.68162,52,0.57250,30,-0.2961,36,-0.0269,55,0.65784,19,-0.9867,19,-0.9921,23,-0.6950,37,0.01504
ENSG00000135940,COX5B,473,-0.6233,1064,0.67993,629,-0.1802,904,0.40675,554,-0.3800,737,0.07244,717,0.02905,510,-0.5081,673,-0.0726,780,0.16542
ENSG00000115073,ACTR1B,81,-0.4202,134,0.37237,95,-0.1739,130,0.33147,154,0.60888,137,0.41416,64,-0.7974,65,-0.7629,84,-0.3650,117,0.16018
ENSG00000075568,TMEM131,17,-1.2306,26,-0.5890,50,0.42252,53,0.49620,54,0.52705,34,-0.2140,24,-0.7203,40,0.06577,42,0.14610,46,0.27662
ENSG00000040933,INPP4A,24,-1.9078,138,0.78383,82,-0.0666,121,0.55506,93,0.13317,96,0.18550,56,-0.6655,61,-0.5458,117,0.49773,70,-0.3186
ENSG00000183513,COA5,68,0.50677,42,-0.2547,48,-0.0705,48,-0.0608,61,0.33266,93,1.03671,33,-0.6257,41,-0.3182,46,-0.1171,18,-1.5647
ENSG00000115446,UNC50,29,-0.6256,84,1.12518,58,0.47714,55,0.39454,38,-0.2073,28,-0.6659,27,-0.7363,30,-0.5557,36,-0.2995,46,0.11656
ENSG00000071073,MGAT4A,26,-0.3704,22,-0.6546,33,-0.0136,39,0.24744,51,0.66683,35,0.07572,32,-0.0769,39,0.25092,37,0.14396,21,-0.7235
ENSG00000196872,KIAA1211L,7,-3.6720,73,-0.2328,187,1.35443,120,0.58092,109,0.41415,94,0.17860,52,-0.7568,53,-0.7303,110,0.42795,39,-1.2032
ENSG00000185414,MRPL30,13,-1.2561,31,-0.0082,35,0.19174,42,0.49650,72,1.43244,33,0.10741,17,-0.9311,32,0.06935,12,-1.4146,22,-0.5433
ENSG00000115514,TXNDC9,16,-0.9483,41,0.53460,25,-0.2602,27,-0.1300,36,0.31514,57,1.09378,26,-0.2139,13,-1.2157,36,0.29164,19,-0.7025
ENSG00000158417,EIF5B,118,0.85508,40,-0.8640,54,-0.4184,87,0.33080,59,-0.2873,78,0.15916,75,0.09763,92,0.43253,59,-0.2893,44,-0.7512
ENSG00000135945,REV1,23,0.11550,16,-0.4514,22,0.07628,19,-0.2081,21,-0.0021,18,-0.2644,8,-1.3740,16,-0.4380,29,0.52067,40,1.03902
ENSG00000144218,AFF3,13,-1.5426,73,1.20095,43,0.28664,46,0.41181,45,0.35729,28,-0.3813,35,-0.0097,31,-0.2370,25,-0.5597,19,-0.9945
ENSG00000170500,LONRF2,50,-1.9673,206,0.19835,282,0.71661,132,-0.5069,241,0.45439,251,0.51903,162,-0.1859,122,-0.6253,189,0.05987,188,0.04643
ENSG00000115526,CHST10,37,-0.2513,66,0.65816,22,-1.0784,62,0.57122,44,-0.0043,43,-0.0358,35,-0.3618,47,0.09222,42,-0.0603,41,-0.0910
ENSG00000115539,PDCL3,15,-0.8062,41,0.76932,19,-0.4201,22,-0.2643,27,0.05768,35,0.50946,34,0.44125,9,-1.5656,25,-0.0234,29,0.20648
ENSG00000170485,NPAS2,2,-4.0281,60,0.63850,62,0.69869,47,0.23024,39,-0.0794,39,-0.0531,26,-0.7155,42,0.07246,44,0.14082,44,0.13405
ENSG00000071082,RPL31,1128,0.52226,926,0.19719,622,-0.4361,753,-0.1334,1009,0.33840,443,-0.9577,712,-0.2230,763,-0.1138,833,0.02668,1004,0.32955
ENSG00000158435,CNOT11,14,-0.4784,9,-1.2366,7,-1.4553,27,0.48285,12,-0.7661,49,1.54060,10,-1.0028,6,-1.7686,11,-0.8926,52,1.67275
ENSG00000163162,RNF149,10,-1.4718,22,-0.2772,44,0.85225,37,0.54054,24,-0.1055,26,-0.0020,19,-0.4798,26,0.00329,18,-0.6110,36,0.50262
ENSG00000175874,CREG2,31,-3.2290,168,-0.7159,413,0.73232,508,1.09048,290,0.14574,187,-0.5527,155,-0.8389,232,-0.2151,416,0.74430,252,-0.0798
ENSG00000071054,MAP4K4,898,3.84910,59,-1.3824,50,-1.6260,60,-1.3563,59,-1.3922,50,-1.6268,82,-0.8881,85,-0.8330,52,-1.5792,59,-1.3895
ENSG00000233639,PANTR1,47,0.81017,34,0.28386,27,-0.0690,25,-0.1763,20,-0.5209,28,-0.0179,18,-0.7219,29,0.01387,33,0.22310,24,-0.2967
ENSG00000198914,POU3F3,92,0.67401,59,-0.0532,45,-0.4660,22,-1.5473,24,-1.4289,58,-0.0716,55,-0.1643,113,1.01770,59,-0.0501,83,0.49757
ENSG00000135972,MRPS9,18,-0.7679,45,0.63931,38,0.39370,40,0.44204,27,-0.1962,32,0.12093,16,-0.9333,13,-1.2379,40,0.46728,31,0.05287
ENSG00000135966,TGFBRAP1,10,-1.1034,11,-1.0071,39,1.00586,19,-0.1402,22,0.10598,15,-0.4899,31,0.63889,22,0.05508,29,0.49806,12,-0.8599
ENSG00000135974,C2orf49,15,-0.2459,15,-0.3174,20,0.20937,19,0.12846,18,-0.0094,21,0.26595,15,-0.2887,13,-0.4573,30,0.84108,12,-0.5884
ENSG00000115641,FHL2,0,-8.0500,22,-0.6608,48,0.56501,68,1.17359,58,0.91257,53,0.75684,16,-1.1539,16,-1.1149,41,0.31496,14,-1.2889
ENSG00000071051,NCK2,24,-1.0783,58,0.27159,36,-0.5010,39,-0.3540,103,1.22903,66,0.46694,50,0.02226,27,-0.9205,47,-0.0879,43,-0.2086
ENSG00000115652,UXS1,8,-1.6025,27,0.20337,27,0.21227,33,0.52671,37,0.72792,27,0.19443,21,-0.1412,21,-0.1941,18,-0.3865,17,-0.5043
ENSG00000144057,ST6GAL2,8,-1.2188,37,1.10577,14,-0.5024,26,0.52603,26,0.48259,18,-0.0958,17,-0.1611,20,0.06849,15,-0.3933,9,-1.0932
ENSG00000135968,GCC2,30,-1.3651,106,0.61280,52,-0.5375,47,-0.6719,104,0.58775,113,0.72367,65,-0.1837,70,-0.0596,87,0.28714,54,-0.4725
ENSG00000153201,RANBP2,41,-1.4017,112,0.14946,129,0.37352,92,-0.1677,125,0.32042,98,-0.0706,88,-0.2448,84,-0.3136,169,0.82727,86,-0.2752
ENSG00000175701,MTLN,32,-1.6740,113,0.23686,116,0.29018,100,0.04973,82,-0.2714,134,0.52886,97,-0.0065,73,-0.4588,81,-0.2797,143,0.63461
ENSG00000175772,LINC01106,10,-1.3182,23,-0.0861,35,0.59346,35,0.59477,28,0.20046,34,0.51982,22,-0.1918,11,-1.1626,31,0.36075,15,-0.7033
ENSG00000153107,ANAPC1,7,-2.0077,56,1.12868,26,-0.1512,38,0.45461,23,-0.3226,28,-0.0288,29,0.03508,14,-1.0769,22,-0.4148,42,0.61665
ENSG00000144152,FBLN7,0,-5.9557,20,-0.3315,45,0.97233,27,0.12540,6,-2.1251,20,-0.3523,18,-0.5033,15,-0.8047,56,1.36746,43,0.88022
ENSG00000144161,ZC3H8,9,-1.0107,10,-0.7899,37,1.23767,17,-0.0991,10,-0.8239,16,-0.1924,16,-0.1870,15,-0.2989,29,0.81170,18,0.04934
ENSG00000188177,ZC3H6,33,-0.4161,48,0.16202,29,-0.6316,31,-0.5158,32,-0.4887,27,-0.7180,50,0.24494,69,0.77064,68,0.74140,45,0.07117
ENSG00000114999,TTL,86,1.01067,24,-1.0573,56,0.28900,54,0.21450,46,-0.0363,41,-0.2246,48,0.04742,42,-0.1931,42,-0.1616,31,-0.6497
ENSG00000125611,CHCHD5,64,0.84271,39,0.01656,42,0.16247,37,-0.0701,35,-0.1261,38,-0.0029,21,-0.9017,27,-0.5541,24,-0.7001,55,0.59582
ENSG00000144136,SLC20A1,24,-1.7689,105,0.48454,51,-0.6576,98,0.36064,123,0.75102,134,0.89763,67,-0.2316,32,-1.3549,51,-0.6589,94,0.30045
ENSG00000115084,SLC35F5,34,0.65178,23,0.01243,26,0.25352,17,-0.4337,26,0.21646,22,-0.0490,14,-0.7008,25,0.15908,11,-1.0622,27,0.31500
ENSG00000115091,ACTR3,65,-0.3430,98,0.32021,77,-0.0764,79,-0.0253,100,0.35260,114,0.56441,95,0.26880,73,-0.1574,53,-0.6484,51,-0.7088
ENSG00000175497,DPP10,20,-2.0925,71,-0.1798,100,0.36749,141,0.95974,84,0.09337,95,0.29968,78,-0.0221,64,-0.3358,84,0.09311,56,-0.5525
ENSG00000235026,DPP10-AS1,2,-2.7854,8,-1.1958,33,1.04430,31,0.96007,13,-0.4591,13,-0.4617,16,-0.1223,13,-0.5004,24,0.52517,21,0.30869
ENSG00000088205,DDX18,44,-0.0571,67,0.65584,55,0.30521,50,0.16307,38,-0.2779,60,0.45031,28,-0.7605,30,-0.6368,58,0.41700,22,-1.0781
ENSG00000125629,INSIG2,18,-1.1546,29,-0.4447,65,0.87793,35,-0.1462,54,0.56392,52,0.50569,27,-0.5171,27,-0.5416,51,0.47402,24,-0.7448
ENSG00000144119,C1QL2,5,-1.9632,5,-1.8038,107,3.74348,0,-4.4089,2,-3.2483,3,-2.6301,4,-2.2051,32,0.98252,10,-0.7881,8,-1.2391
ENSG00000155368,DBI,570,1.65362,261,0.28203,130,-0.8143,146,-0.6410,160,-0.5026,156,-0.5412,140,-0.7000,306,0.54425,108,-1.1040,219,-0.0040
ENSG00000088179,PTPN4,19,-1.6076,69,0.35304,79,0.58065,64,0.22420,60,0.11719,74,0.47014,50,-0.1542,45,-0.3178,54,-0.0541,40,-0.4980
ENSG00000226479,TMEM185B,31,0.92752,16,-0.1181,12,-0.6177,21,0.31712,13,-0.4206,9,-0.9788,15,-0.2354,18,0.04061,22,0.37268,17,-0.0165
ENSG00000144118,RALB,35,-0.6986,52,-0.0605,33,-0.7798,49,-0.1583,51,-0.1111,106,1.11207,61,0.17367,39,-0.5267,68,0.35657,51,-0.1012
ENSG00000074054,CLASP1,47,-0.7053,110,0.66179,99,0.49316,86,0.25133,68,-0.1276,79,0.12594,59,-0.3449,53,-0.5066,58,-0.3746,75,0.03634
ENSG00000155438,NIFK,19,-0.2738,31,0.50432,39,0.92672,42,1.03729,22,-0.0461,9,-1.3686,9,-1.4145,17,-0.4432,22,-0.0291,15,-0.6196
ENSG00000211460,TSN,45,-0.7250,116,0.79916,58,-0.3309,94,0.44313,91,0.39442,56,-0.3873,63,-0.1917,64,-0.1827,64,-0.1819,64,-0.1708
ENSG00000136717,BIN1,515,2.03705,152,-0.1210,140,-0.2560,127,-0.4084,188,0.21437,94,-0.8742,114,-0.5707,73,-1.2551,119,-0.5101,121,-0.4766
ENSG00000163161,ERCC3,24,-0.1516,16,-0.7434,30,0.19295,39,0.63946,37,0.53203,37,0.51336,21,-0.3483,18,-0.5914,25,-0.0899,18,-0.6111
ENSG00000169967,MAP3K2,40,0.90341,17,-0.4622,37,0.76017,16,-0.5793,34,0.61291,20,-0.2252,13,-0.8449,9,-1.3340,18,-0.4181,27,0.24586
ENSG00000163166,IWS1,68,1.47886,39,0.51383,24,-0.2850,22,-0.4204,21,-0.4509,15,-0.9407,22,-0.4195,23,-0.3576,27,-0.1098,25,-0.2282
ENSG00000136709,WDR33,41,-0.1072,39,-0.1855,77,0.93914,40,-0.1184,45,0.05283,43,-0.0121,43,-0.0328,27,-0.7344,32,-0.4940,49,0.19349
ENSG00000144231,POLR2D,18,-0.4261,34,0.58823,25,0.05159,32,0.47663,23,-0.0599,22,-0.1028,21,-0.2242,18,-0.4666,24,0.04192,21,-0.1802
ENSG00000136715,SAP130,26,0.37153,23,0.20857,24,0.25405,26,0.38597,14,-0.5975,17,-0.2432,10,-1.0888,17,-0.3117,18,-0.1836,29,0.57012
ENSG00000136731,UGGT1,19,-0.4101,28,0.22931,21,-0.2093,20,-0.3149,25,0.03002,35,0.57611,21,-0.2091,26,0.11983,9,-1.5364,39,0.79496
ENSG00000136720,HS6ST1,36,-1.7014,119,0.10811,227,1.20912,92,-0.2970,92,-0.2881,59,-0.9895,90,-0.3347,99,-0.1813,164,0.64123,131,0.27327
ENSG00000136699,SMPD4,104,1.73008,35,-0.1303,45,0.26332,28,-0.4994,33,-0.2295,22,-0.8225,27,-0.5256,23,-0.7607,26,-0.6085,39,0.01891
ENSG00000152082,MZT2B,404,0.24514,469,0.49262,346,-0.0027,288,-0.2953,332,-0.0712,448,0.41430,273,-0.3771,286,-0.3061,272,-0.3858,352,0.02111
ENSG00000136710,CCDC115,45,-0.4274,66,0.15645,81,0.49511,58,-0.0359,84,0.56175,76,0.40601,59,-0.0165,31,-1.0101,41,-0.5674,53,-0.1665
ENSG00000136718,IMP4,58,0.18158,66,0.37031,48,-0.1369,32,-0.7397,48,-0.1134,55,0.09084,75,0.59671,35,-0.6000,48,-0.1273,55,0.07693
ENSG00000072135,PTPN18,45,1.44377,11,-0.8114,14,-0.4588,10,-1.0038,12,-0.7776,14,-0.5382,20,0.04297,12,-0.6880,21,0.11375,34,0.92853
ENSG00000178171,AMER3,3,-2.3581,10,-0.7622,30,0.90457,20,0.22392,25,0.56247,18,0.05550,19,0.12432,12,-0.5348,18,0.04331,18,0.05977
ENSG00000136002,ARHGEF4,135,-0.0814,187,0.45232,140,-0.0191,137,-0.0495,150,0.09049,183,0.41722,97,-0.5935,119,-0.2743,124,-0.2083,144,0.02854
ENSG00000152102,FAM168B,130,-0.4109,163,-0.0558,219,0.41835,159,-0.1017,186,0.15138,226,0.46952,139,-0.3081,123,-0.5033,198,0.25449,149,-0.2048
ENSG00000115762,PLEKHB2,82,-1.6902,290,0.25892,201,-0.3254,348,0.55801,311,0.37470,337,0.50754,207,-0.2815,182,-0.4810,301,0.31845,212,-0.2433
ENSG00000173272,MZT2A,162,0.00424,189,0.25290,185,0.22024,151,-0.1054,192,0.27703,185,0.21323,135,-0.2851,132,-0.3195,118,-0.5021,168,0.05938
ENSG00000152127,MGAT5,64,0.24402,69,0.35475,41,-0.4518,87,0.74344,45,-0.3187,70,0.38102,55,-0.0208,30,-0.9410,34,-0.7642,58,0.06783
ENSG00000152128,TMEM163,16,-1.0040,20,-0.6674,20,-0.6863,41,0.41858,28,-0.1893,61,1.08493,26,-0.3279,6,-2.5178,78,1.53470,20,-0.6809
ENSG00000082258,CCNT2,16,-0.7544,41,0.70681,35,0.40830,39,0.59456,25,-0.0839,26,-0.0616,20,-0.4754,19,-0.4941,24,-0.1573,22,-0.2829
ENSG00000115839,RAB3GAP1,33,-1.1581,86,0.32042,98,0.53282,119,0.87474,98,0.53330,76,0.12000,55,-0.3733,46,-0.6535,55,-0.3848,37,-0.9801
ENSG00000048991,R3HDM1,12,-3.3149,74,-0.6297,155,0.55112,150,0.48866,140,0.37965,103,-0.1234,85,-0.4111,95,-0.2509,140,0.37419,155,0.54878
ENSG00000144224,UBXN4,90,0.63669,84,0.53275,41,-0.6167,74,0.31834,52,-0.2559,44,-0.4978,33,-0.9586,68,0.18932,47,-0.3840,74,0.32133
ENSG00000076003,MCM6,17,-0.0891,22,0.32576,17,-0.0826,14,-0.4218,35,1.11562,18,0.00352,7,-1.3063,18,-0.0435,12,-0.5965,20,0.13302
ENSG00000115866,DARS,56,0.15572,100,1.13071,32,-0.7082,43,-0.2579,39,-0.4030,40,-0.3748,37,-0.4844,49,-0.0574,63,0.33786,49,-0.0676
ENSG00000150540,HNMT,27,0.89473,12,-0.3438,13,-0.2090,14,-0.1486,20,0.44749,14,-0.1682,14,-0.0827,20,0.39537,10,-0.6970,9,-0.7663
ENSG00000144228,SPOPL,29,0.73402,19,0.07356,23,0.33181,18,-0.0817,22,0.25123,20,0.11484,16,-0.1802,11,-0.8424,20,0.09480,8,-1.2815
ENSG00000168702,LRP1B,17,-0.3157,37,0.96707,27,0.46115,9,-1.2453,37,0.98553,14,-0.5994,10,-1.0799,26,0.37285,11,-0.8928,17,-0.3277
ENSG00000121964,GTDC1,80,0.82890,38,-0.3915,69,0.57853,51,0.08046,48,-0.0151,23,-1.1556,47,-0.0397,44,-0.1562,46,-0.0629,38,-0.3790
ENSG00000169554,ZEB2,511,2.41664,105,-0.4187,107,-0.3844,101,-0.4847,70,-1.0282,87,-0.7002,100,-0.4965,113,-0.3077,94,-0.5825,80,-0.8312
ENSG00000121989,ACVR2A,2,-3.2410,40,1.13870,12,-0.8224,21,0.06624,29,0.59501,20,-0.0030,15,-0.4309,10,-1.1137,15,-0.4823,38,1.04326
ENSG00000115947,ORC4,23,-1.6239,137,1.18083,75,0.17187,86,0.38977,85,0.37495,58,-0.2391,50,-0.4657,32,-1.1547,86,0.38696,44,-0.6804
ENSG00000204406,MBD5,16,-0.2713,34,0.91263,17,-0.1647,21,0.13288,20,0.08410,17,-0.1666,8,-1.3382,24,0.30869,14,-0.5205,22,0.20495
ENSG00000135999,EPC2,17,-0.6629,30,0.16628,30,0.17356,30,0.20351,30,0.20900,17,-0.6763,18,-0.6193,22,-0.2785,27,0.02974,45,0.84841
ENSG00000168280,KIF5C,426,0.17768,380,-0.0040,387,0.02471,456,0.28916,428,0.18740,437,0.22048,327,-0.2439,297,-0.3925,434,0.20904,240,-0.7259
ENSG00000168288,MMADHC,34,-0.9931,53,-0.3209,85,0.42600,93,0.57860,64,-0.0248,89,0.50902,52,-0.3624,31,-1.1554,70,0.10486,81,0.35532
ENSG00000115963,RND3,0,-7.0885,64,2.39257,19,0.13852,12,-0.5247,7,-1.2998,18,0.04925,10,-0.7493,21,0.35006,11,-0.6468,8,-1.0349
ENSG00000080345,RIF1,48,0.11353,44,-0.0408,60,0.47607,37,-0.3088,44,-0.0473,34,-0.4254,25,-0.8858,47,0.07868,37,-0.3077,73,0.79282
ENSG00000162980,ARL5A,25,-0.5718,63,0.91466,38,0.09998,47,0.42451,25,-0.5674,22,-0.7451,27,-0.4503,45,0.35265,32,-0.2089,37,0.03195
ENSG00000182389,CACNB4,18,-2.5490,109,0.13228,115,0.21954,149,0.64081,92,-0.1357,156,0.71834,73,-0.5006,72,-0.5222,120,0.28159,101,0.00925
ENSG00000115145,STAM2,38,0.53670,41,0.66510,13,-1.1164,26,-0.0600,26,-0.0599,25,-0.1205,24,-0.2185,17,-0.7236,32,0.22551,31,0.18422
ENSG00000157827,FMNL2,330,2.18597,99,0.01786,77,-0.3809,41,-1.3376,36,-1.5366,61,-0.7253,53,-0.9401,98,0.00580,57,-0.8297,126,0.40874
ENSG00000196504,PRPF40A,39,0.60653,31,0.22370,27,0.00837,23,-0.2416,20,-0.4632,14,-0.9329,24,-0.1396,34,0.38221,24,-0.1342,31,0.21749
ENSG00000162989,KCNJ3,12,-3.0544,117,0.32747,147,0.71715,79,-0.2859,111,0.24154,105,0.15992,81,-0.2595,78,-0.3118,128,0.48605,93,-0.0295
ENSG00000115159,GPD2,22,-0.3381,25,-0.1236,33,0.31285,33,0.31870,23,-0.2726,35,0.40512,19,-0.5303,30,0.15521,28,0.04323,24,-0.2234
ENSG00000136541,ERMN,992,5.43698,24,-2.4093,10,-3.6717,24,-2.4215,27,-2.2607,30,-2.0811,26,-2.3001,27,-2.2307,17,-2.8989,17,-2.9213
ENSG00000123612,ACVR1C,8,-1.0143,4,-1.9035,43,1.60878,29,0.89000,5,-1.7494,11,-0.6698,12,-0.4709,22,0.41172,20,0.32317,12,-0.4997
ENSG00000144283,PKP4,691,3.75320,49,-1.3188,49,-1.3117,41,-1.5677,30,-2.0233,51,-1.2501,57,-1.0782,63,-0.9233,61,-0.9833,56,-1.1119
ENSG00000123636,BAZ2B,107,2.30466,25,-0.3023,35,0.25071,11,-1.4515,8,-2.0044,5,-2.5845,18,-0.7733,46,0.72177,14,-1.1850,30,-0.0078
ENSG00000136536,MARCH7,36,-0.1845,43,0.06985,60,0.63569,42,0.03793,42,0.03915,49,0.28802,27,-0.6398,38,-0.1080,38,-0.1255,33,-0.3051
ENSG00000136560,TANK,35,0.51729,28,0.14940,33,0.38246,24,-0.0815,14,-0.9259,27,0.10256,19,-0.4721,30,0.23044,17,-0.5889,29,0.17461
ENSG00000115233,PSMD14,39,-1.0741,109,0.53185,93,0.27086,88,0.18135,117,0.64606,101,0.41291,72,-0.1402,50,-0.7023,71,-0.1498,45,-0.8561
ENSG00000136535,TBR1,32,-1.9523,103,-0.1668,105,-0.1376,176,0.70486,252,1.33717,138,0.30074,132,0.22785,49,-1.3091,116,0.01592,44,-1.4794
ENSG00000144290,SLC4A10,13,-3.7088,192,0.35640,281,1.00473,260,0.86968,156,0.01824,168,0.14104,98,-0.7033,113,-0.4923,166,0.11983,94,-0.7776
ENSG00000115271,GCA,67,0.80486,52,0.37285,40,-0.0561,36,-0.2214,73,0.95745,54,0.45530,25,-0.7878,19,-1.1384,27,-0.6219,17,-1.3210
ENSG00000153253,SCN3A,7,-2.3160,64,0.95642,54,0.64579,23,-0.6939,41,0.21418,29,-0.3307,29,-0.3542,39,0.12766,41,0.21459,33,-0.1563
ENSG00000136531,SCN2A,26,-3.2426,172,-0.4697,443,1.08169,276,0.28113,295,0.39139,241,0.06051,153,-0.6496,200,-0.2370,271,0.25195,243,0.07204
ENSG00000178662,CSRNP3,32,-2.0235,141,0.26205,146,0.31773,146,0.31582,130,0.12427,106,-0.1919,108,-0.1629,88,-0.4784,180,0.66629,122,0.03122
ENSG00000144285,SCN1A,19,-2.3926,59,-0.6910,92,0.00599,138,0.66959,103,0.19278,160,0.92642,102,0.17406,46,-1.0562,102,0.17028,95,0.06349
ENSG00000172318,B3GALT1,6,-1.7814,26,0.39983,16,-0.3897,15,-0.4581,12,-0.7451,23,0.20002,10,-1.0908,26,0.38586,14,-0.5034,54,1.68653
ENSG00000198648,STK39,123,0.41593,129,0.49641,54,-0.8653,114,0.28930,124,0.42463,119,0.36313,107,0.18320,34,-1.5664,78,-0.3217,70,-0.4816
ENSG00000172292,CERS6,17,-2.4282,77,-0.1370,102,0.30894,117,0.54569,116,0.52628,76,-0.1658,78,-0.1213,61,-0.5058,134,0.76599,63,-0.4500
ENSG00000138399,FASTKD1,18,0.21466,21,0.49460,19,0.31547,13,-0.2513,13,-0.2828,22,0.54502,24,0.70890,8,-0.9082,6,-1.4298,11,-0.5356
ENSG00000138398,PPIG,47,-0.3311,59,0.00406,74,0.38198,52,-0.1770,63,0.12430,30,-1.0490,50,-0.2392,85,0.60508,60,0.04459,64,0.15680
ENSG00000213160,KLHL23,12,-0.6028,14,-0.4191,36,1.10913,18,-0.0116,23,0.39099,5,-1.7614,11,-0.7379,21,0.23978,24,0.46254,17,-0.1268
ENSG00000138385,SSB,31,-1.5953,69,-0.3754,114,0.43271,127,0.60384,120,0.51675,96,0.14585,44,-1.0714,70,-0.3583,115,0.44206,90,0.04729
ENSG00000138382,METTL5,20,-1.4411,67,0.42434,70,0.49617,80,0.72009,68,0.45280,32,-0.7331,42,-0.3326,38,-0.4587,48,-0.1063,50,-0.0548
ENSG00000144357,UBR3,32,-1.4825,103,0.29667,141,0.82856,106,0.34531,105,0.32968,82,-0.0666,93,0.13526,53,-0.7358,64,-0.4602,76,-0.1910
ENSG00000128683,GAD1,17,-3.7561,607,1.77729,129,-0.8303,103,-1.1718,48,-2.3162,503,1.41584,138,-0.7259,151,-0.5864,184,-0.2829,317,0.60062
ENSG00000115806,GORASP2,62,0.23354,46,-0.2483,73,0.50835,47,-0.2000,48,-0.1800,68,0.39264,34,-0.7000,28,-0.9880,69,0.41675,60,0.17420
ENSG00000198586,TLK1,32,-1.0851,65,0.01433,85,0.45306,102,0.75924,53,-0.3037,62,-0.0533,62,-0.0428,41,-0.6808,47,-0.4711,92,0.59056
ENSG00000071967,CYBRD1,28,0.42081,38,0.92323,9,-1.3357,9,-1.3475,10,-1.1673,10,-1.2324,24,0.17274,57,1.65397,10,-1.2341,23,0.07395
ENSG00000077380,DYNC1I2,239,1.43924,106,0.04190,86,-0.2761,72,-0.5562,112,0.13620,62,-0.7829,83,-0.3430,96,-0.1134,69,-0.6263,104,0.01915
ENSG00000115840,SLC25A12,25,-1.4047,77,0.33140,75,0.29794,96,0.70107,79,0.37261,92,0.63046,63,0.01408,35,-0.8999,44,-0.5608,40,-0.6946
ENSG00000128708,HAT1,30,0.73536,20,0.08797,21,0.12160,11,-0.8232,13,-0.6288,14,-0.4970,21,0.17439,16,-0.2226,22,0.21618,23,0.27686
ENSG00000144355,DLX1,5,-2.4006,51,0.99572,33,0.27953,11,-1.4100,9,-1.7349,46,0.80956,19,-0.5581,34,0.32886,23,-0.3338,48,0.88326
ENSG00000091428,RAPGEF4,269,1.09185,191,0.49916,77,-0.9377,125,-0.1888,155,0.16098,172,0.32749,124,-0.1914,105,-0.4595,90,-0.6917,96,-0.5959
ENSG00000172845,SP3,35,0.17030,33,0.07221,45,0.57803,14,-1.2744,32,0.03515,45,0.56646,13,-1.3467,24,-0.4179,31,-0.0346,44,0.52779
ENSG00000138430,OLA1,31,-2.2287,138,0.02564,146,0.11945,156,0.22321,177,0.43227,258,1.08104,119,-0.2105,81,-0.8095,137,0.02142,113,-0.2874
ENSG00000138433,CIR1,16,-1.2438,62,0.85506,52,0.54674,23,-0.7362,41,0.16022,34,-0.1349,39,0.07706,39,0.07832,39,0.10843,24,-0.6424
ENSG00000163328,GPR155,17,-1.9403,59,-0.0919,102,0.80743,58,-0.1179,87,0.53027,79,0.37478,44,-0.5598,58,-0.1137,58,-0.1274,64,0.03213
ENSG00000128656,CHN1,160,-3.1774,1003,-0.4333,2248,0.88508,2356,0.96726,1656,0.36813,1417,0.11444,1501,0.20713,765,-0.8519,1313,-0.0084,781,-0.8211
ENSG00000115966,ATF2,36,-1.1496,52,-0.5639,82,0.13613,62,-0.3108,100,0.45997,120,0.76344,56,-0.4504,58,-0.3981,97,0.40641,89,0.27896
ENSG00000154518,ATP5MC3,82,-2.4508,526,0.38154,394,-0.0869,621,0.65876,577,0.53525,527,0.38226,430,0.05143,243,-0.8389,412,-0.0167,349,-0.2805
ENSG00000144320,LNPK,23,-0.8623,58,0.57280,63,0.70800,47,0.21690,41,0.01747,46,0.17008,39,-0.0867,27,-0.6329,33,-0.3422,32,-0.3890
ENSG00000128654,MTX2,49,-0.7001,64,-0.2645,67,-0.1918,120,0.74803,116,0.69332,101,0.45933,72,-0.0815,34,-1.2428,95,0.35572,43,-0.8990
ENSG00000170144,HNRNPA3,204,-0.0413,226,0.12059,198,-0.0853,190,-0.1522,266,0.38618,204,-0.0451,155,-0.4771,173,-0.3056,224,0.10867,255,0.31806
ENSG00000116044,NFE2L2,86,1.36000,40,0.07395,21,-0.9385,44,0.22597,23,-0.7885,34,-0.1797,19,-1.0515,52,0.48679,15,-1.4215,49,0.40648
ENSG00000018510,AGPS,32,0.35405,36,0.55127,21,-0.2685,24,-0.1180,17,-0.6167,23,-0.1217,29,0.20821,21,-0.2749,25,-0.0516,26,0.05353
ENSG00000079156,OSBPL6,11,-1.9845,55,0.38876,52,0.29942,40,-0.1063,22,-0.9989,43,-0.0007,49,0.21846,29,-0.5897,73,0.86970,55,0.39169
ENSG00000180228,PRKRA,33,-0.9091,99,0.82440,73,0.31397,71,0.26992,51,-0.2639,85,0.55392,43,-0.5133,47,-0.4007,62,0.04776,37,-0.7390
ENSG00000116095,PLEKHA3,20,-1.4572,76,0.62327,70,0.47118,60,0.22967,45,-0.2351,58,0.18001,49,-0.0918,34,-0.6593,55,0.09922,53,0.02652
ENSG00000187231,SESTD1,78,1.23775,36,-0.0543,31,-0.2666,40,0.11187,28,-0.4667,32,-0.2487,22,-0.8408,28,-0.4441,28,-0.4674,51,0.49923
ENSG00000144331,ZNF385B,3,-3.3469,56,0.92569,28,-0.2330,38,0.28151,72,1.38098,40,0.35158,19,-0.7986,16,-1.0711,28,-0.1842,19,-0.7589
ENSG00000170035,UBE2E3,47,-1.5894,205,0.72025,108,-0.3130,196,0.64856,189,0.57956,156,0.26543,113,-0.2538,75,-0.8854,108,-0.3152,126,-0.0810
ENSG00000162992,NEUROD1,0,-6.9095,6,-1.3915,72,2.98573,14,-0.1539,4,-2.0337,5,-1.6736,5,-1.7215,21,0.53563,16,0.13056,9,-0.8076
ENSG00000138434,ITPRID2,105,1.59265,52,0.34613,58,0.54952,30,-0.4919,20,-1.1279,22,-0.9714,23,-0.8982,30,-0.4848,30,-0.5074,45,0.12113
ENSG00000115252,PDE1A,36,-0.6137,34,-0.6914,59,0.15758,50,-0.1026,150,1.80179,82,0.70049,37,-0.5815,25,-1.1402,31,-0.8276,30,-0.9137
ENSG00000077232,DNAJC10,31,-0.5154,61,0.53408,70,0.77311,34,-0.4001,52,0.28503,47,0.12678,18,-1.3350,49,0.17530,40,-0.1236,34,-0.3852
ENSG00000162998,FRZB,15,-0.3447,22,0.25793,26,0.55290,16,-0.2045,6,-1.7242,6,-1.5821,3,-2.5160,26,0.54228,5,-2.0357,61,2.08998
ENSG00000061676,NCKAP1,75,-2.2283,319,-0.0360,552,0.87506,408,0.36469,314,-0.0609,401,0.33618,240,-0.4835,206,-0.7162,389,0.28387,356,0.14208
ENSG00000065548,ZC3H15,11,-3.5061,138,0.28599,144,0.35539,108,-0.1140,181,0.73347,123,0.10149,127,0.14367,74,-0.7056,142,0.32889,110,-0.0749
ENSG00000138448,ITGAV,113,0.46543,64,-0.4435,101,0.28839,62,-0.4798,33,-1.4315,52,-0.7639,51,-0.7933,143,0.87107,95,0.18063,132,0.73652
ENSG00000144369,FAM171B,42,-1.9527,129,-0.2732,231,0.67501,142,-0.1156,116,-0.4363,110,-0.5170,105,-0.5883,223,0.62018,161,0.08749,269,0.94285
ENSG00000144366,GULP1,2,-3.2643,8,-1.2200,32,1.00936,16,-0.1114,17,-0.0674,32,1.00456,12,-0.5600,13,-0.4312,32,0.99579,10,-0.7682
ENSG00000204262,COL5A2,5,-3.0412,11,-2.0494,28,-0.6778,134,1.96897,35,-0.3578,49,0.16802,36,-0.3168,23,-0.9979,64,0.60075,54,0.33470
ENSG00000115368,WDR75,17,-0.2597,34,0.87346,20,0.04126,19,-0.0847,21,0.12647,15,-0.3937,19,-0.0773,10,-0.9751,24,0.32356,18,-0.1415
ENSG00000138381,ASNSD1,16,-1.0816,27,-0.3051,30,-0.1417,48,0.62404,33,0.03108,43,0.46348,19,-0.8093,30,-0.1014,61,1.05602,17,-0.9620
ENSG00000128699,ORMDL1,41,-0.2137,43,-0.1502,78,0.83939,66,0.55346,53,0.19205,44,-0.0802,21,-1.1916,43,-0.1414,26,-0.8971,53,0.20549
ENSG00000198130,HIBCH,41,0.97563,30,0.41878,19,-0.3138,15,-0.6359,30,0.45974,10,-1.2520,19,-0.2600,23,0.01490,17,-0.4102,23,0.03879
ENSG00000151689,INPP1,103,1.69162,44,0.19940,32,-0.2819,24,-0.7422,29,-0.4289,27,-0.5391,36,-0.0930,19,-1.0739,35,-0.1325,36,-0.1169
ENSG00000151690,MFSD6,107,-0.1110,110,-0.0669,123,0.10847,171,0.64912,170,0.64269,92,-0.3447,83,-0.5120,61,-0.9710,122,0.09478,109,-0.0789
ENSG00000138386,NAB1,51,0.99524,51,0.98080,21,-0.4815,23,-0.3478,26,-0.1031,23,-0.3184,21,-0.4621,18,-0.7260,21,-0.4598,27,-0.0498
ENSG00000115419,GLS,42,-2.6118,218,-0.1425,370,0.72415,319,0.47372,358,0.66948,319,0.47615,147,-0.7576,140,-0.8278,235,-0.0193,235,-0.0240
ENSG00000115415,STAT1,36,-0.8755,83,0.42983,78,0.32332,77,0.30592,78,0.32974,71,0.17456,72,0.18838,51,-0.3447,50,-0.3717,41,-0.7003
ENSG00000138378,STAT4,0,-8.0009,32,-0.0100,64,1.13578,50,0.70187,21,-0.6440,42,0.40605,20,-0.7721,19,-0.7854,59,1.00645,17,-1.0172
ENSG00000128641,MYO1B,4,-2.6763,25,0.01565,53,1.28185,19,-0.3728,8,-1.6854,26,0.08602,20,-0.3004,24,-0.0390,23,-0.1271,44,0.96882
ENSG00000144339,TMEFF2,87,0.37104,118,0.87366,66,-0.0697,77,0.16659,115,0.83267,90,0.42667,32,-1.2024,37,-0.9742,37,-0.9530,34,-1.0907
ENSG00000196950,SLC39A10,25,-3.6407,236,-0.3083,343,0.28677,520,0.99349,390,0.50010,382,0.46606,240,-0.2809,142,-1.0873,344,0.29520,247,-0.2400
ENSG00000138411,HECW2,36,0.61861,19,-0.3868,39,0.73185,17,-0.6014,33,0.46157,11,-1.2018,22,-0.1819,21,-0.2242,29,0.25255,20,-0.3500
ENSG00000119041,GTF3C3,7,-1.5489,34,0.78619,40,1.08106,22,0.08134,28,0.45906,26,0.37958,16,-0.4482,14,-0.6015,17,-0.3411,5,-2.1682
ENSG00000197121,PGAP1,19,-1.2900,56,0.34466,68,0.65209,39,-0.2441,71,0.73489,51,0.18467,40,-0.1926,40,-0.1984,20,-1.2274,49,0.12527
ENSG00000115524,SF3B1,123,0.38557,114,0.26692,107,0.17159,78,-0.3469,125,0.41357,68,-0.5600,85,-0.2109,67,-0.5659,95,-0.0228,105,0.13526
ENSG00000115520,COQ10B,10,-2.4495,37,-0.5423,66,0.37898,77,0.62514,56,0.12048,119,1.40434,38,-0.4805,38,-0.5148,48,-0.1478,34,-0.6877
ENSG00000144381,HSPD1,156,0.14123,195,0.50592,132,-0.1317,193,0.48730,157,0.15109,142,-0.0100,141,-0.0274,107,-0.4498,114,-0.3644,94,-0.6639
ENSG00000115541,HSPE1,185,-0.1020,260,0.44803,180,-0.1507,222,0.18383,183,-0.1216,300,0.68538,162,-0.3169,145,-0.4922,163,-0.3078,177,-0.1715
ENSG00000115540,MOB4,17,-2.2703,79,0.06163,87,0.20099,74,-0.0505,119,0.72622,118,0.71530,59,-0.4042,59,-0.4099,78,0.03926,74,-0.0525
ENSG00000162944,RFTN2,76,2.20479,12,-0.8692,12,-0.9421,10,-1.1159,8,-1.5584,6,-2.0012,17,-0.3947,42,1.08665,9,-1.3652,28,0.38811
ENSG00000115896,PLCL1,84,1.60966,18,-0.9311,28,-0.2672,45,0.51763,31,-0.0690,21,-0.7206,28,-0.2338,11,-1.7029,44,0.48643,19,-0.8785
ENSG00000119042,SATB2,8,-3.3087,88,0.15815,111,0.53988,97,0.31683,85,0.10764,104,0.42719,99,0.35038,32,-1.3993,119,0.65422,54,-0.6132
ENSG00000225953,SATB2-AS1,0,-7.3990,27,0.28837,34,0.66988,35,0.73348,29,0.39823,19,-0.2548,9,-1.4050,7,-1.6428,35,0.71389,30,0.45297
ENSG00000178074,C2orf69,17,-1.4266,33,-0.3870,52,0.30598,51,0.27153,53,0.34344,55,0.40597,38,-0.1739,48,0.19255,57,0.47785,23,-0.9400
ENSG00000162972,MAIP1,2,-3.0522,22,0.29738,23,0.32233,22,0.29990,30,0.77449,28,0.65642,16,-0.2053,13,-0.5286,9,-1.0372,19,0.07565
ENSG00000196141,SPATS2L,22,-2.0468,130,0.71733,101,0.30118,103,0.33578,70,-0.2942,64,-0.4304,75,-0.1689,54,-0.6878,106,0.37713,114,0.50400
ENSG00000082153,BZW1,99,-0.1176,150,0.55686,120,0.19229,80,-0.4535,118,0.16732,132,0.34292,99,-0.1192,64,-0.7883,113,0.09708,90,-0.2583
ENSG00000013441,CLK1,203,2.24255,66,0.20478,72,0.34124,33,-0.8610,47,-0.3587,33,-0.8860,21,-1.5246,50,-0.2363,20,-1.5959,38,-0.6634
ENSG00000196290,NIF3L1,12,-1.1026,37,0.69437,30,0.31535,25,0.03194,28,0.25748,37,0.66588,16,-0.6579,15,-0.6868,20,-0.2649,22,-0.1188
ENSG00000155744,FAM126B,20,-1.8373,74,0.12562,72,0.08377,83,0.30733,82,0.27586,86,0.36125,54,-0.3823,50,-0.4915,79,0.22638,86,0.36539
ENSG00000119013,NDUFB3,54,-1.4216,167,0.33097,141,0.05671,194,0.58207,163,0.29171,195,0.59037,102,-0.4497,105,-0.4045,128,-0.0917,110,-0.3301
ENSG00000115993,TRAK2,142,1.71725,35,-0.6366,33,-0.7381,57,0.12388,41,-0.4033,56,0.08152,46,-0.2295,51,-0.0685,29,-0.9219,39,-0.4587
ENSG00000082146,STRADB,23,0.39824,16,-0.2170,12,-0.6504,29,0.76649,9,-0.9706,23,0.36653,23,0.38088,8,-1.1397,19,0.09729,18,0.00560
ENSG00000155755,TMEM237,19,-0.8182,48,0.64184,35,0.13539,40,0.36434,39,0.31666,48,0.66047,25,-0.3716,20,-0.7160,29,-0.1473,17,-0.9468
ENSG00000003393,ALS2,23,-0.7760,35,-0.0888,38,0.04026,72,1.08827,29,-0.4199,66,0.93144,18,-1.1226,25,-0.6250,39,0.06113,30,-0.3601
ENSG00000116030,SUMO1,78,-0.9518,154,0.10559,146,0.02488,138,-0.0698,173,0.30091,193,0.47710,88,-0.7584,98,-0.6063,206,0.58456,165,0.22287
ENSG00000055044,NOP58,13,-1.6571,32,-0.3063,44,0.20143,44,0.20573,44,0.17705,43,0.14305,20,-1.0428,39,-0.0046,68,0.91251,44,0.18159
ENSG00000204217,BMPR2,38,-2.1230,221,0.58126,143,-0.1280,214,0.53068,158,0.03537,226,0.61647,133,-0.2368,120,-0.3980,142,-0.1344,152,-0.0265
ENSG00000138439,FAM117B,6,-2.1580,46,1.03234,30,0.31117,36,0.63396,19,-0.4332,32,0.41102,28,0.20757,15,-0.7442,21,-0.2785,14,-0.8589
ENSG00000163596,ICA1L,18,-1.0591,57,0.73609,69,1.05467,39,0.11026,32,-0.2275,31,-0.2527,32,-0.2214,25,-0.5927,34,-0.1214,28,-0.3869
ENSG00000138442,WDR12,5,-2.1769,32,0.52978,39,0.88403,26,0.18798,18,-0.3772,28,0.31699,15,-0.6831,15,-0.6375,19,-0.2603,32,0.53415
ENSG00000138443,ABI2,88,-1.1242,203,0.17614,342,1.05394,135,-0.4740,206,0.19682,173,-0.0823,135,-0.4728,146,-0.3500,224,0.33645,170,-0.1131
ENSG00000173166,RAPH1,9,-1.9208,18,-0.9508,76,1.35606,41,0.30553,50,0.61201,30,-0.2203,18,-1.0003,27,-0.3340,49,0.59190,22,-0.6613
ENSG00000023228,NDUFS1,73,-1.1375,151,-0.0103,157,0.05401,217,0.58269,155,0.03528,181,0.28005,131,-0.2298,108,-0.5381,205,0.49128,141,-0.1214
ENSG00000114942,EEF1B2,632,1.37046,257,-0.1517,257,-0.1516,211,-0.4598,210,-0.4701,294,0.06022,280,-0.0177,169,-0.8018,205,-0.5056,313,0.16478
ENSG00000204186,ZDBF2,4,-3.0878,46,0.62643,43,0.53822,28,-0.1698,42,0.50037,45,0.60287,21,-0.5954,31,0.01091,20,-0.6831,30,-0.0365
ENSG00000114948,ADAM23,13,-2.8588,81,-0.1164,117,0.47759,156,0.97116,117,0.48327,121,0.53441,75,-0.2366,42,-1.1375,75,-0.2272,74,-0.2564
ENSG00000118246,FASTKD2,26,-0.1646,24,-0.3221,38,0.44357,25,-0.2265,41,0.55810,19,-0.6881,16,-0.8855,33,0.20447,41,0.56834,27,-0.1089
ENSG00000118263,KLF7,9,-1.2858,14,-0.5950,13,-0.7554,28,0.49736,30,0.61606,18,-0.2300,23,0.19463,17,-0.3413,20,-0.0558,35,0.86693
ENSG00000118260,CREB1,19,-0.6689,61,1.20924,33,0.16717,19,-0.6721,34,0.19478,27,-0.1586,19,-0.6540,22,-0.4872,35,0.26004,28,-0.0990
ENSG00000144401,METTL21A,11,-0.9448,16,-0.3678,28,0.54447,37,0.98663,23,0.21663,25,0.34411,13,-0.7082,10,-1.0446,14,-0.5445,25,0.33227
ENSG00000178385,PLEKHM3,22,-0.7336,48,0.51351,34,-0.0606,28,-0.3588,44,0.37440,35,-0.0048,47,0.46477,13,-1.4820,57,0.79386,23,-0.6501
ENSG00000188674,C2orf80,7,-3.4191,51,-0.5093,124,0.92540,99,0.54856,66,-0.1201,94,0.45179,41,-0.8490,66,-0.1199,84,0.27574,77,0.14136
ENSG00000138413,IDH1,22,0.35646,24,0.49009,20,0.23072,11,-0.6634,13,-0.4515,12,-0.5744,15,-0.2712,12,-0.5799,12,-0.6150,34,1.11394
ENSG00000115020,PIKFYVE,22,-0.3798,34,0.30167,38,0.47832,28,-0.0217,33,0.25397,27,-0.0561,22,-0.3832,32,0.20230,24,-0.2868,22,-0.3674
ENSG00000078018,MAP2,194,-1.7653,757,0.34155,508,-0.2975,456,-0.4682,501,-0.3206,609,-0.0109,831,0.49738,915,0.65907,710,0.23756,650,0.09355
ENSG00000144406,UNC80,31,-1.0700,82,0.44561,98,0.73673,64,0.03981,77,0.33447,75,0.29177,46,-0.4825,51,-0.3137,50,-0.3512,51,-0.3321
ENSG00000197713,RPE,16,-0.6194,32,0.51394,15,-0.6683,20,-0.2534,33,0.53246,21,-0.1412,18,-0.3734,23,-0.0555,45,1.08378,11,-1.1142
ENSG00000115365,LANCL1,228,0.20158,249,0.34551,168,-0.2842,244,0.31483,197,-0.0328,285,0.57417,130,-0.6776,109,-0.9521,216,0.11378,184,-0.1426
ENSG00000178568,ERBB4,7,-3.1116,141,1.51687,48,-0.2962,30,-1.0209,14,-2.0948,48,-0.2970,38,-0.6788,69,0.28729,57,-0.0229,128,1.34390
ENSG00000144451,SPAG16,92,1.93868,31,0.03289,31,0.03864,26,-0.2558,27,-0.1811,9,-1.7797,20,-0.6609,27,-0.2027,17,-0.9075,25,-0.3259
ENSG00000138363,ATIC,36,-0.2592,35,-0.3213,50,0.23162,43,-0.0066,41,-0.0643,45,0.08045,50,0.23226,33,-0.3934,42,-0.0526,55,0.38888
ENSG00000115414,FN1,49,0.44858,57,0.69786,16,-1.2654,12,-1.6598,11,-1.8105,14,-1.4883,33,-0.1812,56,0.65982,23,-0.7430,101,1.71921
ENSG00000079246,XRCC5,59,-0.9164,154,0.59227,136,0.38521,97,-0.1550,157,0.62334,100,-0.1109,84,-0.3890,98,-0.1371,104,-0.0398,82,-0.4233
ENSG00000260804,LINC01963,39,-0.3167,39,-0.3238,48,0.00781,52,0.14080,59,0.33896,80,0.86298,42,-0.2138,35,-0.4630,62,0.41700,21,-1.2577
ENSG00000197756,RPL37A,3967,1.59142,1612,0.03130,1096,-0.5769,978,-0.7533,946,-0.8042,1255,-0.3665,1373,-0.2246,1437,-0.1529,1253,-0.3681,1896,0.29423
ENSG00000115457,IGFBP2,4,-2.2031,32,0.81597,16,-0.2654,42,1.27038,9,-1.0913,24,0.35725,20,0.01611,4,-2.3622,19,-0.0324,24,0.32967
ENSG00000115461,IGFBP5,220,2.70504,17,-1.6536,103,1.13598,13,-2.0350,4,-3.6007,7,-2.9286,10,-2.4796,74,0.56739,21,-1.3750,51,-0.0378
ENSG00000163466,ARPC2,67,-1.2096,171,0.24124,178,0.30479,209,0.57216,132,-0.1700,183,0.34992,85,-0.8634,124,-0.2750,179,0.31506,145,-0.0228
ENSG00000127837,AAMP,98,0.25646,68,-0.3402,97,0.22735,76,-0.1601,120,0.57897,84,0.00331,85,0.01740,58,-0.5878,89,0.08782,66,-0.3833
ENSG00000127838,PNKD,140,-0.1336,99,-0.6656,150,-0.0256,187,0.33908,187,0.33960,192,0.38106,129,-0.2551,120,-0.3680,128,-0.2659,186,0.32563
ENSG00000135926,TMBIM1,94,2.14497,36,0.39317,11,-1.4333,13,-1.1274,7,-2.0911,9,-1.7278,22,-0.3480,41,0.60733,9,-1.7240,39,0.54846
ENSG00000144579,CTDSP1,60,2.17195,12,-0.6345,3,-2.5385,5,-1.8292,11,-0.6581,7,-1.2851,20,0.20011,16,-0.1091,5,-1.8498,37,1.21106
ENSG00000144580,CNOT9,30,-0.0731,45,0.54711,26,-0.3001,41,0.38440,32,0.01270,33,0.05034,21,-0.6284,28,-0.1906,34,0.08704,29,-0.1671
ENSG00000074582,BCS1L,16,-0.3526,32,0.74838,19,-0.1063,23,0.21588,21,0.08244,15,-0.4292,23,0.22637,13,-0.6774,19,-0.0930,20,-0.0166
ENSG00000163481,RNF25,29,0.78166,24,0.43756,12,-0.6417,15,-0.3367,10,-0.8321,13,-0.5168,13,-0.4567,10,-0.9392,30,0.80330,25,0.53420
ENSG00000171450,CDK5R2,37,-1.6348,95,-0.2069,106,-0.0299,106,-0.0214,123,0.20528,167,0.71369,120,0.17696,110,0.02805,138,0.39683,78,-0.5146
ENSG00000115649,CNPPD1,22,-0.1771,29,0.20776,27,0.08991,25,0.02044,19,-0.3955,23,-0.1125,24,-0.0535,21,-0.2392,28,0.19196,31,0.34010
ENSG00000144567,RETREG2,69,-1.7845,234,0.08418,259,0.25421,260,0.25589,263,0.27511,270,0.32234,209,-0.0948,155,-0.5580,284,0.40444,213,-0.0634
ENSG00000158552,ZFAND2B,41,0.60947,35,0.35040,43,0.69456,27,-0.0743,39,0.52971,13,-1.1822,25,-0.1731,20,-0.5366,17,-0.7497,21,-0.4472
ENSG00000115657,ABCB6,32,0.04670,39,0.36747,31,-0.0026,33,0.11587,42,0.51482,35,0.22950,10,-1.6984,31,0.03312,20,-0.6578,34,0.17025
ENSG00000198925,ATG9A,53,-0.7091,90,0.11394,122,0.62005,108,0.41854,84,0.00228,95,0.20400,53,-0.7081,57,-0.5977,104,0.35889,70,-0.2873
ENSG00000115661,STK16,32,0.73349,8,-1.4640,22,0.13951,33,0.81953,19,-0.1139,20,-0.0451,22,0.11961,15,-0.4143,24,0.24156,8,-1.3688
ENSG00000127824,TUBA4A,86,-2.1039,321,-0.1104,375,0.13871,479,0.54181,716,1.24282,530,0.71314,287,-0.2869,167,-1.1155,268,-0.3920,208,-0.7830
ENSG00000135924,DNAJB2,405,1.99381,83,-0.7224,116,-0.1992,125,-0.0805,88,-0.6306,104,-0.3689,84,-0.7089,125,-0.0875,78,-0.8235,110,-0.2914
ENSG00000054356,PTPRN,65,-2.3623,214,-0.5863,354,0.21108,348,0.18127,433,0.54362,624,1.17577,320,0.04743,191,-0.7611,301,-0.0522,257,-0.3006
ENSG00000072195,SPEG,25,0.29231,16,-0.4677,21,-0.0097,15,-0.4967,35,0.83876,26,0.34345,13,-0.7552,20,-0.0868,13,-0.7756,27,0.38503
ENSG00000123989,CHPF,71,-0.0595,67,-0.1556,75,0.01424,100,0.48019,61,-0.2960,48,-0.6760,79,0.09998,68,-0.1336,82,0.16081,90,0.30898
ENSG00000188760,TMEM198,6,-1.9967,20,-0.1274,38,0.93354,20,-0.1684,26,0.28742,19,-0.1943,29,0.48126,13,-0.7867,26,0.28820,20,-0.1095
ENSG00000124006,OBSL1,62,0.20534,70,0.40891,46,-0.2714,52,-0.0640,34,-0.7197,62,0.22108,64,0.25371,28,-1.0279,42,-0.4041,84,0.70707
ENSG00000114923,SLC4A3,18,-1.7607,85,0.61738,62,0.10348,81,0.54331,38,-0.6483,71,0.32213,46,-0.3707,36,-0.7285,76,0.41881,68,0.25617
ENSG00000116106,EPHA4,7,-4.5792,107,-0.5549,226,0.64871,319,1.24774,181,0.28138,183,0.29132,110,-0.5063,112,-0.4865,195,0.39831,84,-0.9189
ENSG00000163082,SGPP2,5,-2.5264,25,-0.1558,31,0.19957,40,0.61152,23,-0.3091,37,0.48212,25,-0.1645,21,-0.4579,31,0.20414,38,0.51421
ENSG00000116120,FARSB,43,-0.3435,48,-0.1919,44,-0.3206,86,0.76803,81,0.66668,76,0.54908,42,-0.4018,42,-0.4106,44,-0.3311,35,-0.6912
ENSG00000123983,ACSL3,52,-1.9753,274,0.60030,204,0.11312,228,0.29422,203,0.10333,202,0.09424,158,-0.2879,172,-0.1562,231,0.31660,176,-0.1183
ENSG00000171951,SCG2,56,-2.4485,413,0.63212,326,0.24082,222,-0.3709,322,0.22259,397,0.56616,191,-0.6016,221,-0.3758,341,0.31408,319,0.20388
ENSG00000085449,WDFY1,18,-1.0466,73,1.18127,30,-0.2768,44,0.29536,32,-0.2161,27,-0.4848,45,0.35678,24,-0.6295,37,0.03314,32,-0.1823
ENSG00000135900,MRPL44,22,-0.9156,38,-0.0574,50,0.35681,78,1.12678,48,0.28792,28,-0.5224,31,-0.4003,43,0.12759,37,-0.0926,22,-0.8899
ENSG00000135919,SERPINE2,63,-1.6880,105,-0.9167,594,2.03825,115,-0.7763,68,-1.5754,92,-1.1165,102,-0.9650,327,0.90681,221,0.24865,207,0.14226
ENSG00000036257,CUL3,44,-0.9370,87,0.13005,93,0.24431,95,0.27456,101,0.37363,110,0.51578,48,-0.7823,58,-0.5158,86,0.10787,79,-0.0111
ENSG00000135905,DOCK10,131,3.40396,24,-0.0009,5,-2.3052,2,-3.1578,6,-2.1194,4,-2.4383,11,-1.1064,31,0.41960,7,-1.8157,17,-0.5347
ENSG00000169047,IRS1,0,-7.0343,17,0.08275,23,0.52786,20,0.35028,14,-0.2035,19,0.26888,19,0.22981,11,-0.6489,12,-0.5051,28,0.89866
ENSG00000168958,MFF,73,-0.6172,105,-0.0557,90,-0.2937,171,0.74669,116,0.10299,165,0.68586,95,-0.2150,78,-0.5084,97,-0.1718,95,-0.2071
ENSG00000173744,AGFG1,49,-0.4235,68,0.08482,84,0.42798,82,0.39150,56,-0.2210,68,0.07832,30,-1.1867,47,-0.4891,68,0.09307,92,0.58608
ENSG00000153820,SPHKAP,12,-0.7809,23,0.19565,2,-3.1544,31,0.72433,62,1.97287,30,0.67394,19,-0.1007,7,-1.6168,5,-1.9146,9,-1.1655
ENSG00000153823,PID1,22,-0.6412,70,1.21756,17,-1.0436,24,-0.5345,63,1.02942,45,0.45423,38,0.21029,12,-1.5508,29,-0.2379,17,-1.0113
ENSG00000187957,DNER,286,0.57314,489,1.52509,123,-0.7701,103,-1.0410,133,-0.6458,186,-0.1223,118,-0.8352,167,-0.2966,140,-0.5664,268,0.46716
ENSG00000153827,TRIP12,77,0.15440,66,-0.0955,91,0.41893,76,0.13875,88,0.37069,67,-0.0647,48,-0.5900,66,-0.0959,51,-0.4981,70,-0.0010
ENSG00000163053,SLC16A14,13,-1.1243,31,0.21835,39,0.56770,26,-0.0869,25,-0.1529,42,0.71399,27,-0.0182,24,-0.2228,20,-0.4459,26,-0.0870
ENSG00000135932,CAB39,98,-0.5800,122,-0.2455,149,0.07507,178,0.35601,215,0.67500,205,0.59620,107,-0.4478,76,-0.9677,154,0.12066,120,-0.2678
ENSG00000135916,ITM2C,559,-0.2844,828,0.34559,759,0.20383,614,-0.1366,438,-0.6656,694,0.05793,583,-0.2185,818,0.32620,509,-0.4326,889,0.46286
ENSG00000204128,C2orf72,57,0.49987,27,-0.6993,64,0.68877,45,0.10962,41,-0.0317,38,-0.1391,29,-0.5860,50,0.29526,26,-0.7411,42,0.00489
ENSG00000173692,PSMD1,67,-1.0462,126,-0.0633,154,0.26891,140,0.11039,171,0.43412,161,0.33328,134,0.03672,123,-0.1021,119,-0.1433,113,-0.2251
ENSG00000115053,NCL,351,0.81407,237,0.15840,178,-0.2956,306,0.58298,173,-0.3416,189,-0.2004,162,-0.4414,199,-0.1204,175,-0.3181,175,-0.3230
ENSG00000187514,PTMA,1618,1.49931,888,0.44354,485,-0.5253,489,-0.5100,490,-0.5070,584,-0.2338,402,-0.8156,578,-0.2491,531,-0.3841,700,0.05494
ENSG00000156973,PDE6D,36,0.23634,43,0.52842,41,0.43565,36,0.25316,27,-0.2084,24,-0.4028,12,-1.4520,19,-0.7127,31,0.01539,40,0.42511
ENSG00000144524,COPS7B,40,0.32521,36,0.16568,46,0.57147,48,0.63438,32,-0.0306,28,-0.2126,27,-0.2753,21,-0.7004,18,-0.9089,29,-0.1925
ENSG00000135930,EIF4E2,45,-0.1311,59,0.30714,62,0.38450,33,-0.5909,37,-0.4342,58,0.29503,32,-0.6358,28,-0.8501,85,0.92194,47,-0.0486
ENSG00000115468,EFHD1,403,3.27456,48,-0.7510,24,-1.7975,25,-1.7278,19,-2.1370,26,-1.6419,58,-0.4503,69,-0.1708,35,-1.2330,67,-0.2157
ENSG00000204120,GIGYF2,26,-0.1957,39,0.44820,27,-0.1323,41,0.55717,30,0.05169,12,-1.3310,30,0.06509,20,-0.5820,27,-0.1118,40,0.49438
ENSG00000182600,SNORC,382,1.99014,136,0.14070,59,-1.1457,42,-1.6708,36,-1.8989,49,-1.4371,64,-1.0189,248,1.16307,52,-1.3377,176,0.56794
ENSG00000066248,NGEF,32,-3.0537,203,-0.2842,587,1.51883,307,0.38204,260,0.10644,187,-0.4116,133,-0.9370,165,-0.6067,314,0.41692,241,-0.0122
ENSG00000085978,ATG16L1,18,-0.6028,25,-0.0940,39,0.64846,28,0.10342,35,0.46731,42,0.76510,26,-0.0422,6,-2.0880,23,-0.1908,21,-0.3732
ENSG00000077044,DGKD,32,0.75320,22,0.13911,16,-0.3688,19,-0.0881,10,-1.0195,32,0.73833,17,-0.2123,23,0.23553,9,-1.2537,21,0.05259
ENSG00000188042,ARL4C,3,-4.6906,125,0.65205,79,-0.0942,42,-1.0658,66,-0.3916,103,0.33486,65,-0.3964,87,0.04801,107,0.38951,163,1.11024
ENSG00000157985,AGAP1,145,1.25522,50,-0.5148,79,0.21741,52,-0.4461,46,-0.6158,56,-0.3326,53,-0.4115,94,0.49652,72,0.06926,43,-0.7316
ENSG00000132321,IQCA1,20,0.16051,13,-0.5150,20,0.17332,12,-0.6670,7,-1.4175,20,0.15654,15,-0.3178,24,0.43849,17,-0.1224,34,1.03241
ENSG00000198612,COPS8,29,-2.2651,172,0.44272,150,0.21712,197,0.66211,165,0.36945,133,0.02620,96,-0.4957,74,-0.8857,178,0.49267,118,-0.1652
ENSG00000124831,LRRFIP1,13,-1.9707,50,-0.0010,81,0.79084,49,-0.0414,64,0.38037,46,-0.1454,44,-0.1953,39,-0.3963,72,0.57588,44,-0.2074
ENSG00000132329,RAMP1,164,0.65807,99,-0.1683,133,0.30819,86,-0.3966,84,-0.4323,96,-0.2148,86,-0.3814,141,0.40000,92,-0.2754,119,0.12531
ENSG00000184182,UBE2F,34,-0.3265,48,0.20234,33,-0.3983,75,0.93635,58,0.51156,44,0.07012,29,-0.5746,29,-0.6039,33,-0.4005,41,-0.0691
ENSG00000132323,ILKAP,65,0.78958,37,-0.1446,33,-0.3216,31,-0.4064,47,0.23260,39,-0.0469,27,-0.6363,19,-1.1075,34,-0.2802,71,0.94674
ENSG00000144485,HES6,95,1.42316,37,-0.1780,13,-1.7433,35,-0.2481,35,-0.2361,53,0.41301,50,0.32682,27,-0.6484,15,-1.4977,50,0.32118
ENSG00000132326,PER2,1,-4.6448,56,0.99977,43,0.54401,16,-1.0234,29,-0.1032,34,0.18068,14,-1.1814,24,-0.3600,62,1.18074,27,-0.1790
ENSG00000204104,TRAF3IP1,3,-2.4131,30,0.76061,21,0.15915,13,-0.5788,27,0.57291,20,0.09540,10,-0.9998,29,0.69580,18,-0.0117,17,-0.1830
ENSG00000065802,ASB1,44,1.02925,23,-0.0590,21,-0.1765,21,-0.2141,19,-0.3311,42,0.92397,24,-0.0023,17,-0.5129,13,-0.9134,14,-0.8310
ENSG00000068024,HDAC4,55,0.73947,27,-0.3892,53,0.66733,32,-0.1172,37,0.08905,39,0.16136,32,-0.1256,29,-0.3029,16,-1.2250,30,-0.2444
ENSG00000130414,NDUFA10,143,-0.1150,151,-0.0350,132,-0.2417,191,0.34708,234,0.68270,154,-0.0021,133,-0.2301,125,-0.3262,121,-0.3791,157,0.02427
ENSG00000172428,COPS9,337,-0.3694,451,0.09305,519,0.31971,468,0.15217,310,-0.5013,457,0.11279,428,0.01016,352,-0.3005,475,0.17721,460,0.12561
ENSG00000063660,GPC1,92,-0.0131,134,0.58714,109,0.25694,113,0.30425,89,-0.0815,67,-0.5170,59,-0.7110,102,0.14640,74,-0.3676,94,0.00771
ENSG00000188542,DUSP28,21,0.26114,17,-0.0834,22,0.35892,18,-0.0207,28,0.74362,20,0.17642,8,-1.2132,13,-0.5282,18,-0.0081,14,-0.3739
ENSG00000142327,RNPEPL1,45,1.47397,12,-0.6540,11,-0.8456,13,-0.6155,13,-0.5716,19,-0.0109,9,-1.1527,21,0.18967,12,-0.6889,34,0.97177
ENSG00000142330,CAPN10,29,0.91591,12,-0.4868,22,0.46105,20,0.27308,16,-0.0644,25,0.64765,8,-1.0477,12,-0.5517,6,-1.4565,16,-0.0402
ENSG00000130294,KIF1A,463,0.22112,386,-0.0736,388,-0.0621,336,-0.2896,461,0.21540,500,0.34599,409,0.02045,320,-0.3675,401,-0.0097,373,-0.1271
ENSG00000122085,MTERF4,25,-0.3093,52,0.88218,36,0.30118,20,-0.6311,49,0.78594,18,-0.7976,18,-0.8329,24,-0.3387,19,-0.7195,42,0.51258
ENSG00000115685,PPP1R7,53,-1.4647,104,-0.4284,180,0.44989,216,0.75535,151,0.15687,180,0.44490,111,-0.3260,82,-0.8038,111,-0.3302,180,0.44355
ENSG00000115677,HDLBP,112,-0.2367,133,0.02928,134,0.04500,83,-0.6993,199,0.69244,136,0.06511,107,-0.3189,117,-0.1755,174,0.46409,110,-0.2679
ENSG00000168385,SEPTIN2,360,1.97654,113,-0.0705,68,-0.8602,47,-1.4287,79,-0.6335,78,-0.6506,82,-0.5780,151,0.39592,77,-0.6735,127,0.12207
ENSG00000115694,STK25,105,-0.2500,157,0.40310,135,0.15297,195,0.76490,97,-0.3635,118,-0.0560,69,-0.8974,74,-0.7943,143,0.24589,133,0.13434
ENSG00000176720,BOK,304,4.06693,14,-1.8036,15,-1.7422,15,-1.6773,35,-0.4352,38,-0.2998,9,-2.3695,18,-1.4266,5,-3.1142,9,-2.3949
ENSG00000176946,THAP4,35,-0.0875,49,0.43806,36,-0.0315,26,-0.5239,27,-0.5052,61,0.80580,29,-0.3825,40,0.13486,17,-1.2109,51,0.50738
ENSG00000168397,ATG4B,79,0.45475,55,-0.1162,74,0.35151,46,-0.4091,86,0.60463,85,0.58470,34,-0.8558,41,-0.5765,45,-0.4499,50,-0.2823
ENSG00000168395,ING5,36,0.50122,13,-1.0987,53,1.16706,19,-0.4707,23,-0.2187,20,-0.3930,30,0.19013,27,0.06118,23,-0.2039,19,-0.5324
ENSG00000180902,D2HGDH,54,1.18738,27,0.03493,30,0.18670,19,-0.5455,21,-0.3290,27,0.06067,18,-0.6046,18,-0.5601,18,-0.6067,32,0.31672
ENSG00000134121,CHL1,51,-2.5891,342,0.30014,390,0.51706,411,0.60602,251,-0.2007,378,0.46445,161,-0.8859,232,-0.3201,362,0.39391,264,-0.1199
ENSG00000144619,CNTN4,0,-7.7521,45,0.81146,54,1.13245,40,0.63626,17,-0.7387,8,-1.7821,21,-0.3929,12,-1.1980,47,0.89482,28,0.06308
ENSG00000113851,CRBN,46,-0.6176,91,0.45614,48,-0.5656,125,0.98429,85,0.33403,53,-0.4044,55,-0.3642,50,-0.5132,62,-0.1617,74,0.12144
ENSG00000175928,LRRN1,27,-0.0365,24,-0.1776,41,0.66038,32,0.27458,15,-0.9282,13,-1.1462,15,-0.9445,20,-0.5096,36,0.43952,50,1.02155
ENSG00000150995,ITPR1,27,-2.8392,198,0.18665,337,1.08549,230,0.43106,146,-0.3022,159,-0.1634,121,-0.5874,164,-0.1191,237,0.48546,145,-0.3116
ENSG00000134107,BHLHE40,13,-2.9102,93,-0.0322,170,0.97052,140,0.63590,117,0.33998,116,0.32068,65,-0.5986,68,-0.5112,92,-0.0492,74,-0.3814
ENSG00000134108,ARL8B,88,-1.1494,153,-0.3125,223,0.29479,214,0.22328,352,1.06842,221,0.27547,156,-0.2818,119,-0.7030,190,0.03265,145,-0.3893
ENSG00000196277,GRM7,2,-3.4000,39,0.79439,33,0.51747,25,0.04139,24,0.01566,29,0.31710,20,-0.3037,21,-0.2015,27,0.15321,20,-0.2595
ENSG00000196220,SRGAP3,24,-1.6981,110,0.65805,76,0.04600,88,0.29969,97,0.44597,54,-0.4852,57,-0.4071,62,-0.2763,96,0.42956,72,-0.0325
ENSG00000134077,THUMPD3,18,-0.3638,32,0.56484,13,-0.8072,33,0.58942,25,0.13206,37,0.79076,14,-0.6979,18,-0.3343,17,-0.4798,20,-0.2078
ENSG00000168137,SETD5,13,-0.7680,16,-0.4420,30,0.56451,13,-0.7808,16,-0.4350,14,-0.6180,20,-0.0555,21,-0.0001,27,0.38785,41,1.11813
ENSG00000156959,LHFPL4,18,-1.0030,37,0.10895,35,0.05136,38,0.16423,33,-0.0548,26,-0.4331,29,-0.2813,26,-0.4104,46,0.48522,54,0.75946
ENSG00000163719,MTMR14,27,0.73967,25,0.56993,11,-0.6360,19,0.18197,25,0.56507,15,-0.2048,11,-0.7287,11,-0.7157,17,-0.0390,12,-0.5538
ENSG00000144550,CPNE9,0,-6.7576,33,0.73644,10,-1.0803,36,0.90234,47,1.35184,28,0.46238,18,-0.2494,8,-1.4339,23,0.13690,7,-1.6883
ENSG00000134072,CAMK1,28,-1.4072,78,0.15353,121,0.88462,66,-0.1101,91,0.40458,113,0.77260,41,-0.8431,52,-0.4916,75,0.09923,43,-0.7854
ENSG00000171148,TADA3,75,0.17638,75,0.18700,63,-0.1024,56,-0.2847,94,0.55122,65,-0.0451,60,-0.1700,53,-0.3679,39,-0.8378,90,0.47621
ENSG00000241553,ARPC4,106,-0.4711,97,-0.6020,132,-0.1290,250,0.93448,196,0.51686,145,0.02556,142,-0.0065,137,-0.0650,132,-0.1284,91,-0.7116
ENSG00000156990,RPUSD3,17,-0.9048,35,0.20281,32,0.05954,42,0.50804,53,0.90038,30,-0.0029,30,-0.0401,22,-0.4807,28,-0.1445,17,-0.9005
ENSG00000171135,JAGN1,30,-0.1328,26,-0.3266,37,0.18773,49,0.67140,34,0.06468,39,0.28288,29,-0.2099,31,-0.0898,30,-0.1245,21,-0.6519
ENSG00000163703,CRELD1,20,-1.8271,47,-0.5559,96,0.59397,101,0.68171,81,0.30840,97,0.60008,52,-0.3853,43,-0.6780,60,-0.1824,71,0.10689
ENSG00000163704,PRRT3,11,-1.6967,36,0.12155,42,0.35131,44,0.44613,40,0.27625,46,0.51756,35,0.09354,21,-0.7371,31,-0.0974,28,-0.2584
ENSG00000125037,EMC3,53,-0.7714,69,-0.3474,95,0.15917,113,0.43196,95,0.15788,121,0.54557,60,-0.5588,43,-1.0706,95,0.15903,119,0.51779
ENSG00000254999,BRK1,105,-1.0105,221,0.14544,198,-0.0283,232,0.22321,212,0.07724,254,0.37489,187,-0.1183,144,-0.5337,304,0.67042,161,-0.3542
ENSG00000157014,TATDN2,30,-0.0516,25,-0.3725,70,1.34313,29,-0.1180,31,-0.0045,28,-0.1813,29,-0.1358,19,-0.7649,29,-0.1296,24,-0.4137
ENSG00000157020,SEC13,39,-0.0632,45,0.13597,44,0.12610,62,0.67930,35,-0.2499,34,-0.3080,27,-0.6463,37,-0.1780,50,0.32664,37,-0.1669
ENSG00000157087,ATP2B2,33,-3.5319,369,0.09481,467,0.48243,455,0.43989,406,0.25249,357,0.04304,278,-0.3505,245,-0.5520,436,0.36904,429,0.34075
ENSG00000157103,SLC6A1,114,-1.3733,837,1.95901,173,-0.7405,150,-0.9584,103,-1.5249,204,-0.4796,161,-0.8510,329,0.27940,178,-0.6959,524,1.06617
ENSG00000197548,ATG7,17,-0.8215,35,0.30485,32,0.15934,41,0.56836,38,0.44465,18,-0.6724,25,-0.2137,26,-0.1490,32,0.20169,23,-0.3542
ENSG00000144560,VGLL4,20,-0.8991,27,-0.4523,51,0.56808,45,0.37086,37,0.06864,63,0.92424,31,-0.2134,33,-0.1244,18,-1.0367,33,-0.1367
ENSG00000157152,SYN2,73,-2.6604,534,0.36362,402,-0.0941,435,0.02862,920,1.30500,673,0.75173,404,-0.0892,240,-0.8978,328,-0.4169,260,-0.7771
ENSG00000075975,MKRN2,18,-0.8505,39,0.33188,54,0.85075,34,0.09549,42,0.44261,52,0.80327,12,-1.5230,25,-0.4024,22,-0.5487,21,-0.6238
ENSG00000132155,RAF1,38,0.25021,56,0.88071,36,0.13904,29,-0.1884,28,-0.2435,44,0.45821,23,-0.5731,30,-0.1677,20,-0.7336,25,-0.4503
ENSG00000144712,CAND2,0,-7.0571,23,0.54836,24,0.60323,17,-0.0029,16,-0.0373,23,0.48846,13,-0.3895,5,-1.7023,18,0.09245,28,0.83561
ENSG00000144713,RPL32,2202,1.41284,1010,0.07442,732,-0.4346,724,-0.4521,830,-0.2387,757,-0.3821,747,-0.4031,1041,0.12340,730,-0.4391,868,-0.1671
ENSG00000144711,IQSEC1,117,-0.8766,263,0.39420,189,-0.1422,158,-0.4202,343,0.84343,277,0.48364,167,-0.3353,177,-0.2434,175,-0.2641,196,-0.0777
ENSG00000163517,HDAC11,215,2.06421,56,-0.2876,35,-0.9903,39,-0.8483,54,-0.3325,61,-0.1667,95,0.56084,36,-0.9675,33,-1.1134,49,-0.4829
ENSG00000163528,CHCHD4,17,-0.0479,24,0.48758,15,-0.2495,13,-0.5176,25,0.52067,33,0.99466,18,0.02602,11,-0.7157,14,-0.3284,8,-1.2168
ENSG00000170876,TMEM43,31,0.39191,29,0.27452,38,0.73529,11,-1.2130,23,-0.0651,12,-1.0467,17,-0.5316,27,0.15893,21,-0.2510,34,0.53022
ENSG00000154767,XPC,46,1.61606,29,0.80750,17,-0.0742,11,-0.7647,12,-0.6072,12,-0.6249,8,-1.2343,16,-0.1947,10,-0.9158,18,0.03005
ENSG00000170860,LSM3,70,-0.3236,153,0.94159,110,0.39053,58,-0.6150,71,-0.3108,82,-0.0875,50,-0.8653,71,-0.3199,97,0.18255,104,0.29179
ENSG00000225733,FGD5-AS1,148,0.39368,127,0.15312,155,0.47919,77,-0.6399,95,-0.3135,134,0.23197,63,-0.9376,125,0.12057,137,0.27379,97,-0.2871
ENSG00000177463,NR2C2,42,-0.0334,35,-0.2968,56,0.44310,55,0.43054,34,-0.3290,37,-0.2045,27,-0.6853,39,-0.1478,48,0.21490,50,0.27384
ENSG00000131368,MRPS25,44,-0.6248,81,0.35182,67,0.03445,89,0.50212,69,0.09930,102,0.73107,45,-0.5949,46,-0.5476,44,-0.6061,66,0.01893
ENSG00000131381,RBSN,57,0.24270,44,-0.1511,45,-0.1213,39,-0.3646,58,0.27067,44,-0.1433,36,-0.4519,47,-0.0614,65,0.45849,52,0.11357
ENSG00000131375,CAPN7,20,0.28227,21,0.31057,22,0.39120,20,0.22821,16,-0.0590,16,-0.1270,8,-1.1498,19,0.15343,18,0.11164,11,-0.7024
ENSG00000131370,SH3BP5,97,0.45884,95,0.41256,83,0.19887,51,-0.5615,118,0.77430,101,0.52468,49,-0.6178,32,-1.2845,57,-0.3979,51,-0.5810
ENSG00000144597,EAF1,16,-1.1323,57,0.89474,39,0.26506,14,-1.2781,36,0.11407,34,0.05863,22,-0.6164,30,-0.1341,46,0.54742,36,0.13383
ENSG00000206560,ANKRD28,32,0.13670,23,-0.4188,35,0.25251,23,-0.4189,29,-0.0476,11,-1.4264,31,0.09508,32,0.15273,42,0.56758,37,0.38358
ENSG00000154813,DPH3,34,0.32012,31,0.18090,16,-0.7932,34,0.32737,24,-0.2390,31,0.18023,31,0.20658,13,-1.1010,31,0.18642,31,0.16402
ENSG00000131378,RFTN1,0,-6.9086,36,-0.0977,68,0.95621,55,0.60289,35,-0.1566,44,0.22016,28,-0.4899,20,-0.9825,45,0.27666,51,0.46346
ENSG00000154822,PLCL2,5,-2.8569,52,0.56888,55,0.67430,58,0.75585,40,0.13612,58,0.77254,14,-1.4600,25,-0.5555,38,0.06777,19,-0.9880
ENSG00000131374,TBC1D5,52,0.07704,71,0.58070,38,-0.4186,44,-0.1917,39,-0.3562,34,-0.5894,38,-0.4260,41,-0.2917,65,0.44691,73,0.63804
ENSG00000182568,SATB1,22,-2.8103,158,0.12546,79,-0.9570,217,0.65028,257,0.94220,236,0.79444,154,0.08358,90,-0.7608,142,-0.0405,105,-0.5225
ENSG00000144566,RAB5A,92,-0.1155,122,0.35033,96,-0.0410,114,0.24145,133,0.48797,103,0.07587,66,-0.6133,90,-0.1467,67,-0.6068,101,0.04372
ENSG00000114166,KAT2B,98,1.91373,25,-0.4026,14,-1.3236,22,-0.6479,13,-1.3481,28,-0.2530,20,-0.7923,60,0.99726,25,-0.4127,24,-0.5036
ENSG00000151789,ZNF385D,10,-2.1344,91,1.24003,28,-0.7063,21,-1.1407,20,-1.1589,51,0.24644,54,0.36099,45,0.06422,47,0.11017,68,0.73195
ENSG00000182247,UBE2E2,30,-1.5021,84,0.08698,113,0.56717,111,0.53819,111,0.54290,80,0.01058,66,-0.3041,49,-0.7656,79,-0.0177,75,-0.1053
ENSG00000170142,UBE2E1,78,0.46030,66,0.17597,38,-0.6981,58,-0.0316,50,-0.2561,82,0.53329,48,-0.3390,71,0.29410,48,-0.3166,52,-0.2119
ENSG00000197885,NKIRAS1,11,-2.4538,68,0.22893,58,-0.0087,64,0.12898,86,0.61600,83,0.57025,45,-0.4179,27,-1.1883,63,0.11301,82,0.54433
ENSG00000174748,RPL15,1077,0.40707,819,-0.0385,740,-0.1981,819,-0.0384,889,0.09328,780,-0.1157,557,-0.6436,692,-0.3042,1039,0.34728,975,0.24359
ENSG00000174738,NR1D2,56,-0.3003,69,0.03470,88,0.43894,70,0.05038,108,0.77257,61,-0.1496,61,-0.1612,47,-0.5777,52,-0.3928,62,-0.1210
ENSG00000151090,THRB,12,-3.3958,139,0.24455,153,0.39722,136,0.21022,146,0.31797,118,-0.0210,62,-1.0091,98,-0.3111,189,0.75077,143,0.28576
ENSG00000077092,RARB,0,-7.4241,9,-1.2873,25,0.26005,21,-0.0501,20,-0.1116,29,0.45875,31,0.60879,11,-1.0231,56,1.64790,13,-0.7808
ENSG00000077097,TOP2B,89,-0.3738,150,0.46067,127,0.19354,94,-0.2842,144,0.40185,102,-0.1643,94,-0.2933,110,-0.0419,107,-0.0779,110,-0.0315
ENSG00000151092,NGLY1,13,-0.6771,13,-0.6091,30,0.67415,25,0.35322,15,-0.4396,38,1.09406,13,-0.6704,16,-0.2858,9,-1.1429,25,0.40318
ENSG00000179796,LRRC3B,4,-2.0079,15,-0.0924,26,0.83963,18,0.28081,14,-0.1860,8,-0.9157,4,-1.7895,30,1.09492,4,-1.8527,31,1.13860
ENSG00000187118,CMC1,22,-0.5586,39,0.32710,36,0.20285,23,-0.5145,43,0.47866,38,0.26707,36,0.17851,17,-0.9604,27,-0.2418,38,0.27278
ENSG00000163512,AZI2,51,-0.0088,53,0.07085,48,-0.1087,49,-0.0781,67,0.43039,71,0.52499,28,-0.9353,53,0.07021,49,-0.0727,43,-0.2696
ENSG00000163527,STT3B,48,0.00366,36,-0.4679,52,0.11055,59,0.32723,47,-0.0392,92,1.08387,34,-0.5618,50,0.06476,29,-0.7791,35,-0.5004
ENSG00000144645,OSBPL10,5,-1.8206,10,-0.7603,20,0.21785,27,0.76494,40,1.42302,29,0.84356,8,-1.1443,6,-1.5426,15,-0.1750,11,-0.6835
ENSG00000152642,GPD1L,27,-1.0589,64,0.24349,59,0.12474,63,0.21556,83,0.68851,65,0.28408,44,-0.3589,43,-0.3869,64,0.25480,35,-0.6849
ENSG00000144635,DYNC1LI1,13,-2.4906,100,0.66408,68,0.03976,84,0.37025,65,-0.0399,131,1.13291,58,-0.2127,27,-1.3744,76,0.19909,45,-0.6148
ENSG00000170266,GLB1,15,-0.5585,26,0.29181,18,-0.3157,21,-0.0517,13,-0.7544,32,0.58602,18,-0.3165,19,-0.2130,28,0.39037,29,0.42864
ENSG00000170275,CRTAP,163,2.13906,30,-0.7488,40,-0.3142,35,-0.5106,31,-0.7021,17,-1.5853,44,-0.1900,41,-0.2723,20,-1.3457,69,0.55684
ENSG00000153558,FBXL2,6,-3.0885,32,-0.7551,73,0.53565,83,0.73323,82,0.72200,96,0.99553,30,-0.8886,23,-1.2831,70,0.45768,32,-0.7544
ENSG00000153560,UBP1,28,-1.1643,55,-0.1071,58,-0.0120,89,0.68638,65,0.14855,98,0.83511,45,-0.4299,48,-0.3038,53,-0.1577,49,-0.2789
ENSG00000163539,CLASP2,285,0.44948,269,0.35726,240,0.16749,244,0.19619,255,0.26745,195,-0.1627,167,-0.4077,146,-0.6164,232,0.11568,128,-0.8197
ENSG00000170248,PDCD6IP,46,-0.3306,52,-0.1629,44,-0.4259,69,0.29505,82,0.59380,103,0.98029,58,0.01182,35,-0.7521,38,-0.6184,45,-0.3802
ENSG00000172995,ARPP21,7,-4.0421,69,-0.7840,223,1.13511,168,0.63974,117,0.04688,143,0.37588,63,-0.9233,57,-1.0566,186,0.81263,103,-0.1568
ENSG00000178567,EPM2AIP1,18,-2.1302,105,0.59676,76,0.07948,82,0.20474,88,0.31084,80,0.15021,52,-0.5337,51,-0.5427,83,0.22256,91,0.36240
ENSG00000076242,MLH1,22,-0.0439,18,-0.3653,30,0.43575,30,0.39272,28,0.29886,13,-0.8465,11,-1.0675,31,0.49095,30,0.42775,16,-0.5296
ENSG00000093167,LRRFIP2,66,1.15484,44,0.44417,44,0.46122,28,-0.2577,28,-0.2742,30,-0.1663,18,-0.9771,24,-0.5158,16,-1.1369,35,0.07511
ENSG00000144674,GOLGA4,46,0.26727,72,1.01988,33,-0.2370,33,-0.2510,24,-0.7138,33,-0.2657,25,-0.6835,44,0.21917,19,-1.0635,58,0.65452
ENSG00000144677,CTDSPL,14,-0.7515,18,-0.4128,49,1.24504,15,-0.7064,15,-0.6492,17,-0.4976,20,-0.2705,29,0.30835,20,-0.2710,38,0.77890
ENSG00000060971,ACAA1,86,0.97719,29,-0.7733,39,-0.3277,68,0.56973,47,-0.0213,62,0.42818,34,-0.5138,41,-0.2540,31,-0.6917,41,-0.2388
ENSG00000172939,OXSR1,19,-0.0814,5,-2.1259,23,0.23161,34,0.89063,18,-0.1677,8,-1.3361,29,0.61014,24,0.31057,14,-0.4876,24,0.32560
ENSG00000114742,WDR48,41,-0.1693,69,0.67311,55,0.30524,42,-0.1177,57,0.37691,40,-0.1954,42,-0.1189,36,-0.3778,45,-0.0186,27,-0.7746
ENSG00000114745,GORASP1,44,0.35558,76,1.27919,47,0.45994,29,-0.3272,32,-0.1663,25,-0.5228,21,-0.8359,22,-0.7416,27,-0.4113,32,-0.1799
ENSG00000168329,CX3CR1,80,2.30719,11,-1.0662,16,-0.4905,4,-2.6360,6,-1.8705,1,-4.3827,31,0.52004,18,-0.3345,16,-0.5484,41,0.98372
ENSG00000144659,SLC25A38,24,0.02220,29,0.35995,27,0.25343,27,0.24284,35,0.66147,25,0.07906,9,-1.4114,21,-0.1815,23,0.00501,13,-0.8921
ENSG00000168028,RPSA,936,1.20817,420,-0.1368,450,-0.0269,341,-0.4661,391,-0.2511,376,-0.3125,404,-0.1978,356,-0.3974,472,0.04813,433,-0.0903
ENSG00000168314,MOBP,3038,6.61048,38,-3.2258,19,-4.1992,15,-4.5366,36,-3.3014,38,-3.2494,52,-2.7888,44,-3.0315,12,-4.8460,20,-4.1895
ENSG00000170011,MYRIP,10,-1.8778,39,0.14579,22,-0.7217,49,0.54018,71,1.16613,50,0.56646,34,-0.0422,23,-0.6279,30,-0.2341,24,-0.6225
ENSG00000114784,EIF1B,103,-1.1151,279,0.45481,233,0.15858,276,0.43510,262,0.34680,235,0.16980,167,-0.3673,102,-1.1193,294,0.53950,161,-0.4299
ENSG00000168032,ENTPD3,0,-7.5729,39,0.79421,38,0.76183,21,-0.1956,22,-0.1065,39,0.78034,16,-0.5764,23,-0.0692,19,-0.3571,22,-0.1303
ENSG00000188846,RPL14,469,0.19791,601,0.60804,387,-0.1108,361,-0.2220,391,-0.0944,260,-0.7309,359,-0.2308,425,0.03910,427,0.04498,469,0.19812
ENSG00000168036,CTNNB1,190,-0.3771,365,0.68162,208,-0.2364,250,0.05735,239,-0.0169,233,-0.0568,177,-0.4885,217,-0.1666,323,0.47898,210,-0.2196
ENSG00000182606,TRAK1,53,-0.5429,111,0.63870,73,-0.0328,58,-0.4054,74,-0.0179,89,0.27725,46,-0.7424,69,-0.1392,77,0.04310,99,0.45401
ENSG00000187094,CCK,112,-3.7774,1591,0.20282,2133,0.68970,2398,0.89083,1032,-0.4854,1109,-0.3727,937,-0.6343,1033,-0.4835,1934,0.52389,1755,0.36309
ENSG00000114812,VIPR1,5,-2.2839,32,0.58956,33,0.59547,22,-0.0700,23,0.00820,35,0.69208,23,0.00230,8,-1.4862,25,0.18131,21,-0.1314
ENSG00000093183,SEC22C,71,1.01226,40,0.04988,41,0.08248,43,0.17502,37,-0.0785,40,0.06946,19,-1.0680,28,-0.4711,36,-0.1073,30,-0.3660
ENSG00000008324,SS18L2,13,-1.8114,55,0.38133,70,0.78530,65,0.67052,39,-0.1491,62,0.57769,25,-0.8451,20,-1.1714,43,-0.0045,40,-0.1055
ENSG00000114857,NKTR,51,0.65862,59,0.92189,26,-0.4206,11,-1.6304,30,-0.1971,45,0.44467,11,-1.6259,32,-0.0939,30,-0.1772,43,0.39347
ENSG00000114853,ZBTB47,201,2.28754,50,-0.1921,55,-0.0480,37,-0.6667,41,-0.4903,50,-0.1910,24,-1.3449,39,-0.5947,43,-0.4494,28,-1.0920
ENSG00000010282,HHATL,334,2.90898,65,-0.1832,25,-1.6497,23,-1.7381,33,-1.2006,45,-0.7373,47,-0.6901,85,0.24757,21,-1.8986,52,-0.5392
ENSG00000181061,HIGD1A,209,-0.4383,294,0.10092,261,-0.0869,277,0.00760,407,0.63784,291,0.08461,268,-0.0439,185,-0.6237,248,-0.1665,318,0.22753
ENSG00000144647,POMGNT2,22,-1.4867,48,-0.3028,83,0.59219,97,0.86306,57,-0.0144,46,-0.3635,36,-0.7143,53,-0.1185,43,-0.4515,91,0.75199
ENSG00000163788,SNRK,13,-2.2613,86,0.61648,65,0.14489,75,0.37783,76,0.40221,67,0.19431,41,-0.5743,49,-0.2799,73,0.33879,47,-0.3751
ENSG00000160746,ANO10,16,-0.2998,25,0.39426,16,-0.2520,15,-0.3735,21,0.13691,25,0.41596,14,-0.4584,17,-0.1970,18,-0.1332,26,0.45683
ENSG00000179152,TCAIM,19,-0.0253,37,1.00653,24,0.28303,15,-0.4352,15,-0.3982,24,0.29131,20,0.04363,21,0.05643,5,-1.9072,18,-0.1417
ENSG00000185219,ZNF445,14,-0.2870,24,0.51262,20,0.25022,24,0.51336,21,0.31210,18,0.01759,10,-0.7839,20,0.19271,14,-0.3625,9,-1.0502
ENSG00000163807,KIAA1143,32,0.14404,26,-0.2091,42,0.58646,34,0.26209,35,0.27408,22,-0.4352,25,-0.2278,32,0.12283,31,0.11624,13,-1.2061
ENSG00000169964,TMEM42,38,0.88387,36,0.76962,19,-0.2133,15,-0.6013,21,-0.0857,24,0.15268,29,0.40168,23,0.06068,7,-1.7578,10,-1.1870
ENSG00000163812,ZDHHC3,55,0.53848,34,-0.2040,26,-0.6433,34,-0.2094,63,0.76840,44,0.18902,35,-0.1740,24,-0.7763,36,-0.1534,42,0.09396
ENSG00000075914,EXOSC7,20,-0.2321,24,0.04989,30,0.41056,27,0.25088,27,0.24954,32,0.52939,20,-0.2096,29,0.32652,10,-1.2911,13,-0.8865
ENSG00000249992,TMEM158,8,-2.5069,38,-0.2955,106,1.43397,64,0.54677,35,-0.4225,39,-0.2540,26,-0.8382,34,-0.4740,73,0.77266,33,-0.4888
ENSG00000211456,SACM1L,25,-1.5011,74,0.15979,66,-0.0257,55,-0.3111,79,0.25245,82,0.31622,63,-0.0913,55,-0.3013,95,0.56242,77,0.22149
ENSG00000163818,LZTFL1,8,-2.7940,47,-0.2006,66,0.34473,70,0.42362,50,-0.1082,45,-0.2677,24,-1.2221,22,-1.3371,150,1.78832,54,-0.0025
ENSG00000163827,LRRC2,0,-7.0461,5,-1.6478,40,1.51653,29,0.93466,14,-0.2524,12,-0.5195,11,-0.6412,12,-0.4272,26,0.71610,15,-0.0972
ENSG00000160801,PTH1R,48,1.94297,3,-2.1496,6,-1.4293,9,-0.9116,7,-1.1635,17,0.10617,22,0.52522,25,0.75674,4,-2.0667,17,0.07843
ENSG00000160799,CCDC12,67,0.57973,43,-0.1481,52,0.15901,55,0.24906,30,-0.7054,44,-0.0934,43,-0.1218,30,-0.6976,52,0.18045,53,0.19349
ENSG00000181555,SETD2,42,0.69107,25,-0.1391,33,0.28749,26,-0.0944,22,-0.3569,12,-1.2459,18,-0.6144,29,0.09381,37,0.48580,30,0.14867
ENSG00000088727,KIF9,2,-3.2686,20,-0.1570,9,-1.3827,22,0.01042,19,-0.2477,45,1.19817,29,0.47207,16,-0.4349,23,0.04954,34,0.72454
ENSG00000114648,KLHL18,4,-2.2562,30,0.59816,16,-0.3789,36,0.88869,36,0.86815,31,0.60380,12,-0.8090,18,-0.2017,16,-0.3788,9,-1.2575
ENSG00000076201,PTPN23,45,0.13597,37,-0.1925,49,0.27188,41,-0.0016,38,-0.1426,45,0.12743,42,0.02674,26,-0.7156,38,-0.1288,53,0.39425
ENSG00000114650,SCAP,72,0.77197,57,0.38293,44,-0.0254,57,0.36802,49,0.13097,23,-1.0037,25,-0.9059,33,-0.4678,42,-0.1220,48,0.09639
ENSG00000163832,ELP6,29,0.23652,29,0.23823,25,-0.0153,23,-0.0863,32,0.42297,28,0.19885,25,0.04037,19,-0.4060,17,-0.6004,21,-0.2839
ENSG00000114646,CSPG5,88,-0.6874,152,0.17243,135,-0.0183,138,0.01384,178,0.42612,109,-0.3577,158,0.23411,160,0.25659,101,-0.4782,148,0.12574
ENSG00000173473,SMARCC1,83,2.56368,14,-0.5891,6,-1.7704,11,-0.9056,11,-0.9793,10,-1.0630,10,-1.0301,24,0.22515,15,-0.4760,21,0.04517
ENSG00000132153,DHX30,44,-1.1467,125,0.49765,120,0.42911,91,-0.0169,109,0.27510,82,-0.1907,82,-0.1773,72,-0.3905,82,-0.1761,114,0.33815
ENSG00000047849,MAP4,853,1.41787,298,-0.3533,311,-0.2882,405,0.13443,290,-0.3941,360,-0.0535,253,-0.6058,280,-0.4485,388,0.06705,286,-0.4194
ENSG00000164050,PLXNB1,272,3.10016,27,-1.0957,32,-0.8666,20,-1.5505,17,-1.7567,22,-1.4058,43,-0.3856,58,0.08530,17,-1.8181,45,-0.3104
ENSG00000232112,TMA7,447,0.07943,489,0.22331,589,0.53034,237,-0.9142,457,0.11385,422,-0.0124,395,-0.1189,372,-0.2145,411,-0.0540,437,0.04296
ENSG00000164054,SHISA5,82,0.07445,75,-0.0767,90,0.21490,73,-0.1151,89,0.20100,76,-0.0537,71,-0.1533,60,-0.4318,91,0.24056,78,-0.0039
ENSG00000010256,UQCRC1,123,-0.8780,177,-0.3109,251,0.24141,268,0.35260,319,0.64116,260,0.30003,222,0.04714,130,-0.7905,171,-0.3711,237,0.15305
ENSG00000008300,CELSR3,0,-6.3537,12,-0.4601,13,-0.2805,18,0.15200,46,1.81295,20,0.37191,19,0.31254,16,0.01009,9,-0.8885,7,-1.2304
ENSG00000213672,NCKIPSD,41,-1.1088,105,0.35811,108,0.40394,114,0.48896,104,0.33479,88,0.07364,91,0.11844,46,-0.9498,66,-0.3815,80,-0.0810
ENSG00000068745,IP6K2,55,-0.4135,108,0.68121,98,0.51667,66,-0.1302,55,-0.3958,75,0.09079,47,-0.6573,52,-0.4895,87,0.32080,70,-0.0362
ENSG00000114302,PRKAR2A,22,-0.3156,37,0.45665,21,-0.4223,21,-0.4126,34,0.35876,41,0.63150,21,-0.3844,29,0.05994,32,0.23282,17,-0.7288
ENSG00000177479,ARIH2,74,0.82349,35,-0.3687,39,-0.2074,23,-1.0469,67,0.65509,71,0.75615,29,-0.6922,43,-0.0721,23,-1.0215,44,-0.0179
ENSG00000178467,P4HTM,58,-1.1601,151,0.32945,202,0.81871,128,0.05812,151,0.33275,169,0.51702,107,-0.2152,66,-0.9649,95,-0.4149,104,-0.2677
ENSG00000178252,WDR6,105,1.38874,53,0.22134,29,-0.7560,41,-0.1883,28,-0.7869,34,-0.4743,40,-0.2323,39,-0.2624,32,-0.6042,63,0.49652
ENSG00000178149,DALRD3,12,-0.9192,50,1.30989,27,0.28686,20,-0.1960,14,-0.7259,25,0.11855,15,-0.6375,8,-1.6216,25,0.16655,32,0.52396
ENSG00000178057,NDUFAF3,99,-0.3597,188,0.68218,142,0.21743,140,0.19685,88,-0.5353,120,-0.0558,113,-0.1449,79,-0.6962,120,-0.0560,151,0.31995
ENSG00000178035,IMPDH2,48,0.06981,77,0.85667,47,0.05257,50,0.12803,64,0.55641,42,-0.1245,22,-1.1272,51,0.17053,34,-0.4501,22,-1.1167
ENSG00000198218,QRICH1,35,-0.6845,48,-0.2308,83,0.67323,63,0.21517,58,0.08994,66,0.28229,20,-1.5735,40,-0.4946,70,0.39018,68,0.33727
ENSG00000172053,QARS,47,0.29261,56,0.56413,41,0.06289,32,-0.3056,31,-0.3551,37,-0.0754,20,-1.0233,33,-0.2516,25,-0.7160,70,0.95057
ENSG00000172046,USP19,29,-0.0850,17,-0.8845,49,0.74702,27,-0.2181,31,0.02867,27,-0.2251,20,-0.6572,22,-0.4947,41,0.45899,45,0.59885
ENSG00000172037,LAMB2,41,0.78753,19,-0.4256,4,-2.6338,5,-2.3669,6,-2.0724,9,-1.4898,13,-1.0433,40,0.74189,5,-2.3573,110,2.76991
ENSG00000185909,KLHDC8B,2,-2.9559,16,-0.0162,26,0.75074,13,-0.3396,8,-1.0362,17,0.07560,15,-0.0928,18,0.12581,12,-0.5004,36,1.31988
ENSG00000114316,USP4,30,-0.1385,24,-0.4683,26,-0.3332,31,-0.0888,30,-0.1557,46,0.54822,28,-0.2168,29,-0.1974,34,0.08248,48,0.63331
ENSG00000067560,RHOA,488,1.22443,247,0.06620,189,-0.3582,152,-0.6962,250,0.08927,191,-0.3389,174,-0.4808,223,-0.0983,202,-0.2507,251,0.09515
ENSG00000145022,TCTA,48,0.62888,31,-0.0685,38,0.24674,35,0.10687,40,0.36276,50,0.73025,15,-1.1924,14,-1.2663,33,0.01275,20,-0.7430
ENSG00000145029,NICN1,23,-0.8814,23,-0.8711,59,0.62855,48,0.30242,39,-0.0493,41,0.02849,43,0.10451,41,0.05502,38,-0.0964,46,0.23508
ENSG00000173402,DAG1,46,-0.2253,82,0.69741,49,-0.1369,45,-0.2674,42,-0.3668,67,0.35140,37,-0.5775,68,0.38443,32,-0.7970,67,0.35865
ENSG00000164061,BSN,26,-2.9935,163,-0.2709,256,0.46037,276,0.58796,291,0.67409,231,0.28792,181,-0.1028,159,-0.3031,194,0.00969,153,-0.3697
ENSG00000164062,APEH,34,-0.8305,38,-0.6683,39,-0.6117,99,0.87422,64,0.13810,113,1.11033,49,-0.2861,45,-0.4003,51,-0.2191,51,-0.2010
ENSG00000164068,RNF123,5,-2.4530,25,-0.1786,40,0.54612,31,0.13396,40,0.57817,40,0.55715,20,-0.5240,18,-0.6687,20,-0.5661,43,0.69877
ENSG00000176095,IP6K1,67,-0.3351,59,-0.5346,99,0.30130,78,-0.0812,101,0.32268,69,-0.2923,114,0.53234,39,-1.1562,72,-0.2181,127,0.71241
ENSG00000164076,CAMKV,52,-2.0311,249,0.37529,347,0.93512,259,0.44217,231,0.25271,166,-0.2764,168,-0.2579,165,-0.2839,198,0.00540,141,-0.5340
ENSG00000164077,MON1A,31,0.31580,25,-0.0416,26,0.01771,23,-0.1419,32,0.33752,13,-1.0310,17,-0.5934,21,-0.3124,24,-0.0858,44,0.86490
ENSG00000004534,RBM6,102,1.48184,47,0.13940,55,0.40247,26,-0.7740,28,-0.6708,55,0.39881,16,-1.5197,33,-0.4317,30,-0.5336,37,-0.2153
ENSG00000003756,RBM5,130,0.92772,60,-0.3411,91,0.32924,51,-0.5836,90,0.31624,77,0.06221,63,-0.2623,55,-0.4683,70,-0.0846,55,-0.4772
ENSG00000114353,GNAI2,282,1.48696,104,-0.2113,132,0.16962,91,-0.4195,59,-1.0796,71,-0.7985,126,0.09676,110,-0.1178,68,-0.8584,143,0.30003
ENSG00000012171,SEMA3B,341,4.39093,23,-1.1180,11,-2.2048,9,-2.5476,13,-2.0096,7,-2.8087,18,-1.4618,29,-0.7710,7,-2.7582,24,-1.0539
ENSG00000114383,TUSC2,39,-1.3253,132,0.59653,110,0.28696,117,0.39103,114,0.35460,120,0.43325,105,0.21118,59,-0.6825,70,-0.4187,52,-0.8826
ENSG00000114388,NPRL2,14,-0.9676,36,0.56825,36,0.56656,25,-0.0443,23,-0.1526,49,1.06116,12,-1.1698,11,-1.2060,21,-0.3423,29,0.20521
ENSG00000126062,TMEM115,39,0.19805,53,0.68922,41,0.27340,42,0.32050,34,-0.0520,18,-1.0461,20,-0.8433,29,-0.2582,38,0.14133,33,-0.0916
ENSG00000088543,C3orf18,17,-0.6333,55,1.28873,15,-0.8283,26,0.03030,18,-0.5645,26,0.05591,25,-0.0127,15,-0.7948,24,-0.1181,34,0.46738
ENSG00000088538,DOCK3,48,-1.6023,221,0.77928,208,0.67419,176,0.39299,162,0.25868,166,0.29866,98,-0.5310,76,-0.9212,143,0.05864,80,-0.8384
ENSG00000145050,MANF,28,-0.1626,21,-0.6425,17,-0.9031,42,0.49300,17,-0.9321,51,0.79481,32,0.02118,12,-1.4722,39,0.36284,54,0.88695
ENSG00000259956,RBM15B,14,-1.3046,26,-0.3260,36,0.16820,42,0.40452,41,0.39056,32,-0.0053,43,0.45584,28,-0.2404,27,-0.2631,35,0.10243
ENSG00000164081,TEX264,42,-0.1425,33,-0.5089,36,-0.3920,60,0.42588,37,-0.3312,53,0.21198,31,-0.6063,31,-0.6070,42,-0.1553,95,1.22590
ENSG00000164082,GRM2,0,-7.3731,14,-0.6479,40,1.08330,28,0.48569,30,0.57775,26,0.32609,19,-0.1550,16,-0.3770,20,-0.1080,17,-0.3458
ENSG00000090097,PCBP4,261,3.13564,51,-0.0404,26,-1.0908,25,-1.1574,26,-1.0516,20,-1.4854,30,-0.8643,21,-1.3810,30,-0.8536,34,-0.6526
ENSG00000248487,ABHD14A,41,-1.4382,160,0.69152,136,0.41122,131,0.34804,81,-0.4141,176,0.85096,52,-1.0940,69,-0.6651,86,-0.3188,121,0.22816
ENSG00000162244,RPL29,1149,1.46321,640,0.43744,442,-0.1614,332,-0.6081,301,-0.7609,429,-0.2088,431,-0.2031,404,-0.3029,332,-0.6120,434,-0.1902
ENSG00000164086,DUSP7,43,0.29924,43,0.29213,46,0.41829,29,-0.3056,23,-0.6706,64,0.96926,19,-0.9435,27,-0.4329,20,-0.8607,41,0.23940
ENSG00000023330,ALAS1,9,-2.1919,45,0.19783,49,0.34119,66,0.83556,62,0.72336,29,-0.4960,23,-0.8340,26,-0.6409,42,0.06635,47,0.25289
ENSG00000247596,TWF2,20,-1.2536,55,0.28794,47,0.05057,51,0.18626,52,0.21823,102,1.36269,33,-0.4823,18,-1.3748,42,-0.1479,35,-0.3934
ENSG00000164091,WDR82,72,-1.1183,196,0.46253,177,0.29081,222,0.67310,163,0.16464,139,-0.0893,112,-0.4335,147,-0.0081,127,-0.2361,120,-0.3274
ENSG00000163930,BAP1,38,-0.9814,49,-0.5757,70,-0.0219,62,-0.2258,80,0.18497,102,0.58446,97,0.49900,84,0.25301,47,-0.6529,85,0.27251
ENSG00000010322,NISCH,92,-0.9321,182,0.12627,224,0.47059,269,0.77496,209,0.35183,183,0.13536,118,-0.5573,138,-0.3089,128,-0.4281,137,-0.3170
ENSG00000168273,SMIM4,25,-0.0423,26,-0.0186,26,-0.0136,24,-0.0946,24,-0.1394,28,0.12450,15,-0.8371,17,-0.6197,30,0.20554,45,0.89407
ENSG00000163939,PBRM1,30,0.42281,19,-0.2884,12,-0.9551,24,0.04121,20,-0.2041,39,0.84995,21,-0.1323,17,-0.5109,14,-0.8120,36,0.68378
ENSG00000163938,GNL3,25,-0.6231,55,0.61762,58,0.69302,40,0.10439,66,0.90766,48,0.39536,14,-1.4594,21,-0.9056,38,0.00429,12,-1.7035
ENSG00000016864,GLT8D1,24,-0.2591,46,0.79305,36,0.39911,46,0.80542,33,0.25903,18,-0.7182,19,-0.6219,19,-0.6215,10,-1.5226,31,0.16312
ENSG00000114902,SPCS1,107,-0.8055,191,0.10290,214,0.29035,222,0.34836,185,0.05214,268,0.66591,127,-0.5420,126,-0.5543,163,-0.1508,187,0.07363
ENSG00000114904,NEK4,12,-0.8822,16,-0.5132,24,0.12600,27,0.31829,20,-0.1348,34,0.68067,14,-0.7332,19,-0.2296,27,0.28424,29,0.42277
ENSG00000272573,MUSTN1,52,0.83301,15,-1.1344,16,-1.0135,7,-2.1906,3,-3.1307,8,-1.9422,16,-1.0551,29,-0.0915,6,-2.3846,159,3.19314
ENSG00000163932,PRKCD,6,-1.5335,20,0.21719,43,1.50760,14,-0.3836,12,-0.5699,6,-1.5882,6,-1.5433,14,-0.3715,27,0.67907,28,0.75569
ENSG00000163931,TKT,102,-0.0054,77,-0.4441,68,-0.6296,105,0.03586,116,0.20055,140,0.51280,105,0.04514,76,-0.4607,65,-0.7026,168,0.82057
ENSG00000272886,DCP1A,13,-0.4564,18,0.03561,26,0.64466,12,-0.5456,17,-0.0198,11,-0.6514,15,-0.2457,27,0.67399,21,0.25477,15,-0.2405
ENSG00000113811,SELENOK,99,-0.1143,184,0.89940,122,0.20806,115,0.11340,107,-0.0032,97,-0.1468,43,-1.3971,94,-0.1955,102,-0.0800,106,-0.0137
ENSG00000157445,CACNA2D3,6,-2.9627,24,-0.9735,61,0.50669,76,0.88394,68,0.70351,49,0.16698,30,-0.5926,34,-0.4293,59,0.45458,38,-0.2624
ENSG00000187672,ERC2,21,-1.2622,68,0.54817,40,-0.2903,59,0.30528,69,0.58152,68,0.54346,34,-0.5317,29,-0.7953,64,0.44413,32,-0.6260
ENSG00000163946,TASOR,31,0.35436,26,0.05679,19,-0.4256,20,-0.3153,15,-0.7790,29,0.24147,21,-0.2371,32,0.43397,29,0.25500,26,0.04742
ENSG00000163947,ARHGEF3,6,-3.3155,47,-0.3027,98,0.91197,117,1.21303,66,0.24086,50,-0.1825,30,-0.9848,34,-0.7834,85,0.65666,34,-0.7868
ENSG00000157500,APPL1,36,-0.6120,47,-0.2137,61,0.18931,66,0.31952,54,0.00099,47,-0.2014,72,0.47261,41,-0.4115,40,-0.4705,74,0.52063
ENSG00000174840,PDE12,21,-0.3349,34,0.42348,49,1.01980,21,-0.3156,27,0.06896,23,-0.2301,15,-0.8419,20,-0.4198,27,0.04218,25,-0.0838
ENSG00000168374,ARF4,22,-2.1448,146,0.78637,111,0.32808,124,0.50941,112,0.34768,123,0.49100,45,-1.0781,72,-0.3660,60,-0.6483,92,0.01904
ENSG00000163681,SLMAP,25,-0.4484,48,0.54996,32,-0.0997,29,-0.2254,36,0.10372,26,-0.4379,25,-0.4732,23,-0.5834,24,-0.5218,71,1.22897
ENSG00000163686,ABHD6,55,0.38285,36,-0.2907,33,-0.4283,29,-0.6264,60,0.53618,97,1.37459,42,-0.0400,25,-0.8692,16,-1.5345,40,-0.1238
ENSG00000163684,RPP14,10,-0.9164,21,0.25120,26,0.61522,17,-0.0653,22,0.35717,21,0.23618,17,-0.0186,17,-0.0522,19,0.12119,7,-1.3274
ENSG00000168297,PXK,241,2.56181,45,-0.4520,43,-0.5477,49,-0.3142,33,-0.9388,49,-0.3340,35,-0.8438,31,-1.0193,42,-0.5707,36,-0.7896
ENSG00000168291,PDHB,44,-1.2748,69,-0.6053,118,0.23812,143,0.55414,110,0.13349,129,0.39334,97,-0.0811,68,-0.6190,157,0.71103,81,-0.3633
ENSG00000168301,KCTD6,5,-2.5620,39,0.48333,38,0.42309,44,0.68101,32,0.16892,42,0.62037,20,-0.5880,22,-0.4523,37,0.37895,11,-1.4489
ENSG00000168309,FAM107A,891,1.18990,343,-0.3960,441,0.00166,204,-1.1887,184,-1.3438,192,-1.2805,469,0.09970,763,0.91467,361,-0.3151,556,0.37688
ENSG00000144724,PTPRG,7,-2.2321,48,0.59797,42,0.38481,20,-0.7793,15,-1.1998,42,0.38456,18,-0.9454,43,0.42978,50,0.67973,46,0.51222
ENSG00000114405,C3orf14,33,-1.1584,64,-0.1543,61,-0.2388,83,0.25109,129,0.99234,100,0.55641,66,-0.1212,32,-1.2385,67,-0.0865,75,0.07983
ENSG00000163618,CADPS,14,-3.5680,150,-0.0397,184,0.28455,245,0.76534,208,0.48693,239,0.71958,128,-0.2896,67,-1.2872,178,0.23496,128,-0.2921
ENSG00000163630,SYNPR,28,-2.8892,370,1.09772,233,0.30936,168,-0.2146,122,-0.7075,214,0.17200,149,-0.3978,161,-0.2785,260,0.49155,217,0.19657
ENSG00000163634,THOC7,43,-1.0299,78,-0.1218,88,0.07828,117,0.54221,158,1.05410,99,0.25955,81,-0.0503,48,-0.8620,57,-0.6073,71,-0.2743
ENSG00000163636,PSMD6,57,-0.2268,74,0.17666,69,0.05634,107,0.78371,69,0.07078,71,0.12085,59,-0.1843,31,-1.1777,77,0.23174,49,-0.4761
ENSG00000163637,PRICKLE2,19,-1.7056,62,0.10123,75,0.40768,40,-0.5892,82,0.54967,72,0.33739,44,-0.4359,75,0.41971,72,0.33916,42,-0.5224
ENSG00000151276,MAGI1,40,-0.4805,59,0.12940,101,1.02977,60,0.13829,38,-0.5739,32,-0.8217,59,0.12054,57,0.05930,60,0.15109,40,-0.4748
ENSG00000144741,SLC25A26,23,-0.7011,20,-0.9448,28,-0.4232,44,0.27173,57,0.70683,70,1.07488,45,0.31044,17,-1.1953,24,-0.6676,41,0.16435
ENSG00000144749,LRIG1,164,1.63431,66,0.06071,35,-0.9234,29,-1.1833,23,-1.5743,31,-1.1131,22,-1.5854,158,1.56018,21,-1.6570,87,0.50670
ENSG00000183662,TAFA1,1,-4.6961,15,-1.5075,80,1.18195,63,0.75224,50,0.36194,38,-0.0779,19,-1.1150,25,-0.7045,77,1.11188,29,-0.5036
ENSG00000144747,TMF1,12,-1.4833,39,0.38756,40,0.40038,33,0.08104,48,0.72128,29,-0.0928,16,-1.0214,27,-0.2376,27,-0.2211,40,0.39634
ENSG00000144744,UBA3,61,0.04638,56,-0.1059,68,0.22337,76,0.39274,73,0.33135,57,-0.0661,49,-0.3079,36,-0.7922,55,-0.1188,64,0.11304
ENSG00000144746,ARL6IP5,155,-0.8335,295,0.17777,378,0.58881,463,0.93691,219,-0.2931,324,0.33517,237,-0.1720,119,-1.2280,235,-0.1866,214,-0.3341
ENSG00000114861,FOXP1,36,-1.0976,58,-0.3834,81,0.13761,61,-0.3079,83,0.17979,59,-0.3557,87,0.25053,75,0.00378,96,0.40994,107,0.59333
ENSG00000163412,EIF4E3,44,-0.5472,67,0.10627,70,0.16819,52,-0.2836,95,0.68759,80,0.39993,67,0.10212,39,-0.7363,46,-0.4686,66,0.07561
ENSG00000170837,GPR27,38,0.02363,39,0.06224,72,1.09962,50,0.46882,31,-0.2905,30,-0.3600,21,-0.8703,34,-0.1514,33,-0.1870,25,-0.5874
ENSG00000163602,RYBP,84,1.28361,25,-0.6988,59,0.66295,27,-0.6068,44,0.18771,32,-0.3017,21,-0.9404,48,0.30330,34,-0.2337,19,-1.1160
ENSG00000163605,PPP4R2,46,-0.0026,66,0.59661,52,0.19942,57,0.33408,44,-0.0680,28,-0.7630,22,-1.1005,37,-0.3343,39,-0.2522,68,0.63840
ENSG00000121440,PDZRN3,2,-3.4720,54,1.11202,32,0.23133,41,0.65425,43,0.71693,19,-0.5827,21,-0.4344,18,-0.6726,14,-1.0344,32,0.24175
ENSG00000113805,CNTN3,5,-2.6570,22,-0.4091,58,1.15824,36,0.35478,45,0.70675,55,1.04622,15,-0.9816,20,-0.6190,24,-0.3037,11,-1.4568
ENSG00000185008,ROBO2,8,-2.7364,78,0.76949,58,0.26332,51,0.04964,44,-0.1803,61,0.36429,36,-0.4958,39,-0.3584,68,0.53200,48,-0.0338
ENSG00000169855,ROBO1,27,0.25610,16,-0.5229,41,0.94254,13,-0.8536,11,-1.0892,22,-0.1140,18,-0.4014,26,0.19414,32,0.51230,25,0.11287
ENSG00000175161,CADM2,77,-1.9959,333,0.25317,271,-0.0778,284,-0.0065,489,0.89703,339,0.27838,299,0.07818,217,-0.4295,292,0.04085,248,-0.2189
ENSG00000083937,CHMP2B,58,0.31681,35,-0.5003,59,0.34100,54,0.21191,43,-0.1574,68,0.58673,35,-0.4809,43,-0.1631,40,-0.2858,41,-0.2204
ENSG00000163320,CGGBP1,70,-0.2454,124,0.68103,107,0.44524,57,-0.5663,109,0.46798,62,-0.4355,72,-0.1973,59,-0.5027,102,0.35888,54,-0.6301
ENSG00000269028,MTRNR2L12,3142,-0.0046,1940,-0.7600,1052,-1.6854,1255,-1.4213,1591,-1.0634,1258,-1.4173,4946,0.74459,8305,1.68713,3337,0.09198,4687,0.65300
ENSG00000261292,AC110491.1,1,-4.1319,16,-0.4055,59,1.83167,15,-0.5046,6,-1.7018,20,-0.0300,14,-0.5749,24,0.27319,27,0.42740,23,0.17284
ENSG00000113966,ARL6,13,-1.5240,34,-0.0606,47,0.43258,44,0.35437,34,-0.0717,27,-0.4497,30,-0.2671,16,-1.1779,58,0.81046,52,0.62710
ENSG00000170854,RIOX2,12,-0.3111,8,-0.8595,35,1.42117,16,0.08734,22,0.58089,10,-0.5650,18,0.29744,13,-0.2453,13,-0.2542,3,-2.3200
ENSG00000080822,CLDND1,1403,3.55926,135,-0.9406,63,-2.0665,96,-1.4505,143,-0.8578,127,-1.0276,120,-1.1155,99,-1.4101,148,-0.7991,136,-0.9347
ENSG00000080819,CPOX,46,1.45372,32,0.79576,21,0.10762,17,-0.1761,12,-0.7480,28,0.62128,8,-1.3170,7,-1.5474,16,-0.2691,7,-1.5414
ENSG00000064225,ST3GAL6,19,-0.0544,7,-1.4138,8,-1.3678,57,1.88894,19,-0.0591,36,1.03781,12,-0.7095,6,-1.7893,19,-0.0247,10,-0.9290
ENSG00000057019,DCBLD2,8,-1.4120,53,1.57610,12,-0.8435,11,-0.9997,21,-0.0178,6,-1.7923,16,-0.3931,11,-0.9833,23,0.18438,48,1.40067
ENSG00000184220,CMSS1,21,-1.1604,43,-0.0818,64,0.53786,32,-0.5782,70,0.69854,55,0.30779,30,-0.6327,34,-0.4707,73,0.75711,35,-0.4217
ENSG00000036054,TBC1D23,16,-0.6208,41,0.91027,31,0.44212,22,-0.1367,17,-0.5361,26,0.17349,18,-0.4008,19,-0.3058,30,0.38953,16,-0.6242
ENSG00000114021,NIT2,6,-2.0959,28,0.30145,36,0.70870,32,0.49821,53,1.36646,29,0.34963,11,-1.1777,14,-0.8293,15,-0.6815,11,-1.1486
ENSG00000154174,TOMM70,38,-1.3282,117,0.44413,104,0.24197,69,-0.4003,111,0.34747,149,0.84802,75,-0.2739,53,-0.7998,90,0.01723,86,-0.0528
ENSG00000114354,TFG,48,-0.6126,85,0.28575,76,0.10785,65,-0.1443,80,0.19968,55,-0.3960,65,-0.1419,55,-0.3941,81,0.21099,100,0.55405
ENSG00000174173,TRMT10C,4,-3.1677,53,0.81035,42,0.41804,52,0.77532,34,0.07754,25,-0.4022,32,-0.0210,26,-0.3366,37,0.21057,19,-0.8082
ENSG00000081154,PCNP,155,-0.0277,180,0.20514,157,-0.0109,157,-0.0110,153,-0.0534,223,0.56028,140,-0.1868,123,-0.3952,131,-0.2975,162,0.03659
ENSG00000066422,ZBTB11,32,-0.5002,36,-0.3242,75,0.87572,49,0.15308,54,0.31636,35,-0.3590,34,-0.4194,46,0.06493,50,0.21131,31,-0.5559
ENSG00000114391,RPL24,802,0.50228,804,0.50776,524,-0.1883,503,-0.2518,375,-0.7091,671,0.20871,559,-0.0846,481,-0.3210,568,-0.0607,608,0.04999
ENSG00000182504,CEP97,42,1.28229,34,0.92363,10,-1.0102,12,-0.7418,8,-1.3095,12,-0.7674,20,0.04680,15,-0.4141,31,0.74152,11,-0.8562
ENSG00000144815,NXPE3,79,1.28845,46,0.37683,25,-0.6229,46,0.37529,24,-0.6824,40,0.14701,21,-0.8261,27,-0.4843,38,0.04542,21,-0.8661
ENSG00000170017,ALCAM,174,1.34912,76,-0.0522,101,0.40544,60,-0.4355,35,-1.2361,39,-1.0816,46,-0.8458,65,-0.2941,79,0.00537,112,0.57273
ENSG00000114439,BBX,62,1.36333,21,-0.4064,29,0.09419,19,-0.5498,16,-0.8485,8,-1.8056,20,-0.5121,37,0.47421,14,-1.0093,49,0.94818
ENSG00000196776,CD47,120,-0.5539,169,-0.0210,243,0.56908,249,0.61362,170,-0.0085,234,0.50659,109,-0.7046,85,-1.0850,198,0.23528,135,-0.3719
ENSG00000114446,IFT57,6,-3.0289,59,0.40900,51,0.17178,75,0.80783,40,-0.2326,68,0.63022,27,-0.8243,37,-0.3588,62,0.48304,36,-0.4015
ENSG00000198919,DZIP3,38,-0.7988,51,-0.3678,75,0.24904,97,0.67062,84,0.43340,85,0.45225,60,-0.1023,48,-0.4491,42,-0.6739,62,-0.0460
ENSG00000177707,NECTIN3,4,-2.3951,18,-0.3673,61,1.66555,25,0.14935,15,-0.6373,18,-0.4273,18,-0.4320,24,0.05530,34,0.59496,15,-0.7153
ENSG00000240891,PLCXD2,0,-5.4504,33,0.95455,3,-2.3795,23,0.37307,38,1.18945,37,1.12938,14,-0.4127,5,-1.8803,14,-0.4726,18,-0.0752
ENSG00000144827,ABHD10,28,-0.9534,42,-0.3645,40,-0.4273,87,0.83705,61,0.23636,79,0.68152,53,0.02085,42,-0.3648,40,-0.4326,53,0.00914
ENSG00000144834,TAGLN3,74,-2.8253,412,-0.2468,524,0.13472,575,0.28668,765,0.76533,883,1.01286,500,0.05907,233,-1.1295,376,-0.3915,475,-0.0211
ENSG00000091972,CD200,27,-2.0799,162,0.67778,112,0.07330,114,0.09853,147,0.52057,160,0.66345,69,-0.6881,51,-1.1398,115,0.11291,113,0.08731
ENSG00000144848,ATG3,119,1.06958,56,-0.1730,57,-0.1563,67,0.11374,80,0.39845,41,-0.6506,35,-0.8820,57,-0.1407,53,-0.2681,61,-0.0575
ENSG00000138459,SLC35A5,69,0.78463,50,0.26008,42,-0.0099,34,-0.3386,41,-0.0605,56,0.43744,27,-0.6962,25,-0.8240,51,0.28337,31,-0.5107
ENSG00000163608,NEPRO,26,0.12444,36,0.67342,45,1.07395,24,0.03560,23,-0.0715,22,-0.1237,16,-0.6461,15,-0.7238,19,-0.3561,12,-1.0108
ENSG00000072858,SIDT1,9,-1.2563,32,0.73992,24,0.25243,18,-0.1575,17,-0.3021,38,1.03270,18,-0.2238,13,-0.6406,14,-0.6225,21,0.04684
ENSG00000176542,USF3,14,-0.1943,9,-0.8287,9,-0.8285,11,-0.5821,9,-0.8701,41,1.66050,12,-0.4323,24,0.70939,16,0.05530,11,-0.4741
ENSG00000121579,NAA50,31,-0.7092,51,0.05505,62,0.36299,53,0.12389,72,0.61439,58,0.27316,34,-0.5687,37,-0.4423,45,-0.1371,49,-0.0152
ENSG00000114573,ATP6V1A,41,-3.1805,389,0.22440,315,-0.1134,318,-0.0966,781,1.43153,495,0.62634,279,-0.3030,149,-1.2647,294,-0.2238,321,-0.0813
ENSG00000184307,ZDHHC23,1,-4.1463,14,-0.4949,42,1.35900,15,-0.3428,48,1.57760,20,0.06038,8,-1.2660,16,-0.2966,20,0.10921,6,-1.7807
ENSG00000172020,GAP43,51,-3.5800,276,-1.1070,543,-0.0548,671,0.28600,1037,1.02360,684,0.31728,755,0.48086,316,-0.8999,836,0.65252,454,-0.3381
ENSG00000185565,LSAMP,86,-0.6322,178,0.52557,51,-1.4227,133,0.04364,151,0.25507,158,0.32303,133,0.04702,151,0.24909,83,-0.6928,167,0.42262
ENSG00000144847,IGSF11,24,0.50921,5,-1.6864,31,0.97882,18,0.04398,2,-2.7250,12,-0.4949,15,-0.2045,20,0.22076,24,0.55779,20,0.22451
ENSG00000113845,TIMMDC1,52,0.02822,70,0.49481,40,-0.4093,59,0.22305,35,-0.6014,73,0.57101,54,0.08737,38,-0.4581,37,-0.5306,56,0.14027
ENSG00000138495,COX17,125,0.04493,157,0.42026,81,-0.6273,117,-0.0616,141,0.24517,138,0.20575,99,-0.3154,83,-0.5951,167,0.52446,104,-0.2368
ENSG00000082701,GSK3B,25,-1.8299,93,0.16194,120,0.58492,93,0.16350,107,0.39409,76,-0.1503,95,0.20385,64,-0.4185,99,0.27112,66,-0.3782
ENSG00000163428,LRRC58,44,0.72325,19,-0.6042,21,-0.4412,14,-1.0480,22,-0.3682,9,-1.6524,20,-0.5253,28,0.02819,54,1.08890,49,0.90517
ENSG00000163430,FSTL1,28,0.71456,17,-0.1193,10,-0.9213,9,-1.0435,19,0.10229,7,-1.4936,12,-0.6923,41,1.35526,9,-1.0552,30,0.83545
ENSG00000065518,NDUFB4,173,-0.9161,408,0.44001,305,-0.0289,363,0.25118,334,0.11622,353,0.20157,261,-0.2793,243,-0.3901,308,-0.0159,363,0.24817
ENSG00000144840,RABL3,27,-0.1110,64,1.33681,22,-0.3889,25,-0.1975,33,0.22860,35,0.31169,14,-1.0886,31,0.10052,20,-0.5722,17,-0.8255
ENSG00000145087,STXBP5L,8,-3.4200,65,-0.3056,61,-0.4003,106,0.47102,107,0.48745,111,0.55999,56,-0.5335,58,-0.4717,131,0.83728,87,0.14623
ENSG00000173230,GOLGB1,51,-0.0473,58,0.16332,62,0.25764,41,-0.3938,36,-0.5713,37,-0.5450,55,0.06501,60,0.21349,62,0.27239,63,0.29685
ENSG00000163406,SLC15A2,21,-0.0537,24,0.16299,22,0.05796,9,-1.2179,15,-0.5664,8,-1.4208,19,-0.1763,52,1.50607,6,-1.7646,37,0.90962
ENSG00000114023,FAM162A,49,-1.2108,108,0.00065,111,0.04321,150,0.54146,130,0.29427,121,0.17894,107,-0.0130,72,-0.6264,129,0.28147,103,-0.0775
ENSG00000114030,KPNA1,37,-0.7728,53,-0.2163,93,0.69448,95,0.73226,68,0.18672,58,-0.0680,43,-0.5505,33,-0.9278,57,-0.1041,71,0.23920
ENSG00000173175,ADCY5,60,0.78485,60,0.79881,44,0.30076,27,-0.4754,46,0.36370,31,-0.2489,28,-0.4248,26,-0.5401,16,-1.2583,30,-0.3428
ENSG00000206527,HACD2,51,0.00478,24,-1.1423,111,1.32470,60,0.26403,36,-0.5501,30,-0.8284,27,-0.9822,40,-0.3529,44,-0.2209,85,0.84737
ENSG00000065534,MYLK,79,1.38373,47,0.46819,7,-2.2831,19,-0.9687,26,-0.4634,21,-0.7894,22,-0.6917,29,-0.3061,31,-0.2061,69,1.13648
ENSG00000160145,KALRN,35,-1.9945,115,-0.1945,195,0.66754,151,0.24372,152,0.25998,117,-0.1582,87,-0.6304,107,-0.2976,204,0.74534,134,0.05107
ENSG00000082781,ITGB5,45,1.09299,12,-1.0496,11,-1.1178,14,-0.8105,6,-1.9930,15,-0.7137,21,-0.1492,41,0.92421,14,-0.7539,55,1.43935
ENSG00000163848,ZNF148,30,-0.2369,26,-0.4740,51,0.60303,37,0.05427,24,-0.6267,41,0.21640,32,-0.1494,33,-0.0903,32,-0.1684,48,0.48946
ENSG00000114520,SNX4,32,-0.1404,43,0.33182,35,0.02660,49,0.54259,25,-0.5090,27,-0.3694,25,-0.5420,20,-0.8378,58,0.84875,34,-0.0490
ENSG00000114544,SLC41A3,20,-2.2945,122,0.46858,134,0.62307,82,-0.1681,127,0.53104,121,0.45746,56,-0.7674,76,-0.2809,93,0.02648,83,-0.1497
ENSG00000144908,ALDH1L1,59,0.73708,39,0.06244,30,-0.3517,20,-0.9824,15,-1.3694,21,-0.8770,28,-0.4614,87,1.40377,28,-0.4849,50,0.46203
ENSG00000159685,CHCHD6,37,-1.1281,70,-0.1575,88,0.20557,109,0.57147,87,0.19061,110,0.58307,58,-0.4396,42,-0.9242,82,0.09282,88,0.20506
ENSG00000114554,PLXNA1,28,-0.8054,26,-0.9152,74,0.73322,75,0.77356,79,0.85304,41,-0.2205,26,-0.9193,26,-0.9294,45,-0.0609,51,0.12345
ENSG00000163870,TPRA1,27,0.20240,48,1.17923,16,-0.6566,20,-0.2946,19,-0.3548,16,-0.6118,23,-0.0486,30,0.38696,25,0.06295,14,-0.7710
ENSG00000114631,PODXL2,74,-0.7841,250,1.21577,98,-0.3501,100,-0.3072,130,0.10760,174,0.58410,93,-0.4265,94,-0.4099,59,-1.1262,146,0.29570
ENSG00000114626,ABTB1,52,-0.4313,97,0.56714,62,-0.1512,89,0.42355,106,0.72738,76,0.17459,57,-0.2735,36,-0.9773,47,-0.5937,61,-0.1875
ENSG00000074416,MGLL,99,-0.5362,270,1.11054,48,-1.6246,108,-0.3995,173,0.35145,121,-0.2283,165,0.27513,180,0.41480,109,-0.3833,120,-0.2389
ENSG00000058262,SEC61A1,73,0.80751,53,0.29347,31,-0.5735,27,-0.7700,18,-1.4044,59,0.45889,38,-0.2433,39,-0.2060,31,-0.5569,76,0.88269
ENSG00000175792,RUVBL1,18,0.10628,33,1.06529,16,-0.1426,11,-0.6613,13,-0.4343,41,1.47102,9,-0.9428,13,-0.4675,11,-0.7237,7,-1.2746
ENSG00000163902,RPN1,93,-0.0052,62,-0.6326,132,0.56456,113,0.31155,80,-0.2461,138,0.64106,90,-0.0585,66,-0.5331,67,-0.5097,91,-0.0374
ENSG00000075785,RAB7A,181,-0.0386,321,0.91544,173,-0.1103,218,0.26393,198,0.10422,160,-0.2366,119,-0.6860,157,-0.2635,143,-0.4030,182,-0.0259
ENSG00000177646,ACAD9,33,0.46649,27,0.16577,32,0.40884,15,-0.7550,18,-0.4468,46,1.02934,20,-0.3287,21,-0.2670,24,-0.0443,10,-1.3255
ENSG00000240682,ISY1,21,0.42661,21,0.41123,25,0.69035,11,-0.5802,17,0.08188,22,0.53189,15,-0.0888,13,-0.3216,9,-0.8191,6,-1.3781
ENSG00000273437,AC108673.3,13,-0.4868,22,0.30264,21,0.21764,14,-0.4132,20,0.16839,16,-0.2288,16,-0.1732,16,-0.2178,14,-0.4186,30,0.81294
ENSG00000169714,CNBP,210,0.18440,371,1.15099,199,0.09998,94,-1.0674,189,0.01735,168,-0.1759,111,-0.8183,185,-0.0227,204,0.14032,141,-0.4416
ENSG00000181789,COPG1,36,-1.2200,85,0.12822,73,-0.1159,140,0.95883,75,-0.0755,80,0.02994,71,-0.1549,42,-0.9603,118,0.66167,66,-0.2757
ENSG00000183624,HMCES,17,-1.3294,50,0.33412,51,0.37153,36,-0.1826,65,0.77557,38,-0.0853,22,-0.9324,40,-0.0304,42,0.07308,44,0.11728
ENSG00000184897,H1FX,138,-0.4676,270,0.61601,263,0.57217,173,-0.1062,208,0.18584,166,-0.1755,163,-0.2038,147,-0.3612,165,-0.1814,159,-0.2366
ENSG00000129071,MBD4,39,0.79456,23,-0.0612,27,0.16647,23,-0.0747,32,0.46438,21,-0.2439,19,-0.3490,17,-0.5371,21,-0.2411,19,-0.3560
ENSG00000163913,IFT122,26,-0.2404,31,0.05736,46,0.70330,37,0.35258,28,-0.1206,24,-0.3286,12,-1.3391,18,-0.7837,40,0.48169,37,0.32171
ENSG00000004399,PLXND1,77,1.44905,16,-1.0984,54,0.79825,42,0.40359,19,-0.8267,23,-0.5871,20,-0.7437,24,-0.4934,36,0.15591,18,-0.9472
ENSG00000172765,TMCC1,31,0.01354,46,0.63691,40,0.43368,33,0.13108,12,-1.4518,40,0.40162,24,-0.3799,18,-0.8413,30,-0.0307,34,0.16359
ENSG00000196455,PIK3R4,14,-1.0570,32,0.24277,21,-0.3917,37,0.47129,45,0.81792,35,0.36123,11,-1.3910,20,-0.5153,43,0.72243,18,-0.6727
ENSG00000017260,ATP2C1,92,-0.2509,104,-0.0537,105,-0.0462,123,0.21633,153,0.57703,122,0.20036,85,-0.3697,81,-0.4578,117,0.13367,95,-0.1973
ENSG00000198585,NUDT16,115,1.29962,49,-0.1431,42,-0.3816,58,0.13736,55,0.05403,36,-0.6319,39,-0.4834,40,-0.4464,58,0.13067,42,-0.3825
ENSG00000114686,MRPL3,22,-1.4631,97,0.84693,58,0.00728,60,0.06433,72,0.34410,81,0.54483,34,-0.8447,40,-0.5908,63,0.14750,52,-0.1589
ENSG00000196353,CPNE4,4,-3.2599,50,0.38463,34,-0.2586,59,0.64479,104,1.65473,35,-0.1803,25,-0.7254,9,-2.1469,50,0.38697,26,-0.6510
ENSG00000138246,DNAJC13,31,0.13225,25,-0.2200,22,-0.3687,44,0.70119,27,-0.0864,21,-0.4362,19,-0.6393,21,-0.4942,42,0.62102,33,0.23790
ENSG00000081307,UBA5,22,-0.9691,39,-0.0687,49,0.28129,41,0.00381,42,0.04243,54,0.45543,45,0.15666,37,-0.1708,29,-0.5270,51,0.35950
ENSG00000144868,TMEM108,7,-1.8352,16,-0.5592,50,1.31027,26,0.21834,22,-0.0744,22,-0.0291,10,-1.2746,22,-0.0788,29,0.38293,25,0.15212
ENSG00000091527,CDV3,83,0.41890,100,0.71468,74,0.22954,35,-0.9278,80,0.34159,52,-0.3297,46,-0.5150,47,-0.4801,57,-0.2018,69,0.11403
ENSG00000163781,TOPBP1,5,-2.0127,17,-0.1939,32,0.83155,26,0.51715,20,0.11334,19,0.02864,16,-0.2536,12,-0.7385,14,-0.4856,29,0.69080
ENSG00000091513,TF,1571,4.95349,80,-1.4312,29,-2.9147,38,-2.5038,58,-1.9123,85,-1.3387,34,-2.6819,31,-2.8390,40,-2.4562,58,-1.9020
ENSG00000144867,SRPRB,19,-1.6684,100,0.95466,46,-0.3268,73,0.42177,52,-0.1121,46,-0.3074,48,-0.2449,40,-0.5326,57,0.01586,81,0.60363
ENSG00000154917,RAB6B,124,-2.1298,386,-0.4170,578,0.22460,597,0.27856,724,0.59794,723,0.59510,436,-0.2283,326,-0.6821,487,-0.0508,648,0.41186
ENSG00000114019,AMOTL2,70,1.31237,35,0.13858,36,0.18842,26,-0.2960,24,-0.4136,14,-1.2044,23,-0.5207,17,-0.9302,33,0.04681,40,0.38169
ENSG00000129055,ANAPC13,47,-0.5925,76,0.16642,50,-0.4699,92,0.49129,89,0.42992,82,0.29150,74,0.13467,51,-0.4678,66,-0.0454,55,-0.3349
ENSG00000182923,CEP63,23,-0.1112,22,-0.2172,30,0.32726,21,-0.2360,26,0.05237,43,0.89466,17,-0.6057,21,-0.2490,23,-0.1286,22,-0.1571
ENSG00000174579,MSL2,31,0.81727,30,0.71903,22,0.23935,26,0.50240,14,-0.4585,9,-1.1875,5,-1.9541,23,0.28098,15,-0.3485,15,-0.3283
ENSG00000114054,PCCB,34,0.42442,32,0.29002,20,-0.4332,20,-0.3970,30,0.22731,27,0.06136,32,0.31853,21,-0.3813,31,0.24734,16,-0.7749
ENSG00000168917,SLC35G2,9,-1.4394,35,0.58871,32,0.39998,18,-0.5135,40,0.80934,36,0.63874,13,-1.0056,27,0.17823,14,-0.8727,21,-0.2471
ENSG00000158092,NCK1,14,-0.5094,19,0.03005,23,0.32500,18,-0.0642,25,0.40636,16,-0.2912,12,-0.7076,21,0.14938,25,0.43572,17,-0.1365
ENSG00000114098,ARMC8,26,-1.1236,61,0.20645,41,-0.4232,96,0.97925,59,0.16534,73,0.50022,46,-0.2509,32,-0.7857,49,-0.1495,52,-0.0318
ENSG00000158186,MRAS,32,-1.4304,77,-0.0889,126,0.70042,104,0.39020,98,0.29640,60,-0.4789,51,-0.7356,95,0.23975,82,-0.0026,93,0.20446
ENSG00000051382,PIK3CB,36,-0.9274,86,0.42055,59,-0.1788,62,-0.1040,71,0.10586,84,0.37048,56,-0.2790,55,-0.2927,87,0.42616,68,0.04611
ENSG00000175110,MRPS22,18,-1.0251,59,0.85708,34,-0.0346,49,0.54983,45,0.42726,39,0.19915,24,-0.5698,19,-0.9190,27,-0.4104,34,-0.0401
ENSG00000184432,COPB2,24,-0.8279,37,-0.1395,43,0.12230,62,0.71747,35,-0.2069,44,0.15917,30,-0.4570,34,-0.2541,44,0.12711,49,0.30350
ENSG00000114115,RBP1,71,1.46105,18,-0.7520,15,-1.0448,16,-0.9759,18,-0.7531,13,-1.2845,51,0.86423,30,-0.0082,38,0.37937,30,-0.0028
ENSG00000158258,CLSTN2,38,-1.2784,88,0.00604,12,-2.9993,71,-0.3491,355,2.59361,148,0.86141,87,-0.0136,31,-1.6091,27,-1.8057,24,-1.9799
ENSG00000114120,SLC25A36,48,-0.5797,88,0.39047,58,-0.2691,57,-0.3149,108,0.73245,109,0.73792,55,-0.3541,52,-0.4427,54,-0.3764,63,-0.1557
ENSG00000155893,PXYLP1,12,-0.7037,20,0.07908,42,1.28811,24,0.33928,11,-0.8492,26,0.47835,10,-0.9901,18,-0.1552,11,-0.8076,19,-0.0177
ENSG00000177311,ZBTB38,49,-0.4544,108,0.80915,84,0.38234,73,0.17211,52,-0.3779,76,0.22042,46,-0.5636,39,-0.8064,60,-0.1528,73,0.15897
ENSG00000155903,RASA2,7,-1.6285,33,0.72397,17,-0.2813,18,-0.2227,37,0.91814,24,0.23570,12,-0.8998,15,-0.4626,21,0.03425,25,0.25878
ENSG00000114125,RNF7,57,-0.3577,102,0.58485,99,0.53126,67,-0.1026,125,0.92838,76,0.08879,45,-0.7238,47,-0.6641,49,-0.6055,49,-0.5980
ENSG00000069849,ATP1B3,67,-0.6218,167,0.83802,74,-0.4782,119,0.28151,122,0.31561,153,0.69288,66,-0.6475,61,-0.7862,95,-0.0812,79,-0.3825
ENSG00000114126,TFDP2,7,-1.4078,10,-0.8650,22,0.37051,13,-0.4278,34,1.11388,10,-0.8554,22,0.33510,28,0.79504,10,-0.8383,18,0.08804
ENSG00000114127,XRN1,13,-0.2737,24,0.72649,18,0.30600,9,-0.8368,17,0.16162,12,-0.3780,11,-0.4464,14,-0.1076,25,0.80640,9,-0.7916
ENSG00000175054,ATR,0,-5.5062,15,-0.2980,30,0.85171,27,0.65648,22,0.34892,25,0.54107,7,-1.3497,14,-0.3898,27,0.67648,11,-0.6830
ENSG00000144935,TRPC1,32,-0.1220,25,-0.5002,47,0.49726,42,0.31531,37,0.13662,68,1.15352,12,-1.5590,15,-1.2181,18,-0.9553,46,0.48201
ENSG00000163714,U2SURP,66,0.49124,54,0.16130,60,0.33161,49,0.00989,56,0.22671,48,-0.0310,39,-0.3490,41,-0.2650,26,-0.9635,48,-0.0131
ENSG00000175040,CHST2,10,-2.0936,57,0.47190,68,0.74690,56,0.42833,79,1.01232,68,0.75616,25,-0.8524,19,-1.2679,21,-1.0594,26,-0.7976
ENSG00000181744,DIPK2A,38,0.71180,42,0.87677,30,0.32493,22,-0.2028,31,0.34000,14,-0.8641,18,-0.4926,7,-1.8928,22,-0.1520,23,-0.1262
ENSG00000114698,PLSCR4,25,0.86152,16,0.13359,2,-2.6046,9,-0.6911,9,-0.6479,3,-2.1225,16,0.19453,43,1.88863,9,-0.6870,12,-0.3323
ENSG00000163754,GYG1,15,-1.4846,40,-0.0144,23,-0.8542,57,0.54234,78,1.06581,41,-0.0072,39,-0.0601,32,-0.3694,17,-1.3461,66,0.77654
ENSG00000071794,HLTF,33,-0.1538,48,0.41888,44,0.28381,33,-0.1782,25,-0.5776,38,0.06580,29,-0.3851,43,0.23481,26,-0.5685,50,0.47889
ENSG00000114744,COMMD2,20,0.03894,29,0.63587,23,0.21529,19,-0.0887,26,0.45661,27,0.48224,8,-1.3330,24,0.29625,12,-0.7442,10,-1.0691
ENSG00000082996,RNF13,161,1.41797,82,0.24482,39,-0.9038,62,-0.1848,70,0.00352,98,0.54880,44,-0.7250,60,-0.2376,38,-0.9400,46,-0.6591
ENSG00000070087,PFN2,221,-1.3499,605,0.21284,573,0.12623,811,0.70016,948,0.97067,528,-0.0075,542,0.03718,270,-1.0510,514,-0.0486,289,-0.9472
ENSG00000196428,TSC22D2,12,-2.2298,64,0.33171,76,0.62385,53,0.03743,68,0.44038,47,-0.1544,35,-0.6192,43,-0.2852,65,0.36879,56,0.11421
ENSG00000120742,SERP1,99,-0.0666,145,0.55480,103,0.00274,93,-0.1729,93,-0.1728,77,-0.4661,86,-0.2918,121,0.26141,97,-0.0999,119,0.22636
ENSG00000144895,EIF2A,35,-0.7005,66,0.28319,99,0.96261,57,0.04878,43,-0.4038,51,-0.1371,32,-0.8446,42,-0.4143,87,0.75016,41,-0.4776
ENSG00000198843,SELENOT,83,-0.9565,178,0.23353,150,-0.0463,116,-0.4537,180,0.25197,245,0.76187,119,-0.4139,131,-0.2544,157,0.03109,183,0.27599
ENSG00000181788,SIAH2,13,-1.2689,21,-0.5272,51,0.91645,53,0.99863,35,0.26754,18,-0.7684,26,-0.1779,21,-0.5182,20,-0.6033,35,0.30254
ENSG00000144893,MED12L,0,-7.6821,26,-0.0192,53,1.20817,28,0.11028,13,-1.0881,26,0.01120,22,-0.2733,16,-0.6900,49,1.06616,26,0.02468
ENSG00000152601,MBNL1,35,-1.1566,68,-0.1390,89,0.31205,122,0.82494,74,0.00367,104,0.55510,49,-0.6364,57,-0.3931,62,-0.2811,78,0.09559
ENSG00000181467,RAP2B,17,-0.7047,19,-0.5177,32,0.29081,17,-0.6653,21,-0.3489,35,0.44190,19,-0.5288,32,0.28356,38,0.59272,35,0.47151
ENSG00000114790,ARHGEF26,21,0.25068,16,-0.1706,10,-0.8667,10,-0.8773,5,-1.7666,9,-1.0345,13,-0.4786,47,1.65904,9,-0.9839,38,1.25027
ENSG00000174953,DHX36,15,-1.8520,75,0.64540,44,-0.2373,60,0.25626,56,0.16942,67,0.45485,31,-0.7816,38,-0.4619,70,0.52265,52,0.04011
ENSG00000114805,PLCH1,0,-7.6866,70,1.70835,2,-3.7768,15,-0.8781,67,1.63472,49,1.04278,17,-0.6362,8,-1.6894,18,-0.6005,15,-0.8797
ENSG00000169359,SLC33A1,9,-1.2136,32,0.77788,28,0.56187,16,-0.3093,16,-0.2999,37,1.05317,17,-0.1959,12,-0.7937,14,-0.5098,16,-0.3561
ENSG00000163655,GMPS,17,-1.0585,55,0.74465,46,0.43963,49,0.54664,48,0.50747,24,-0.5501,24,-0.5718,39,0.18040,29,-0.2842,17,-1.0818
ENSG00000169282,KCNAB1,12,-2.5578,71,0.12429,30,-1.1996,50,-0.4425,124,1.05871,149,1.38297,72,0.14167,38,-0.8472,36,-0.9527,78,0.26033
ENSG00000114850,SSR3,79,-0.1286,103,0.28167,62,-0.5032,102,0.27513,68,-0.3749,76,-0.2076,99,0.22433,68,-0.3685,77,-0.1681,127,0.63001
ENSG00000163660,CCNL1,58,1.63683,39,0.91137,17,-0.3703,14,-0.7521,20,-0.1849,17,-0.4214,12,-0.9193,21,-0.0521,7,-1.7712,18,-0.3566
ENSG00000174891,RSRC1,33,-0.3649,28,-0.6093,32,-0.4273,49,0.28274,29,-0.5728,61,0.64069,46,0.18311,42,0.02188,57,0.52388,37,-0.1857
ENSG00000178053,MLF1,16,-0.2560,23,0.29279,21,0.16461,15,-0.3470,19,0.02675,28,0.64332,9,-1.0758,30,0.72025,12,-0.6605,16,-0.2779
ENSG00000168827,GFM1,38,-0.1803,43,0.03314,47,0.18033,55,0.42332,37,-0.2046,52,0.32528,40,-0.1024,36,-0.2475,36,-0.2622,39,-0.1190
ENSG00000118855,MFSD1,26,0.41462,15,-0.4888,25,0.33554,20,-0.0396,23,0.20402,31,0.71052,17,-0.2997,17,-0.2695,16,-0.3999,13,-0.6778
ENSG00000180044,C3orf80,5,-3.7790,56,-0.1796,118,1.05577,102,0.80037,127,1.18540,57,-0.1611,36,-0.8389,31,-1.0911,58,-0.1170,37,-0.8057
ENSG00000068885,IFT80,43,0.30575,38,0.11312,28,-0.3938,75,1.26236,37,0.08452,38,0.10296,22,-0.7138,31,-0.2155,18,-1.0256,24,-0.5842
ENSG00000186432,KPNA4,59,-0.6285,111,0.37003,109,0.34794,89,0.02274,92,0.07388,128,0.61454,53,-0.7903,71,-0.3313,62,-0.5378,105,0.28677
ENSG00000163590,PPM1L,12,-3.0118,140,0.65145,119,0.38367,81,-0.2325,74,-0.3758,149,0.76059,64,-0.6030,80,-0.2616,128,0.50080,93,-0.0214
ENSG00000169255,B3GALNT1,24,-1.4660,96,0.68017,95,0.67039,53,-0.2687,73,0.24115,68,0.11677,46,-0.4899,40,-0.6908,71,0.18634,64,0.03088
ENSG00000169251,NMD3,32,0.29163,26,-0.0028,25,-0.0959,21,-0.3344,31,0.23393,28,0.11670,20,-0.3906,22,-0.2564,31,0.28058,26,0.00104
ENSG00000196542,SPTSSB,2,-3.6333,49,0.71260,12,-1.4787,60,1.05676,52,0.83354,47,0.65651,26,-0.3235,8,-1.9816,38,0.29679,21,-0.6140
ENSG00000121871,SLITRK3,11,-1.1546,51,1.34818,26,0.21515,25,0.12416,21,-0.1250,19,-0.2720,13,-0.9140,15,-0.6690,24,0.10086,24,0.08606
ENSG00000114209,PDCD10,36,-0.3305,52,0.27822,56,0.39649,56,0.37872,43,-0.0200,49,0.16867,27,-0.7519,29,-0.6211,55,0.36388,36,-0.3130
ENSG00000163536,SERPINI1,61,-3.8548,1105,0.51878,1005,0.36277,1174,0.62112,1087,0.49138,1307,0.80418,476,-0.8209,361,-1.2409,966,0.29763,500,-0.7429
ENSG00000173905,GOLIM4,49,-0.0416,67,0.46769,24,-1.1479,31,-0.7522,33,-0.6444,35,-0.5368,57,0.22772,105,1.26382,35,-0.5388,63,0.36852
ENSG00000008952,SEC62,344,0.24995,267,-0.1570,228,-0.4044,355,0.30054,252,-0.2459,250,-0.2599,272,-0.1258,317,0.11891,331,0.18834,330,0.18012
ENSG00000173889,PHC3,30,0.34382,46,1.05018,29,0.26571,21,-0.2632,25,0.06262,13,-0.9409,12,-1.0719,27,0.16355,15,-0.7193,25,0.06313
ENSG00000163558,PRKCI,11,-2.1275,33,-0.4658,97,1.33084,55,0.34573,65,0.62294,39,-0.1850,31,-0.5416,24,-0.9251,50,0.18562,37,-0.2576
ENSG00000136603,SKIL,31,-0.2934,30,-0.3430,72,1.12071,42,0.21397,37,-0.0134,21,-0.9006,32,-0.2206,28,-0.4509,36,-0.0467,42,0.19573
ENSG00000013297,CLDN11,781,4.96611,33,-1.6977,16,-2.7383,21,-2.3440,23,-2.2139,29,-1.8871,30,-1.8130,17,-2.6575,23,-2.2091,28,-1.9120
ENSG00000013293,SLC7A14,40,-0.5152,104,1.01566,84,0.65480,53,-0.1093,52,-0.1352,59,0.06702,59,0.07988,38,-0.5921,30,-0.9608,44,-0.3876
ENSG00000163584,RPL22L1,19,-0.0587,31,0.72320,28,0.58463,14,-0.5406,24,0.29503,24,0.28188,6,-1.7358,17,-0.2170,14,-0.5699,21,0.10384
ENSG00000163577,EIF5A2,10,-1.5741,20,-0.6302,15,-1.0378,53,0.95012,57,1.07686,44,0.62936,57,1.08222,16,-0.9914,17,-0.8545,9,-1.7885
ENSG00000154310,TNIK,19,-1.2405,61,0.56430,27,-0.7440,31,-0.5379,39,-0.1488,54,0.35414,40,-0.1006,75,0.90460,39,-0.1539,47,0.12900
ENSG00000144959,NCEH1,14,-2.9972,79,-0.4548,137,0.41380,148,0.54158,123,0.24217,153,0.60323,120,0.20805,55,-1.0097,97,-0.1357,132,0.35836
ENSG00000169760,NLGN1,12,-1.0526,16,-0.6481,27,0.18003,20,-0.3171,10,-1.2943,19,-0.3988,32,0.44675,20,-0.2663,64,1.69047,21,-0.2007
ENSG00000177565,TBL1XR1,49,-1.2569,108,-0.0383,171,0.72406,100,-0.1502,144,0.44062,71,-0.6764,87,-0.3693,83,-0.4411,130,0.26288,158,0.59051
ENSG00000172667,ZMAT3,31,-2.0031,135,0.24401,104,-0.1713,133,0.21940,104,-0.1736,172,0.64420,105,-0.1628,136,0.25451,116,-0.0028,125,0.11812
ENSG00000121879,PIK3CA,17,-0.7991,47,0.76144,26,-0.1779,22,-0.4315,29,-0.0251,17,-0.8285,37,0.35608,32,0.14268,43,0.60889,23,-0.3548
ENSG00000121864,ZNF639,20,-0.1642,12,-0.9754,32,0.59915,41,1.01508,35,0.73005,19,-0.2161,17,-0.4577,22,-0.0188,15,-0.6252,10,-1.2352
ENSG00000171109,MFN1,20,-0.2198,23,0.02738,22,-0.0836,28,0.34847,23,-0.0089,23,0.02903,29,0.37464,19,-0.2811,13,-0.9082,29,0.36904
ENSG00000114450,GNB4,30,0.80591,44,1.48441,13,-0.5120,9,-1.0939,21,0.21281,19,0.03593,16,-0.1727,12,-0.6747,7,-1.4343,12,-0.6116
ENSG00000136522,MRPL47,28,-0.8424,36,-0.4401,45,-0.1124,92,1.08380,38,-0.3637,74,0.70183,45,-0.1148,33,-0.5587,39,-0.3165,50,0.07034
ENSG00000136521,NDUFB5,98,-0.9001,232,0.45680,176,0.00318,193,0.15480,244,0.53583,220,0.36828,153,-0.2226,139,-0.3723,159,-0.1583,141,-0.3438
ENSG00000114757,PEX5L,134,-0.0869,63,-1.2354,165,0.25137,265,1.05111,151,0.10332,128,-0.1583,117,-0.2955,93,-0.6493,193,0.51019,103,-0.4902
ENSG00000163728,TTC14,53,1.25740,17,-0.6051,21,-0.2575,21,-0.3063,15,-0.7989,25,0.01770,27,0.14455,31,0.32019,10,-1.3295,30,0.29368
ENSG00000114416,FXR1,102,0.63169,76,0.14902,71,0.02872,63,-0.1602,58,-0.2949,84,0.30094,51,-0.4923,58,-0.2778,77,0.16453,55,-0.3565
ENSG00000205981,DNAJC19,44,-0.8835,103,0.45038,81,0.06134,76,-0.0560,97,0.34924,121,0.70891,70,-0.1883,54,-0.5846,93,0.28283,44,-0.8962
ENSG00000242808,SOX2-OT,817,3.68679,109,-0.3809,51,-1.5167,30,-2.2972,45,-1.7070,61,-1.2626,49,-1.5771,72,-1.0108,48,-1.6267,101,-0.4920
ENSG00000181449,SOX2,87,0.36314,115,0.83061,46,-0.6230,31,-1.2354,18,-2.0634,48,-0.5819,39,-0.8971,146,1.25465,39,-0.9003,125,0.98777
ENSG00000043093,DCUN1D1,72,0.52545,96,1.02408,44,-0.2804,42,-0.3403,38,-0.4760,51,-0.0182,27,-0.9943,51,-0.0210,31,-0.8139,68,0.42109
ENSG00000078070,MCCC1,28,0.08711,24,-0.1626,17,-0.6412,28,0.09128,38,0.59998,29,0.11360,28,0.10774,15,-0.8363,22,-0.2779,35,0.43862
ENSG00000114796,KLHL24,72,1.02287,50,0.41560,27,-0.5899,24,-0.7746,31,-0.3505,32,-0.3267,27,-0.5678,52,0.47657,32,-0.3241,43,0.15823
ENSG00000163872,YEATS2,17,-1.1667,27,-0.4897,60,0.79637,53,0.60536,61,0.84339,29,-0.3682,34,-0.1296,27,-0.4497,39,0.10590,19,-0.9764
ENSG00000180834,MAP6D1,163,2.38299,37,-0.2860,63,0.59068,39,-0.1809,9,-2.3034,22,-1.0791,29,-0.6238,19,-1.2888,36,-0.3129,23,-1.0145
ENSG00000175193,PARL,40,0.44508,48,0.78521,22,-0.4586,44,0.62022,27,-0.1507,28,-0.1053,30,-0.0059,26,-0.2025,17,-0.8300,17,-0.9023
ENSG00000114770,ABCC5,43,-0.5898,66,0.05418,100,0.74723,78,0.32845,68,0.10241,74,0.25507,44,-0.5687,45,-0.5491,84,0.46676,32,-1.0429
ENSG00000145191,EIF2B5,50,0.30915,36,-0.2326,56,0.46954,61,0.61157,45,0.11352,56,0.48598,34,-0.3200,29,-0.5625,24,-0.8604,26,-0.7298
ENSG00000161202,DVL3,44,0.16211,30,-0.4232,45,0.21078,45,0.20610,51,0.38389,36,-0.1701,30,-0.4318,30,-0.4449,30,-0.4441,57,0.57231
ENSG00000161203,AP2M1,276,-1.2748,651,0.05230,747,0.27452,894,0.57352,1055,0.85443,639,0.02206,519,-0.3086,311,-1.0952,583,-0.1251,627,-0.0075
ENSG00000161204,ABCF3,28,-0.1936,34,0.11642,29,-0.0951,32,0.04278,34,0.12716,38,0.30384,26,-0.2738,22,-0.5392,33,0.06691,37,0.27826
ENSG00000163888,CAMK2N2,33,-1.6275,124,0.42827,118,0.34746,115,0.31068,53,-0.9134,118,0.34614,89,-0.0951,99,0.06439,78,-0.3166,124,0.43463
ENSG00000175166,PSMD2,74,-0.9191,159,0.27127,124,-0.1333,183,0.50313,175,0.42226,122,-0.1564,118,-0.2065,88,-0.6711,122,-0.1626,181,0.48540
ENSG00000114867,EIF4G1,73,-0.1163,114,0.59955,86,0.14765,98,0.35579,70,-0.1855,69,-0.2103,59,-0.4622,46,-0.8328,77,-0.0288,95,0.30441
ENSG00000175182,FAM131A,32,-2.3254,123,-0.3035,279,1.04800,188,0.37663,157,0.08428,185,0.34787,132,-0.1900,93,-0.7342,210,0.55725,92,-0.7575
ENSG00000163882,POLR2H,39,0.00707,49,0.36829,50,0.38582,43,0.13734,47,0.30225,36,-0.1449,34,-0.1979,28,-0.5206,36,-0.1307,29,-0.4690
ENSG00000090539,CHRD,10,-1.9544,83,1.31251,41,0.09956,40,0.06584,52,0.49025,47,0.32561,26,-0.6091,36,-0.1117,26,-0.6046,22,-0.8304
ENSG00000177383,MAGEF1,42,-0.6813,98,0.65934,98,0.66191,64,-0.0452,75,0.21890,72,0.14203,30,-1.1942,50,-0.4338,78,0.28738,48,-0.4807
ENSG00000156931,VPS8,27,-0.2877,39,0.32299,22,-0.5452,46,0.58916,37,0.22286,56,0.90883,18,-0.8523,22,-0.5700,22,-0.6014,31,-0.0432
ENSG00000187068,C3orf70,31,0.11029,24,-0.2793,29,0.02756,22,-0.3951,14,-1.1163,12,-1.3447,23,-0.3319,52,0.97403,55,1.08858,25,-0.2155
ENSG00000073803,MAP3K13,36,-0.4579,64,0.47075,44,-0.1351,46,-0.0534,58,0.28847,46,-0.0630,44,-0.1528,47,-0.0363,45,-0.1131,51,0.08962
ENSG00000163904,SENP2,26,-0.9287,52,0.12264,74,0.70690,60,0.36047,44,-0.1358,54,0.19893,37,-0.4076,29,-0.7676,54,0.18759,49,0.04335
ENSG00000136527,TRA2B,56,-0.6110,72,-0.2065,93,0.20474,90,0.14016,94,0.22189,83,0.01124,78,-0.0936,75,-0.1386,109,0.45950,72,-0.2070
ENSG00000244405,ETV5,21,-1.9194,73,-0.0657,157,1.21706,49,-0.6693,84,0.16498,88,0.22747,87,0.22076,67,-0.1899,71,-0.1186,63,-0.2998
ENSG00000058866,DGKG,14,-0.4303,15,-0.2527,37,1.20171,20,0.16476,13,-0.4796,8,-1.2245,11,-0.7735,14,-0.3493,13,-0.4999,35,1.08681
ENSG00000090520,DNAJB11,27,-0.0936,36,0.33647,43,0.64243,27,-0.1341,40,0.52976,25,-0.2321,32,0.15542,19,-0.6657,21,-0.4952,20,-0.5704
ENSG00000156976,EIF4A2,285,-1.7425,1409,0.76161,1039,0.25384,1355,0.69568,1066,0.29563,1018,0.22044,589,-0.6460,541,-0.7773,901,0.02254,681,-0.4211
ENSG00000073849,ST6GAL1,78,1.12028,25,-0.7148,29,-0.4965,23,-0.8473,48,0.29782,36,-0.1645,31,-0.4165,40,0.00228,38,-0.0724,51,0.40104
ENSG00000157005,SST,24,-3.4259,282,0.25615,104,-1.2944,30,-3.1385,28,-3.1988,1430,3.71018,72,-1.8402,151,-0.7288,101,-1.3333,186,-0.4101
ENSG00000113916,BCL6,40,0.08361,47,0.35619,30,-0.3453,38,0.02257,28,-0.4414,29,-0.4023,35,-0.1314,27,-0.4920,59,0.73524,43,0.20763
ENSG00000152492,CCDC50,61,1.04340,35,0.08890,10,-1.7211,27,-0.3203,15,-1.1511,23,-0.5283,29,-0.2068,39,0.28959,19,-0.8520,69,1.25077
ENSG00000114279,FGF12,24,-3.1825,235,0.27323,190,-0.0685,239,0.30407,174,-0.2049,327,0.83022,177,-0.1785,132,-0.6314,263,0.45786,221,0.17527
ENSG00000180611,MB21D2,12,-0.7419,21,0.04013,35,0.91655,18,-0.1565,33,0.81411,27,0.47116,23,0.22605,6,-1.6767,12,-0.8300,13,-0.6337
ENSG00000127249,ATP13A4,36,1.04368,12,-0.6839,15,-0.3577,7,-1.5302,13,-0.5303,10,-1.0097,15,-0.3151,44,1.40838,12,-0.7475,26,0.50937
ENSG00000198836,OPA1,56,-1.1628,128,0.11337,182,0.69185,108,-0.1590,128,0.11659,125,0.06811,100,-0.2814,87,-0.4930,135,0.20328,144,0.30302
ENSG00000133657,ATP13A3,19,-0.8436,39,0.30864,43,0.44904,50,0.72260,17,-0.9421,28,-0.1949,19,-0.8234,33,0.04213,29,-0.1420,45,0.52343
ENSG00000114331,ACAP2,29,0.37712,13,-0.8474,43,1.01553,23,-0.0346,24,0.07635,27,0.23811,12,-0.9434,36,0.69508,8,-1.5829,16,-0.5425
ENSG00000184203,PPP1R2,26,-1.5276,84,0.29018,86,0.32762,98,0.54227,93,0.46333,78,0.18238,68,-0.0360,54,-0.4138,69,-0.0297,45,-0.7025
ENSG00000189058,APOD,1209,2.41440,374,0.23020,150,-1.1900,136,-1.3437,202,-0.7416,157,-1.1250,203,-0.7351,222,-0.5936,166,-1.0443,426,0.44356
ENSG00000061938,TNK2,124,0.69666,81,-0.0064,64,-0.3726,70,-0.2244,72,-0.1865,126,0.72579,69,-0.2465,87,0.11358,52,-0.7005,65,-0.3380
ENSG00000072274,TFRC,21,-0.8597,77,1.19882,24,-0.6762,43,0.19637,43,0.21437,41,0.12239,22,-0.8004,43,0.20209,25,-0.6219,37,-0.0257
ENSG00000161217,PCYT1A,38,1.09738,16,-0.3027,23,0.26287,18,-0.1401,20,0.01822,16,-0.2812,18,-0.1679,17,-0.1961,18,-0.1433,12,-0.7658
ENSG00000213123,TCTEX1D2,13,-1.7986,49,0.20273,63,0.62609,64,0.64356,69,0.76917,63,0.60718,28,-0.6702,19,-1.2531,33,-0.4157,30,-0.5458
ENSG00000163960,UBXN7,21,0.08054,10,-1.1266,15,-0.4773,22,0.13078,11,-0.9421,28,0.52763,27,0.47267,23,0.18618,23,0.17687,23,0.21073
ENSG00000163961,RNF168,22,-0.4157,39,0.47933,31,0.09380,18,-0.7098,25,-0.2284,35,0.30198,29,-0.0182,25,-0.2540,36,0.34115,31,0.07516
ENSG00000174013,FBXO45,35,-0.0450,38,0.09655,53,0.63574,29,-0.3558,44,0.33586,30,-0.2802,38,0.09458,23,-0.6564,38,0.10054,30,-0.2712
ENSG00000163964,PIGX,14,-2.0280,73,0.47784,72,0.46223,53,-0.0280,64,0.27837,84,0.71789,48,-0.2009,34,-0.7053,62,0.22162,37,-0.5944
ENSG00000180370,PAK2,81,1.24077,41,0.10222,25,-0.7075,33,-0.2725,21,-0.9377,22,-0.8842,41,0.10307,32,-0.2971,29,-0.4319,62,0.78061
ENSG00000119231,SENP5,25,-0.7491,68,0.83929,37,-0.1512,43,0.07271,35,-0.2542,41,0.00346,28,-0.5906,28,-0.5872,38,-0.1005,66,0.77403
ENSG00000114503,NCBP2,44,-0.1382,45,-0.1009,66,0.50388,60,0.33812,49,0.03507,61,0.36897,34,-0.5446,49,0.01163,43,-0.1960,32,-0.6174
ENSG00000270170,NCBP2AS2,25,-1.0785,71,0.58356,68,0.50903,38,-0.4189,59,0.27203,64,0.41004,29,-0.8482,30,-0.7986,45,-0.1434,68,0.52088
ENSG00000119227,PIGZ,13,-0.5738,17,-0.2165,28,0.62207,23,0.30682,22,0.21875,28,0.59494,25,0.41863,15,-0.4181,11,-0.8760,10,-0.9323
ENSG00000075711,DLG1,170,1.04671,132,0.61736,82,-0.1529,61,-0.6126,110,0.30602,56,-0.7582,57,-0.7241,43,-1.1430,109,0.28833,87,-0.0609
ENSG00000161267,BDH1,27,-0.5524,25,-0.6669,55,0.57717,63,0.80965,30,-0.4080,45,0.24238,46,0.28102,22,-0.8682,47,0.30330,26,-0.5925
ENSG00000145016,RUBCN,65,0.78757,46,0.22299,45,0.16281,42,0.06941,34,-0.2805,45,0.18656,29,-0.5073,38,-0.0812,30,-0.4491,28,-0.5539
ENSG00000122068,FYTTD1,40,-0.3298,56,0.20811,66,0.48784,42,-0.2351,57,0.23994,44,-0.1631,34,-0.5565,33,-0.6137,55,0.19167,62,0.39066
ENSG00000186001,LRCH3,41,1.42105,24,0.45669,19,0.14131,16,-0.1605,11,-0.7463,18,0.04700,7,-1.4174,23,0.38994,3,-2.3310,15,-0.2570
ENSG00000182899,RPL35A,820,0.68896,701,0.42403,575,0.10260,430,-0.3584,512,-0.0852,400,-0.4740,445,-0.3061,507,-0.1012,541,0.00273,468,-0.2279
ENSG00000182903,ZNF721,28,0.21068,28,0.16286,22,-0.1782,18,-0.4891,34,0.48779,22,-0.2095,14,-0.8371,22,-0.1578,15,-0.7217,45,0.96217
ENSG00000174227,PIGG,19,-0.0039,4,-2.1150,33,0.96416,15,-0.3532,21,0.21424,20,0.08418,16,-0.2613,21,0.17824,19,0.03591,18,-0.0204
ENSG00000273238,TMEM271,10,-2.5441,43,-0.3783,84,0.71984,63,0.23283,73,0.47614,48,-0.1950,49,-0.1472,57,0.06671,72,0.46554,44,-0.3226
ENSG00000169020,ATP5ME,831,0.45122,595,-0.0917,505,-0.3517,736,0.25032,564,-0.1762,696,0.16046,504,-0.3536,539,-0.2481,511,-0.3320,821,0.43016
ENSG00000185619,PCGF3,29,-0.4678,44,0.19243,43,0.15275,51,0.45177,46,0.27213,39,0.01644,32,-0.3002,31,-0.3261,34,-0.2028,39,-0.0070
ENSG00000168993,CPLX1,35,-2.9103,213,-0.2335,109,-1.2595,429,0.92148,368,0.65845,322,0.43485,335,0.50007,143,-0.8518,215,-0.2181,296,0.29685
ENSG00000178950,GAK,80,0.69330,54,0.04426,57,0.14639,44,-0.2745,61,0.25124,65,0.33756,46,-0.2087,49,-0.0981,21,-1.3889,46,-0.1875
ENSG00000127419,TMEM175,59,0.74605,50,0.45487,44,0.24353,42,0.17182,27,-0.5423,42,0.16784,20,-0.9358,29,-0.4178,27,-0.5357,37,-0.0236
ENSG00000145214,DGKQ,14,-0.8592,31,0.40374,25,0.07516,20,-0.2514,35,0.63310,23,-0.0795,22,-0.1232,13,-0.8818,42,0.94472,13,-0.8996
ENSG00000127418,FGFRL1,50,1.19120,26,0.09211,4,-2.5173,9,-1.4775,4,-2.5851,30,0.31634,16,-0.6025,38,0.74439,7,-1.7675,58,1.49020
ENSG00000159692,CTBP1,128,-0.4605,258,0.67031,180,0.08353,144,-0.2739,196,0.21687,210,0.33204,175,0.03782,139,-0.3343,129,-0.4437,153,-0.1755
ENSG00000090316,MAEA,63,-0.1762,53,-0.4369,100,0.57740,102,0.60825,84,0.29463,81,0.23476,45,-0.6755,49,-0.5522,73,0.07539,50,-0.5245
ENSG00000163950,SLBP,37,-0.9547,77,0.16516,92,0.44391,92,0.45766,100,0.59082,83,0.28802,58,-0.2796,39,-0.9096,65,-0.1110,52,-0.4439
ENSG00000168936,TMEM129,36,0.55347,24,-0.0950,38,0.65702,21,-0.3113,23,-0.1670,29,0.19276,9,-1.5150,23,-0.1665,10,-1.3582,41,0.80456
ENSG00000068078,FGFR3,131,0.46010,95,-0.0639,45,-1.2038,36,-1.5513,52,-0.9922,39,-1.4198,82,-0.2970,247,1.58074,44,-1.2403,216,1.33314
ENSG00000168924,LETM1,48,0.03855,41,-0.2015,65,0.55202,35,-0.4471,49,0.08025,49,0.09049,47,0.01721,43,-0.1163,31,-0.6418,57,0.33040
ENSG00000109685,NSD2,23,-0.9396,33,-0.3818,72,0.87187,46,0.14063,40,-0.0944,51,0.28942,38,-0.1803,48,0.17969,45,0.09970,28,-0.6233
ENSG00000185049,NELFA,22,0.15747,15,-0.4287,32,0.78345,17,-0.2673,12,-0.7760,21,0.08199,15,-0.3875,25,0.36949,21,0.12426,18,-0.1604
ENSG00000243449,C4orf48,659,0.90367,265,-0.5813,319,-0.2882,562,0.63088,292,-0.4252,333,-0.2200,323,-0.2687,266,-0.5746,412,0.11698,397,0.05793
ENSG00000185818,NAT8L,172,-0.4871,166,-0.5442,285,0.31866,268,0.21929,202,-0.2389,221,-0.0951,323,0.52643,232,-0.0130,253,0.12552,220,-0.0991
ENSG00000123933,MXD4,59,0.68747,46,0.29153,41,0.08623,22,-0.8788,35,-0.1425,27,-0.5261,21,-0.9624,59,0.68236,19,-1.0945,57,0.64701
ENSG00000159733,ZFYVE28,9,-1.4205,13,-0.9594,43,0.98956,63,1.69000,20,-0.2906,33,0.53115,8,-1.6776,19,-0.3021,18,-0.3919,11,-1.2199
ENSG00000063978,RNF4,24,-0.9308,39,-0.2004,48,0.13408,81,1.02213,38,-0.2341,22,-1.0583,47,0.10587,42,-0.0820,66,0.65976,33,-0.4365
ENSG00000087274,ADD1,212,0.02661,180,-0.2328,207,-0.0097,181,-0.2268,241,0.23131,279,0.47315,160,-0.4130,210,0.01473,179,-0.2432,236,0.19825
ENSG00000109736,MFSD10,22,-0.5592,28,-0.1854,52,0.82363,32,0.00872,47,0.65314,20,-0.7220,30,-0.0952,14,-1.2757,17,-0.9512,55,0.89970
ENSG00000197386,HTT,21,-1.5652,80,0.48596,78,0.43781,51,-0.2346,70,0.25189,54,-0.1678,63,0.10007,42,-0.5420,68,0.20243,68,0.21914
ENSG00000159788,RGS12,46,0.20880,59,0.60631,70,0.88514,19,-1.1603,7,-2.5639,6,-2.8406,16,-1.4477,70,0.88853,18,-1.2130,96,1.46464
ENSG00000163956,LRPAP1,97,-0.9110,181,0.05518,251,0.59798,189,0.12636,198,0.20160,225,0.41440,121,-0.5772,130,-0.4652,205,0.26231,148,-0.2599
ENSG00000132406,TMEM128,37,0.90410,56,1.65093,21,0.00332,12,-0.8929,18,-0.2612,15,-0.5106,11,-0.9957,18,-0.2986,7,-1.5564,18,-0.2900
ENSG00000168824,NSG1,18,-3.3845,207,0.28219,222,0.39819,261,0.66985,203,0.25275,249,0.59312,154,-0.1866,102,-0.8217,178,0.04489,141,-0.3319
ENSG00000168818,STX18,42,1.07002,11,-1.0913,13,-0.7564,29,0.44967,15,-0.5797,18,-0.2537,24,0.17076,14,-0.6835,30,0.52350,22,-0.0035
ENSG00000072832,CRMP1,55,-1.8394,215,0.25932,246,0.47883,162,-0.1944,188,0.04169,270,0.63190,160,-0.2172,125,-0.5962,204,0.17425,208,0.20143
ENSG00000181215,C4orf50,3,-2.5640,11,-0.9794,43,1.24666,32,0.74152,31,0.68749,17,-0.2255,22,0.11499,9,-1.1837,17,-0.2385,17,-0.2726
ENSG00000152969,JAKMIP1,9,-2.9884,78,0.17212,91,0.43684,116,0.83511,76,0.14829,66,-0.0859,57,-0.3229,64,-0.1435,65,-0.1053,75,0.12045
ENSG00000109501,WFS1,94,0.62265,59,-0.1492,125,1.10980,51,-0.3824,38,-0.8177,39,-0.7908,25,-1.4590,114,0.94038,38,-0.8118,63,-0.0467
ENSG00000074211,PPP2R2C,122,-0.7610,128,-0.6863,271,0.50791,317,0.77250,174,-0.2045,240,0.30554,185,-0.1127,171,-0.2319,181,-0.1477,195,-0.0248
ENSG00000013288,MAN2B2,29,-0.5551,50,0.29014,29,-0.5556,79,1.07344,35,-0.2447,38,-0.1302,45,0.12532,30,-0.5103,37,-0.1695,42,0.03217
ENSG00000179010,MRFAP1,397,0.00700,517,0.43750,445,0.19283,463,0.25652,404,0.03490,369,-0.1115,286,-0.5073,333,-0.2697,377,-0.0776,361,-0.1451
ENSG00000170846,AC093323.1,51,0.29606,56,0.43411,66,0.70035,40,-0.1155,44,0.02762,30,-0.5310,30,-0.5384,24,-0.8901,38,-0.2037,49,0.22201
ENSG00000178988,MRFAP1L1,102,-0.0225,108,0.07018,115,0.17839,74,-0.5108,104,0.01026,131,0.38345,95,-0.1305,65,-0.7191,121,0.25362,117,0.20191
ENSG00000186222,BLOC1S4,6,-1.4638,30,0.89169,24,0.56581,21,0.33747,20,0.21776,11,-0.6181,13,-0.3841,15,-0.1819,13,-0.4354,17,0.00790
ENSG00000170871,KIAA0232,69,-0.0866,73,-0.0083,85,0.23601,93,0.38020,67,-0.1484,64,-0.2182,95,0.41886,68,-0.1095,51,-0.5588,68,-0.1226
ENSG00000132405,TBC1D14,65,0.51532,44,-0.0974,85,0.98680,52,0.14955,49,0.07261,35,-0.4606,44,-0.0924,40,-0.2477,22,-1.1381,33,-0.5321
ENSG00000173011,TADA2B,25,0.38106,19,-0.1056,31,0.73097,45,1.37799,16,-0.3795,14,-0.4869,10,-1.0625,18,-0.1292,11,-0.8694,9,-1.1397
ENSG00000109519,GRPEL1,18,-1.2013,40,-0.0325,59,0.60053,55,0.49093,46,0.21000,47,0.23086,27,-0.6479,30,-0.4850,56,0.52378,28,-0.5633
ENSG00000184985,SORCS2,29,0.45734,37,0.87053,14,-0.6879,14,-0.7056,17,-0.3581,33,0.64856,10,-1.1191,34,0.69336,11,-1.0115,19,-0.1826
ENSG00000196526,AFAP1,9,-1.5048,30,0.29485,50,1.14422,19,-0.4535,15,-0.8282,30,0.30258,14,-0.9149,30,0.28546,23,-0.1581,32,0.36590
ENSG00000163995,ABLIM2,17,-2.0037,71,0.16814,107,0.86523,73,0.21799,37,-0.8469,81,0.38408,70,0.14535,49,-0.4005,59,-0.1184,73,0.21917
ENSG00000071127,WDR1,73,0.15537,85,0.39527,49,-0.4666,60,-0.1606,75,0.19026,56,-0.2671,39,-0.8269,54,-0.3121,49,-0.4706,123,1.03250
ENSG00000178163,ZNF518B,1,-4.0878,30,0.99966,20,0.30149,9,-0.8476,13,-0.3343,16,-0.0455,11,-0.5787,17,0.09421,23,0.55392,23,0.54415
ENSG00000157869,RAB28,28,0.41653,22,-0.0132,22,-0.0208,24,0.12016,21,-0.0590,32,0.62619,21,-0.0613,24,0.16677,13,-0.7517,11,-0.9774
ENSG00000038219,BOD1L1,37,-0.8155,91,0.61465,88,0.56735,65,0.06564,67,0.10523,62,-0.0195,41,-0.6481,85,0.50660,35,-0.9012,53,-0.2500
ENSG00000137449,CPEB2,85,1.16529,34,-0.3268,35,-0.2840,40,-0.0750,33,-0.3914,50,0.27640,28,-0.6486,29,-0.6013,41,-0.0645,48,0.19626
ENSG00000118564,FBXL5,86,0.11701,72,-0.1590,125,0.72939,72,-0.1627,106,0.45850,75,-0.1038,70,-0.2202,80,0.00561,74,-0.1165,39,-1.0915
ENSG00000237765,FAM200B,123,0.89126,86,0.30233,69,-0.0603,57,-0.3701,68,-0.0714,70,-0.0400,55,-0.4076,59,-0.2950,74,0.06172,54,-0.4388
ENSG00000169762,TAPT1,43,-0.0571,37,-0.2845,65,0.62754,56,0.38181,36,-0.3101,49,0.16453,30,-0.6298,45,0.01160,48,0.13212,34,-0.3998
ENSG00000169744,LDB2,8,-4.0145,115,-0.1188,199,0.77819,199,0.78438,156,0.36954,175,0.56066,114,-0.1285,58,-1.1683,138,0.16968,78,-0.7281
ENSG00000151552,QDPR,1661,2.68544,162,-1.3839,175,-1.2735,258,-0.6806,385,-0.0541,378,-0.0823,277,-0.5696,155,-1.4519,207,-1.0164,323,-0.3307
ENSG00000002549,LAP3,37,-0.0453,51,0.45989,47,0.32371,35,-0.1191,35,-0.1274,31,-0.3262,30,-0.3964,39,0.05160,37,-0.0423,39,0.04903
ENSG00000118579,MED28,29,-0.6261,47,0.13469,40,-0.1127,18,-1.3311,40,-0.0925,35,-0.2915,30,-0.5292,50,0.26015,60,0.54868,78,1.00485
ENSG00000163257,DCAF16,22,0.07975,26,0.29516,20,-0.0891,27,0.35835,15,-0.5390,25,0.28084,24,0.19492,16,-0.3989,14,-0.5943,23,0.10294
ENSG00000145147,SLIT2,2,-3.7525,34,0.08523,47,0.60518,52,0.77819,33,0.03321,56,0.91237,19,-0.8488,19,-0.7918,36,0.19500,24,-0.4454
ENSG00000163138,PACRGL,25,0.02836,50,1.18301,30,0.30642,17,-0.5664,23,-0.0968,18,-0.4853,8,-1.6770,20,-0.3419,34,0.53413,21,-0.2446
ENSG00000185774,KCNIP4,4,-4.8363,98,-0.2765,257,1.34298,140,0.29904,166,0.58003,115,-0.0281,93,-0.3618,77,-0.6537,141,0.30808,75,-0.6817
ENSG00000152990,ADGRA3,40,1.04087,29,0.52311,9,-1.3125,11,-1.0156,13,-0.7074,2,-3.2679,17,-0.3310,54,1.58566,8,-1.4369,29,0.49689
ENSG00000109819,PPARGC1A,2,-3.7579,44,0.75830,19,-0.6174,36,0.40987,27,-0.0236,47,0.85460,20,-0.4645,16,-0.8119,23,-0.2727,43,0.70523
ENSG00000109606,DHX15,69,0.13738,94,0.64293,80,0.37237,80,0.37494,81,0.39127,51,-0.3279,47,-0.4658,25,-1.4211,60,-0.0805,47,-0.4824
ENSG00000153012,LGI2,2,-3.5583,49,1.14403,15,-0.7837,14,-0.8484,11,-1.2514,63,1.60051,29,0.23990,17,-0.6150,26,0.06192,22,-0.1576
ENSG00000053900,ANAPC4,19,0.00564,20,0.04778,18,-0.0656,25,0.47295,24,0.34663,19,0.01607,12,-0.7389,13,-0.5532,22,0.24008,18,-0.1087
ENSG00000250317,SMIM20,13,-1.3893,22,-0.6595,35,0.08814,30,-0.1789,40,0.30889,37,0.18738,38,0.21811,33,0.01002,39,0.25051,44,0.47091
ENSG00000168214,RBPJ,158,1.47423,61,-0.1524,63,-0.0935,51,-0.4108,45,-0.6216,74,0.17038,47,-0.5426,43,-0.6719,57,-0.2390,68,0.01898
ENSG00000109689,STIM2,19,-0.0929,14,-0.5635,34,0.84480,22,0.14029,22,0.15598,31,0.70876,14,-0.5923,22,0.11690,12,-0.7625,12,-0.8312
ENSG00000169851,PCDH7,29,-2.1667,172,0.55036,213,0.92130,110,-0.1734,152,0.35406,186,0.68306,75,-0.7734,105,-0.2504,109,-0.1807,74,-0.7770
ENSG00000047365,ARAP2,101,1.58735,43,0.10914,29,-0.4853,24,-0.7931,39,-0.0535,22,-0.9263,26,-0.6687,36,-0.1485,57,0.56844,23,-0.8244
ENSG00000065882,TBC1D1,21,0.22905,4,-2.1400,30,0.83643,27,0.62717,13,-0.5487,7,-1.3612,19,0.05201,18,-0.0379,14,-0.3597,28,0.72836
ENSG00000109787,KLF3,33,0.94858,17,-0.1434,26,0.57132,16,-0.2429,7,-1.5026,16,-0.1846,17,-0.1276,26,0.56551,12,-0.6807,14,-0.3664
ENSG00000109790,KLHL5,103,2.29312,35,0.32024,11,-1.4996,11,-1.4939,34,0.27651,24,-0.2759,17,-0.7899,17,-0.8438,23,-0.3347,14,-1.1551
ENSG00000157796,WDR19,14,-0.3482,25,0.63873,16,-0.1296,9,-0.9830,17,0.02977,25,0.62514,9,-0.9573,14,-0.2639,15,-0.1462,25,0.65146
ENSG00000035928,RFC1,48,0.86486,38,0.46577,18,-0.7323,29,0.04517,22,-0.4209,14,-1.0620,29,0.04916,31,0.11346,29,0.03632,27,-0.1113
ENSG00000163682,RPL9,1306,0.83713,926,0.25968,641,-0.3296,522,-0.6476,615,-0.3935,942,0.28853,589,-0.4606,728,-0.1271,681,-0.2333,936,0.27655
ENSG00000163683,SMIM14,65,-0.0521,100,0.64731,53,-0.3863,63,-0.1110,63,-0.0964,108,0.77037,65,-0.0651,37,-0.9331,53,-0.3641,67,-0.0094
ENSG00000078140,UBE2K,27,-1.8822,81,-0.2359,129,0.52144,119,0.37772,101,0.12301,147,0.73637,109,0.23314,67,-0.5406,96,0.03458,64,-0.6059
ENSG00000121892,PDS5A,72,0.87287,59,0.55635,38,-0.1549,34,-0.3421,37,-0.1979,34,-0.3228,48,0.19477,30,-0.5542,37,-0.2002,33,-0.3951
ENSG00000163697,APBB2,127,1.46920,37,-0.5759,44,-0.2917,55,0.03770,45,-0.2731,32,-0.8063,38,-0.5200,36,-0.6030,41,-0.4214,80,0.65786
ENSG00000154277,UCHL1,311,-2.6546,1999,0.16993,1673,-0.1161,3356,1.04558,2930,0.80789,2524,0.55457,1152,-0.6997,733,-1.3866,2036,0.19983,1275,-0.5421
ENSG00000064042,LIMCH1,205,0.87750,66,-0.9415,186,0.71099,117,-0.0516,112,-0.1202,95,-0.3673,46,-1.4584,95,-0.3762,204,0.87143,80,-0.6442
ENSG00000109133,TMEM33,50,-0.9082,119,0.43958,102,0.18609,101,0.17317,131,0.59735,79,-0.2170,71,-0.3925,66,-0.5069,85,-0.1026,104,0.21302
ENSG00000014824,SLC30A9,46,-1.0731,115,0.35212,91,-0.0312,104,0.19114,109,0.26904,86,-0.1110,57,-0.7619,91,-0.0359,146,0.74455,81,-0.2140
ENSG00000124406,ATP8A1,153,0.02499,202,0.47911,238,0.75457,149,-0.0142,202,0.48151,188,0.36258,106,-0.5414,98,-0.6618,96,-0.7081,72,-1.1457
ENSG00000183783,KCTD8,7,-1.5770,8,-1.3649,38,1.15124,23,0.31013,17,-0.1377,31,0.79096,15,-0.3336,17,-0.1819,27,0.53868,8,-1.3581
ENSG00000151806,GUF1,15,-0.2925,21,0.18975,12,-0.6669,35,1.03845,17,-0.0884,15,-0.3317,24,0.38189,17,-0.1308,15,-0.2780,14,-0.4576
ENSG00000163281,GNPDA2,2,-3.5899,29,0.29551,14,-0.8028,40,0.84729,35,0.62090,20,-0.2510,16,-0.6016,18,-0.4281,29,0.31081,35,0.63798
ENSG00000163285,GABRG1,38,-0.6044,136,1.50270,21,-1.5014,32,-0.8634,49,-0.2112,35,-0.7203,42,-0.4616,98,0.91555,30,-0.9575,82,0.60209
ENSG00000260878,AC104072.1,2,-3.9706,47,0.18770,60,0.58179,45,0.09909,35,-0.2673,47,0.18179,28,-0.6549,50,0.26836,39,-0.1090,67,0.75498
ENSG00000151834,GABRA2,20,-1.7662,68,0.11978,84,0.47472,57,-0.1551,38,-0.7667,62,-0.0124,61,-0.0561,81,0.40860,63,0.01033,94,0.66633
ENSG00000109158,GABRA4,3,-4.3185,39,-0.7217,113,1.00875,103,0.85315,47,-0.4195,61,-0.0130,59,-0.0621,43,-0.5542,76,0.34829,71,0.22746
ENSG00000260918,AC107398.3,12,-2.7659,109,0.50316,90,0.18641,79,-0.0147,53,-0.6521,74,-0.1310,51,-0.7065,108,0.48528,150,1.05137,74,-0.1181
ENSG00000169019,COMMD8,9,-1.5076,28,0.23018,31,0.39587,29,0.25550,21,-0.2201,35,0.59512,17,-0.5330,20,-0.3312,29,0.29676,24,-0.0148
ENSG00000109171,SLAIN2,15,-0.3524,26,0.54327,18,0.00854,14,-0.3904,9,-1.0627,18,-0.0457,19,0.02301,13,-0.5043,22,0.28064,30,0.79069
ENSG00000075539,FRYL,95,1.96512,22,-0.5319,23,-0.4590,22,-0.5498,16,-1.0507,27,-0.2337,25,-0.3305,26,-0.3015,14,-1.1666,41,0.45848
ENSG00000109180,OCIAD1,188,-0.8204,299,-0.1009,590,1.03266,454,0.58291,362,0.20764,331,0.06207,183,-0.8624,218,-0.5931,303,-0.0775,254,-0.3552
ENSG00000145247,OCIAD2,19,-1.5014,82,0.76677,71,0.54114,51,-0.0076,61,0.27380,52,0.01839,51,0.00120,29,-0.8762,50,-0.0446,46,-0.1581
ENSG00000109184,DCUN1D4,64,0.25585,58,0.10395,28,-1.0159,54,-0.0253,62,0.21699,62,0.20857,53,-0.0305,46,-0.2533,44,-0.3435,73,0.47305
ENSG00000163069,SGCB,103,0.69263,75,0.16986,60,-0.1801,53,-0.3824,67,-0.0105,81,0.28126,57,-0.2827,64,-0.0795,46,-0.5973,70,0.05118
ENSG00000109189,USP46,54,-0.7087,84,-0.0260,101,0.26216,100,0.25605,110,0.40383,72,-0.2718,68,-0.3553,81,-0.0936,96,0.18205,89,0.07262
ENSG00000226950,DANCR,63,0.59468,47,0.12903,48,0.16759,45,0.04836,27,-0.7655,47,0.12262,49,0.19163,33,-0.4116,34,-0.3790,42,-0.0605
ENSG00000145216,FIP1L1,32,0.11680,45,0.68201,53,0.98597,38,0.42051,29,0.00458,14,-1.1536,17,-0.8213,15,-1.0171,29,0.00217,21,-0.5148
ENSG00000072201,LNX1,0,-7.6081,42,-0.4182,83,0.67835,109,1.13821,36,-0.6416,60,0.14239,28,-1.0445,23,-1.3607,98,0.95467,71,0.42345
ENSG00000134853,PDGFRA,107,2.62029,23,-0.1823,13,-1.1034,8,-1.7846,4,-2.8457,11,-1.2698,25,-0.0413,32,0.34746,14,-0.9902,24,-0.1510
ENSG00000157404,KIT,10,-1.9786,111,1.89018,29,-0.4348,13,-1.6045,10,-1.9899,23,-0.7612,21,-0.9125,50,0.46086,20,-0.9743,91,1.49921
ENSG00000128039,SRD5A3,43,1.28118,11,-0.8876,26,0.42934,12,-0.7943,28,0.55134,34,0.86681,10,-1.0244,10,-1.0518,11,-0.9576,15,-0.4531
ENSG00000134851,TMEM165,208,2.41455,44,-0.3552,51,-0.1290,68,0.31763,35,-0.7123,40,-0.5154,25,-1.2056,36,-0.6860,24,-1.3087,25,-1.2347
ENSG00000134852,CLOCK,6,-2.2688,21,-0.5526,46,0.70394,48,0.79058,36,0.30659,27,-0.1340,23,-0.4153,29,-0.0391,16,-0.9076,45,0.66063
ENSG00000090989,EXOC1,37,0.01878,24,-0.6197,32,-0.2116,42,0.22261,65,0.96191,39,0.11288,30,-0.3237,31,-0.2571,31,-0.2349,33,-0.1501
ENSG00000128059,PPAT,5,-1.8491,13,-0.4025,33,1.05949,19,0.10342,16,-0.1273,14,-0.2976,20,0.21428,10,-0.8457,21,0.29647,23,0.42942
ENSG00000128050,PAICS,27,-0.8220,63,0.49346,55,0.26701,42,-0.1542,31,-0.6513,44,-0.0989,35,-0.4545,41,-0.2076,47,0.00077,81,0.92290
ENSG00000174780,SRP72,58,-0.4288,99,0.43998,79,0.06212,84,0.16132,59,-0.3864,92,0.31688,53,-0.5630,75,-0.0121,64,-0.2708,95,0.36070
ENSG00000171476,HOPX,27,-3.9103,174,-1.2019,914,1.52034,514,0.50421,183,-1.1231,310,-0.3142,294,-0.3960,332,-0.2058,683,0.98947,346,-0.1378
ENSG00000047315,POLR2B,37,-0.8090,56,-0.1569,91,0.62181,75,0.30242,86,0.52573,74,0.28770,66,0.09273,43,-0.5874,47,-0.4501,47,-0.4365
ENSG00000163453,IGFBP7,328,0.97785,220,0.30795,79,-1.2951,66,-1.5492,72,-1.4331,102,-0.9021,129,-0.5468,271,0.64925,80,-1.2725,476,1.66803
ENSG00000150471,ADGRL3,29,-1.3488,97,0.51793,78,0.15824,62,-0.2072,73,0.04924,87,0.33330,48,-0.5920,76,0.11918,73,0.05526,83,0.25517
ENSG00000145242,EPHA5,1,-5.1160,58,0.82907,49,0.55896,26,-0.4694,69,1.14929,36,0.04253,13,-1.4353,29,-0.2715,39,0.20216,28,-0.3633
ENSG00000033178,UBA6,43,0.70686,34,0.29857,28,0.01931,38,0.49669,41,0.59749,21,-0.4635,15,-0.9411,17,-0.7239,21,-0.4258,21,-0.4155
ENSG00000083896,YTHDC1,105,0.99824,54,-0.1012,58,0.02126,48,-0.2743,41,-0.5403,39,-0.6071,66,0.22443,48,-0.2823,61,0.08363,55,-0.0634
ENSG00000132467,UTP3,17,-0.6307,34,0.43390,38,0.59867,39,0.65021,29,0.18040,19,-0.4620,16,-0.7369,18,-0.6046,28,0.12044,22,-0.2547
ENSG00000018189,RUFY3,169,-0.2303,164,-0.2816,230,0.26596,178,-0.1468,281,0.59497,310,0.75889,159,-0.3271,145,-0.4694,192,-0.0290,127,-0.6802
ENSG00000132463,GRSF1,62,-1.1638,125,-0.0894,170,0.40804,175,0.46110,164,0.35150,184,0.54246,99,-0.4521,97,-0.4783,99,-0.4573,145,0.14986
ENSG00000173542,MOB1B,18,-1.0335,30,-0.2564,103,1.88232,29,-0.2846,21,-0.7847,26,-0.4466,16,-1.1829,42,0.28803,43,0.30829,23,-0.6482
ENSG00000156136,DCK,30,-0.5752,31,-0.5279,43,-0.0103,56,0.41245,70,0.77932,41,-0.0783,35,-0.3323,33,-0.4097,44,0.02752,50,0.23266
ENSG00000080493,SLC4A4,8,-2.4839,62,0.52895,44,-0.0086,17,-1.4347,18,-1.3979,16,-1.5359,45,0.02124,117,1.66202,40,-0.1627,78,0.92564
ENSG00000132466,ANKRD17,43,-0.7559,68,-0.0684,88,0.34902,75,0.10575,96,0.49686,68,-0.0596,62,-0.2050,70,-0.0011,72,0.04412,63,-0.1825
ENSG00000169116,PARM1,9,-3.9745,194,0.65950,77,-0.8105,140,0.12759,201,0.71862,256,1.14386,86,-0.6361,56,-1.2809,147,0.20145,130,0.00659
ENSG00000163743,RCHY1,25,-0.8864,49,0.15765,42,-0.0544,82,1.04434,50,0.20593,53,0.29856,27,-0.7324,28,-0.6885,41,-0.1150,42,-0.0672
ENSG00000138769,CDKL2,11,-1.0828,17,-0.4419,21,-0.0511,24,0.16893,15,-0.6370,39,0.92090,19,-0.2555,22,-0.0216,36,0.78217,18,-0.3159
ENSG00000138757,G3BP2,79,-2.0158,307,0.04892,297,-0.0016,373,0.36850,473,0.76597,399,0.48025,256,-0.2356,163,-0.9343,343,0.22970,283,-0.0777
ENSG00000138768,USO1,49,-0.1126,45,-0.2499,62,0.26855,32,-0.7605,89,0.85731,60,0.19907,39,-0.4874,40,-0.4389,60,0.20829,52,-0.0302
ENSG00000198301,SDAD1,17,-0.7985,25,-0.2520,46,0.76964,28,-0.0428,30,0.08237,33,0.22855,20,-0.5701,26,-0.1815,34,0.24314,30,0.03922
ENSG00000138760,SCARB2,218,0.83607,125,-0.0866,135,0.04220,81,-0.7570,170,0.41374,127,-0.0524,111,-0.2733,116,-0.1949,74,-0.8961,159,0.30478
ENSG00000189157,FAM47E,10,-0.7848,27,0.73876,28,0.81867,24,0.56220,19,0.22626,9,-0.9961,12,-0.5516,8,-1.1656,12,-0.4855,20,0.28493
ENSG00000138758,SEPTIN11,40,-1.5075,180,0.87648,130,0.32385,107,0.01063,107,0.01592,112,0.07953,86,-0.3407,88,-0.2974,131,0.33726,82,-0.4039
ENSG00000118816,CCNI,485,-0.0702,669,0.45092,245,-1.1272,415,-0.3184,476,-0.1022,548,0.12621,735,0.60869,454,-0.1766,532,0.07873,511,0.01379
ENSG00000138764,CCNG2,31,-0.7035,66,0.49097,82,0.86992,36,-0.4591,41,-0.2580,36,-0.4599,25,-1.0486,45,-0.1326,72,0.63057,53,0.12353
ENSG00000138767,CNOT6L,28,0.40829,21,-0.0388,33,0.66033,28,0.40996,11,-0.9978,18,-0.3147,10,-1.1402,35,0.77695,15,-0.5238,18,-0.3245
ENSG00000169288,MRPL1,16,-1.5263,43,-0.0806,64,0.56816,51,0.19446,70,0.72563,68,0.66576,35,-0.3914,29,-0.6637,47,0.07914,27,-0.8051
ENSG00000138756,BMP2K,10,-0.7298,28,0.79790,12,-0.4940,11,-0.6997,14,-0.2540,16,-0.1261,28,0.80256,24,0.57530,9,-0.9714,17,0.03994
ENSG00000163291,PAQR3,47,0.49425,42,0.29263,49,0.55018,50,0.59877,38,0.15867,21,-0.7991,20,-0.8413,25,-0.4871,37,0.08449,18,-0.9804
ENSG00000152784,PRDM8,0,-6.1999,58,-0.0697,54,-0.1631,114,1.06917,108,0.97404,72,0.27951,52,-0.2233,33,-0.9139,71,0.27378,39,-0.6903
ENSG00000273156,AC124016.2,15,-1.3746,32,-0.2222,52,0.57013,27,-0.4690,34,-0.1133,32,-0.2152,29,-0.3675,36,-0.0115,60,0.79150,50,0.49843
ENSG00000138668,HNRNPD,78,-0.5866,181,0.77362,91,-0.3400,92,-0.3346,143,0.36934,108,-0.0798,123,0.13166,90,-0.3640,105,-0.1175,123,0.12800
ENSG00000152795,HNRNPDL,485,0.68678,390,0.32364,381,0.28751,322,0.01099,317,-0.0108,299,-0.1069,200,-0.7300,233,-0.4936,298,-0.1081,268,-0.2792
ENSG00000145293,ENOPH1,179,0.40667,138,-0.0120,126,-0.1608,157,0.19180,156,0.18037,169,0.31611,118,-0.2665,80,-0.8594,116,-0.2822,153,0.15388
ENSG00000249242,TMEM150C,12,-1.6261,21,-0.8175,43,0.28212,43,0.26717,65,0.96263,31,-0.2649,41,0.21310,25,-0.5479,45,0.33410,36,-0.0201
ENSG00000145284,SCD5,714,0.70421,607,0.42973,283,-0.7813,559,0.29386,562,0.30415,388,-0.2880,401,-0.2366,402,-0.2350,349,-0.4550,393,-0.2682
ENSG00000138674,SEC31A,39,-0.7610,66,0.05629,81,0.39789,71,0.18890,89,0.54143,59,-0.1051,53,-0.2852,60,-0.0971,84,0.44594,33,-0.9940
ENSG00000251022,THAP9-AS1,50,1.02883,22,-0.3175,32,0.27899,20,-0.4880,35,0.39872,32,0.28387,17,-0.6884,19,-0.5204,20,-0.4619,22,-0.2927
ENSG00000189308,LIN54,8,-1.1397,36,1.14840,16,-0.1437,25,0.48729,10,-0.9025,11,-0.8207,7,-1.4900,12,-0.6444,12,-0.6054,44,1.51064
ENSG00000138663,COPS4,46,-1.1518,91,-0.1007,119,0.34291,98,0.03020,152,0.75198,119,0.33606,69,-0.5302,63,-0.6707,120,0.35221,88,-0.1409
ENSG00000163319,MRPS18C,31,-1.2649,80,0.18111,75,0.08456,92,0.40528,92,0.40217,104,0.60353,67,-0.1022,54,-0.4436,52,-0.5019,68,-0.0701
ENSG00000163624,CDS1,1,-4.9188,94,0.96817,33,-0.6966,69,0.45596,67,0.39351,91,0.91294,45,-0.2251,33,-0.7006,42,-0.3355,47,-0.1808
ENSG00000163625,WDFY3,81,0.42794,41,-0.6335,77,0.34712,82,0.44528,65,0.06979,58,-0.1043,36,-0.8286,61,-0.0167,58,-0.1029,61,-0.0295
ENSG00000109339,MAPK10,65,-2.1904,302,0.14561,295,0.11009,288,0.06829,377,0.51280,335,0.31597,296,0.11172,173,-0.7261,402,0.61643,224,-0.3278
ENSG00000172493,AFF1,14,-0.2171,19,0.25253,6,-1.4176,14,-0.1864,27,0.80681,15,-0.1417,12,-0.4374,18,0.18699,22,0.46612,15,-0.1406
ENSG00000145332,KLHL8,7,-1.3803,24,0.37970,14,-0.4946,26,0.54093,21,0.18144,28,0.63764,18,-0.0811,20,0.08793,19,-0.0120,11,-0.7668
ENSG00000198189,HSD17B11,13,-1.3417,59,1.05819,21,-0.6405,38,0.33192,23,-0.5018,43,0.50876,37,0.26992,19,-0.7843,15,-1.0807,45,0.58614
ENSG00000170502,NUDT9,31,-0.7350,50,-0.0130,57,0.20646,58,0.22914,77,0.70679,51,0.02517,38,-0.4330,35,-0.5500,42,-0.2857,62,0.35148
ENSG00000152583,SPARCL1,923,-1.6162,4008,0.68690,2391,-0.1583,3037,0.22553,2775,0.07927,2574,-0.0413,1937,-0.4894,3244,0.33354,2293,-0.2248,3230,0.32651
ENSG00000118785,SPP1,1117,4.71940,52,-1.6243,13,-3.6308,41,-1.9746,32,-2.3189,54,-1.5652,48,-1.7459,38,-2.0680,63,-1.3383,38,-2.0841
ENSG00000118777,ABCG2,21,0.31801,11,-0.6586,9,-1.0503,4,-2.2537,3,-2.5243,4,-2.0744,17,-0.0870,43,1.50737,15,-0.2428,49,1.76167
ENSG00000163644,PPM1K,63,-1.1672,205,0.70590,152,0.20808,141,0.09208,110,-0.3087,127,-0.0799,152,0.20663,157,0.26559,112,-0.2687,115,-0.2321
ENSG00000138642,HERC6,17,-0.3192,14,-0.5792,24,0.22364,25,0.26324,23,0.17655,33,0.73937,18,-0.1863,20,-0.0624,11,-0.9216,23,0.12285
ENSG00000145337,PYURF,97,-0.0227,150,0.68849,144,0.60938,73,-0.4742,85,-0.2403,117,0.26529,75,-0.4270,68,-0.5804,87,-0.1964,92,-0.1183
ENSG00000138641,HERC3,16,-1.1598,27,-0.4210,62,0.93029,41,0.26189,47,0.46274,34,-0.0471,39,0.18690,21,-0.7536,31,-0.1792,32,-0.1619
ENSG00000177432,NAP1L5,27,-3.2157,335,0.60059,128,-0.9233,241,0.05942,398,0.89440,476,1.21122,171,-0.4798,125,-0.9676,226,-0.0407,195,-0.2762
ENSG00000138640,FAM13A,9,-2.2440,24,-0.8672,64,0.65542,74,0.88409,57,0.44862,51,0.28534,32,-0.4391,34,-0.3489,45,0.06347,38,-0.1748
ENSG00000145335,SNCA,174,-1.3208,393,-0.0666,378,-0.1286,591,0.60131,844,1.22138,634,0.71858,296,-0.5135,192,-1.1740,345,-0.2734,251,-0.7664
ENSG00000163104,SMARCAD1,17,-0.1620,24,0.37877,19,-0.0457,14,-0.4525,18,-0.1249,28,0.59622,14,-0.4828,11,-0.8007,18,-0.0669,28,0.61417
ENSG00000163110,PDLIM5,40,0.65346,23,-0.2629,12,-1.1860,12,-1.1932,15,-0.9267,11,-1.3334,22,-0.3163,60,1.35592,10,-1.4628,64,1.45931
ENSG00000138696,BMPR1B,26,0.49747,18,-0.0933,21,0.13732,6,-1.6509,18,-0.0584,12,-0.6892,9,-1.1172,44,1.42659,5,-1.9515,30,0.77221
ENSG00000138698,RAP1GDS1,90,-0.7477,153,0.09185,105,-0.5114,231,0.77044,165,0.21008,156,0.11641,119,-0.3086,83,-0.8568,180,0.35659,166,0.21658
ENSG00000168785,TSPAN5,66,-1.0592,102,-0.3898,189,0.60119,224,0.89173,109,-0.2849,166,0.38657,107,-0.3206,85,-0.6752,146,0.17251,114,-0.2107
ENSG00000151247,EIF4E,75,-0.4679,64,-0.7286,119,0.24976,96,-0.0959,129,0.38503,134,0.45273,67,-0.6438,100,-0.0205,142,0.54988,90,-0.1998
ENSG00000164024,METAP1,21,-0.3355,13,-1.1064,23,-0.1696,40,0.67503,24,-0.1171,32,0.33046,28,0.13230,18,-0.5949,45,0.88218,17,-0.6333
ENSG00000197894,ADH5,52,-0.6756,85,0.09803,74,-0.1198,77,-0.0682,86,0.10326,74,-0.1337,68,-0.2729,92,0.21024,70,-0.2223,126,0.73890
ENSG00000109270,LAMTOR3,32,-1.0701,93,0.62108,70,0.16072,65,0.03203,91,0.58387,70,0.15053,47,-0.4678,41,-0.6774,70,0.15017,57,-0.1741
ENSG00000164031,DNAJB14,24,-2.0690,75,-0.4045,96,-0.0128,139,0.59516,101,0.08182,134,0.53741,116,0.29418,74,-0.4246,128,0.45629,78,-0.3321
ENSG00000164032,H2AFZ,74,-1.5981,362,0.90389,282,0.47909,271,0.41184,240,0.21031,238,0.19818,154,-0.4935,99,-1.1612,243,0.23123,140,-0.6350
ENSG00000138814,PPP3CA,42,-3.9194,647,0.18415,1207,1.24933,518,-0.1735,539,-0.1102,538,-0.1132,454,-0.3809,434,-0.4516,868,0.67195,527,-0.1444
ENSG00000254531,AP001816.1,5,-1.9211,27,0.64411,15,-0.2530,26,0.57303,29,0.76529,32,0.89952,16,-0.2138,13,-0.5460,13,-0.5345,6,-1.5529
ENSG00000109332,UBE2D3,139,-0.5639,222,0.17377,288,0.60329,217,0.13634,306,0.70654,154,-0.4019,185,-0.1146,119,-0.7993,153,-0.4133,208,0.06792
ENSG00000145354,CISD2,43,-0.7687,97,0.51095,50,-0.5609,91,0.39054,94,0.45323,70,-0.0194,72,0.02995,50,-0.5452,74,0.05953,69,-0.0378
ENSG00000164038,SLC9B2,11,-1.1621,26,0.13366,28,0.23371,24,0.01842,33,0.54542,43,0.95667,16,-0.5669,14,-0.7806,18,-0.3874,24,0.02542
ENSG00000164039,BDH2,66,1.61174,21,-0.2884,15,-0.8080,9,-1.5165,6,-2.0584,14,-0.9124,24,-0.1280,52,1.17655,14,-0.9459,35,0.51200
ENSG00000168772,CXXC4,27,-0.0072,45,0.79817,9,-1.6556,9,-1.6174,63,1.41209,60,1.32925,26,-0.0847,11,-1.3426,13,-1.1624,10,-1.4550
ENSG00000138777,PPA2,29,-0.7779,55,0.21030,42,-0.2092,54,0.17347,64,0.46601,53,0.15281,45,-0.0977,27,-0.8648,66,0.52429,45,-0.1014
ENSG00000145348,TBCK,20,0.05433,21,0.16836,23,0.28155,18,-0.1022,26,0.48549,20,0.07705,9,-1.1980,13,-0.6369,21,0.18286,21,0.12927
ENSG00000164022,AIMP1,42,0.68418,31,0.19194,20,-0.4554,19,-0.5346,21,-0.3829,26,-0.0469,23,-0.2807,32,0.26122,30,0.13331,28,0.06491
ENSG00000138801,PAPSS1,97,0.24216,79,-0.0867,81,-0.0448,100,0.28940,118,0.56888,118,0.56329,57,-0.6015,56,-0.6229,74,-0.1841,54,-0.6717
ENSG00000138796,HADH,32,-0.0021,34,0.06666,50,0.71240,35,0.12551,24,-0.4761,43,0.43199,19,-0.8373,25,-0.4267,26,-0.3220,37,0.19629
ENSG00000109475,RPL34,2038,1.27165,1021,0.09423,850,-0.1985,696,-0.5116,723,-0.4532,601,-0.7388,964,0.00141,837,-0.2240,821,-0.2544,1081,0.18596
ENSG00000198856,OSTC,41,0.60583,21,-0.4701,33,0.25310,35,0.31277,36,0.37409,45,0.74289,23,-0.3326,19,-0.6178,16,-0.8353,15,-0.9887
ENSG00000164089,ETNPPL,131,0.42969,131,0.42485,69,-0.5813,40,-1.4193,50,-1.0896,51,-1.0405,136,0.48635,176,0.93219,64,-0.7143,158,0.74624
ENSG00000138802,SEC24B,3,-3.0156,34,0.25414,27,-0.0903,28,-0.0350,22,-0.3988,36,0.36053,38,0.41854,21,-0.5222,29,0.01384,50,0.90820
ENSG00000123739,PLA2G12A,54,0.45227,33,-0.3009,52,0.39796,25,-0.7674,38,-0.1180,42,0.05966,31,-0.4387,30,-0.4701,48,0.26909,54,0.44731
ENSG00000170522,ELOVL6,27,-0.0141,31,0.20990,24,-0.1699,23,-0.2285,35,0.40049,29,0.11631,20,-0.4336,16,-0.8507,31,0.21666,34,0.38490
ENSG00000138660,AP1AR,24,-0.6394,29,-0.3528,40,0.13795,36,-0.0287,41,0.18057,33,-0.1427,36,-0.0346,26,-0.5575,46,0.38286,54,0.64842
ENSG00000174720,LARP7,40,0.46535,35,0.23685,33,0.17294,25,-0.2594,27,-0.1810,13,-1.3170,28,-0.1352,44,0.60938,22,-0.4704,34,0.18223
ENSG00000145362,ANK2,210,-1.1206,488,0.19928,431,-0.0033,489,0.20157,613,0.57544,450,0.06809,331,-0.4174,361,-0.2846,507,0.26076,436,0.01442
ENSG00000145349,CAMK2D,46,-1.4252,151,0.41768,46,-1.4254,152,0.42525,316,1.73974,174,0.65836,84,-0.5088,59,-1.0427,89,-0.4208,48,-1.3638
ENSG00000174607,UGT8,246,4.57006,10,-1.8378,6,-2.4454,15,-1.2560,8,-2.1537,11,-1.6325,13,-1.4045,10,-1.7818,7,-2.3359,9,-1.9411
ENSG00000164100,NDST3,4,-2.6313,19,-0.5117,51,1.07289,38,0.56748,28,0.09185,37,0.53258,20,-0.4306,19,-0.5165,34,0.37143,16,-0.7742
ENSG00000269893,SNHG8,138,0.90115,119,0.65135,78,-0.0426,48,-0.7874,98,0.32531,65,-0.3135,76,-0.0744,62,-0.3913,46,-0.8453,68,-0.2462
ENSG00000172403,SYNPO2,14,-1.1008,10,-1.6072,30,0.08523,24,-0.2619,45,0.73569,24,-0.2726,21,-0.4830,13,-1.1237,35,0.32197,69,1.51355
ENSG00000164096,C4orf3,379,0.93806,289,0.47778,156,-0.5062,279,0.41951,154,-0.5282,212,-0.0293,174,-0.3348,203,-0.0932,158,-0.4917,151,-0.5551
ENSG00000164111,ANXA5,152,2.21798,59,0.46998,12,-1.8911,23,-0.9931,14,-1.7752,17,-1.4843,23,-1.0324,65,0.63370,20,-1.2289,58,0.43301
ENSG00000164112,TMEM155,0,-6.7489,40,-0.5738,58,0.02147,86,0.66734,57,0.00556,154,1.71696,46,-0.3346,22,-1.4328,77,0.47463,32,-0.9046
ENSG00000123737,EXOSC9,14,-0.3507,37,1.25601,16,-0.1452,23,0.45687,14,-0.2826,24,0.51941,12,-0.5655,19,0.14998,7,-1.2737,7,-1.3449
ENSG00000138686,BBS7,20,-1.1537,38,-0.2241,47,0.14101,64,0.63648,83,1.07989,25,-0.8376,36,-0.3098,25,-0.8279,50,0.23766,45,0.05374
ENSG00000138688,KIAA1109,55,-0.8800,130,0.48395,85,-0.2061,102,0.08151,136,0.56370,79,-0.3157,48,-1.0669,73,-0.4289,101,0.06982,156,0.79309
ENSG00000138685,FGF2,21,0.23847,9,-1.0926,12,-0.6188,15,-0.3054,5,-1.8133,14,-0.3966,10,-0.9471,55,1.93861,11,-0.6855,29,0.75957
ENSG00000151458,ANKRD50,8,-1.4288,22,0.08804,18,-0.2236,11,-0.9257,20,-0.0548,23,0.15393,25,0.26017,23,0.16295,30,0.54952,29,0.52676
ENSG00000164066,INTU,17,0.20632,11,-0.5246,21,0.53548,5,-1.6418,4,-1.9752,10,-0.5771,10,-0.5564,25,0.81541,17,0.13950,31,1.18736
ENSG00000164070,HSPA4L,17,-2.0921,64,-0.1322,43,-0.7278,92,0.46405,98,0.56402,119,0.90081,63,-0.1550,39,-0.9035,75,0.12922,82,0.27800
ENSG00000138709,LARP1B,7,-1.3842,10,-0.7671,29,0.90911,10,-0.7339,16,-0.1081,29,0.91691,10,-0.8072,18,0.08810,22,0.45714,16,-0.0309
ENSG00000164040,PGRMC2,69,-0.0918,65,-0.1820,56,-0.3965,59,-0.3385,83,0.21753,118,0.80139,60,-0.3113,59,-0.3181,52,-0.5354,106,0.62066
ENSG00000077684,JADE1,5,-2.9742,43,0.29372,41,0.22312,61,0.87563,42,0.23550,24,-0.6417,37,0.03488,30,-0.2616,31,-0.2128,45,0.36747
ENSG00000138650,PCDH10,34,-1.5069,155,0.87575,98,0.10969,95,0.06607,109,0.28242,179,1.13406,56,-0.7614,76,-0.2988,58,-0.7191,54,-0.8232
ENSG00000151012,SLC7A11,31,-0.0244,28,-0.1671,21,-0.6398,9,-1.9435,12,-1.4213,16,-1.0622,25,-0.3383,98,1.98550,20,-0.7264,56,0.95490
ENSG00000109390,NDUFC1,111,-1.0445,353,0.79329,274,0.36593,189,-0.2328,211,-0.0592,304,0.53698,194,-0.1852,146,-0.6301,223,0.03280,180,-0.3048
ENSG00000164134,NAA15,10,-1.4535,33,0.41255,23,-0.1612,31,0.31137,25,0.01588,32,0.37485,16,-0.6957,33,0.40857,24,-0.0800,27,0.09142
ENSG00000145391,SETD7,71,0.76027,43,-0.0503,42,-0.0980,35,-0.3675,31,-0.5907,60,0.47743,32,-0.5090,32,-0.5387,34,-0.4290,67,0.65576
ENSG00000153130,SCOC,195,-0.5216,290,0.10821,204,-0.4489,331,0.32140,347,0.40017,401,0.64024,228,-0.2731,169,-0.7415,243,-0.1741,305,0.18810
ENSG00000109436,TBC1D9,9,-3.0173,96,0.43655,58,-0.3703,81,0.15811,95,0.43125,122,0.83856,66,-0.1556,48,-0.6643,84,0.21531,73,-0.0039
ENSG00000170153,RNF150,8,-1.9845,18,-0.7277,44,0.63873,29,-0.0244,33,0.18584,33,0.15875,20,-0.5959,31,0.06943,50,0.86908,30,-0.0048
ENSG00000109445,ZNF330,31,0.48624,25,0.12898,19,-0.2655,25,0.11329,32,0.53209,26,0.19467,21,-0.1820,14,-0.7971,23,0.02550,14,-0.7264
ENSG00000170185,USP38,9,-0.9125,16,-0.0805,23,0.43428,27,0.72862,19,0.14471,12,-0.5709,14,-0.2652,27,0.70740,9,-0.9078,15,-0.1669
ENSG00000109458,GAB1,98,2.14510,19,-0.6459,20,-0.5779,22,-0.4515,25,-0.2503,17,-0.8223,24,-0.3514,28,-0.0749,23,-0.3761,18,-0.7789
ENSG00000153147,SMARCA5,122,0.50674,87,-0.0466,72,-0.3428,73,-0.3074,80,-0.1766,84,-0.0928,64,-0.5222,82,-0.1332,104,0.24813,125,0.54308
ENSG00000164161,HHIP,165,3.93657,6,-2.1195,4,-2.8141,4,-2.7306,15,-0.8087,21,-0.3345,6,-2.0529,9,-1.6257,12,-1.1011,16,-0.7359
ENSG00000164163,ABCE1,17,-1.2269,45,0.25299,51,0.45005,75,1.09919,36,-0.1276,54,0.53644,29,-0.4571,16,-1.3382,46,0.25647,19,-1.1256
ENSG00000164164,OTUD4,24,-0.0367,31,0.40050,20,-0.2744,27,0.13180,26,0.11404,25,0.05789,17,-0.5166,19,-0.3829,32,0.41828,22,-0.1536
ENSG00000170365,SMAD1,7,-1.2102,25,0.69360,12,-0.4213,22,0.51359,12,-0.4406,10,-0.7268,16,0.04690,20,0.32951,14,-0.2347,22,0.52678
ENSG00000151612,ZNF827,7,-1.5146,4,-2.3537,37,0.96373,27,0.47191,12,-0.7535,13,-0.6369,16,-0.3269,16,-0.3924,51,1.55726,19,-0.0768
ENSG00000164167,LSM6,20,-0.5222,35,0.38074,30,0.10809,20,-0.5335,45,0.78353,32,0.22074,15,-0.9639,24,-0.2175,39,0.54664,19,-0.6152
ENSG00000164168,TMEM184C,19,-0.2316,27,0.35811,18,-0.2812,19,-0.2147,35,0.75959,12,-0.9108,24,0.16060,10,-1.1620,23,0.09481,30,0.54820
ENSG00000151623,NR3C2,18,-0.9850,32,-0.0697,56,0.82538,38,0.18684,17,-1.0770,28,-0.2991,25,-0.4937,31,-0.1551,62,1.01171,32,-0.0889
ENSG00000170390,DCLK2,52,-0.0688,66,0.30772,84,0.71678,47,-0.2143,53,-0.0451,39,-0.5255,31,-0.8628,72,0.46371,53,-0.0343,46,-0.2714
ENSG00000145425,RPS3A,1348,1.15544,958,0.56305,585,-0.2386,433,-0.7063,518,-0.4275,627,-0.1276,582,-0.2454,564,-0.2956,644,-0.0857,534,-0.3797
ENSG00000059691,GATB,24,-1.2129,30,-0.8833,93,0.90327,66,0.34210,60,0.16858,74,0.52293,28,-0.9989,27,-1.0464,75,0.54254,59,0.15699
ENSG00000109670,FBXW7,90,-1.5250,178,-0.4852,299,0.34452,328,0.49569,437,0.98701,264,0.14140,270,0.17660,143,-0.8217,256,0.08875,155,-0.6965
ENSG00000109654,TRIM2,354,0.33064,263,-0.1514,271,-0.1029,335,0.23652,364,0.37398,328,0.20597,183,-0.7167,229,-0.3669,355,0.33433,208,-0.5191
ENSG00000145428,RNF175,0,-6.0442,24,-0.9063,73,0.84927,64,0.62364,50,0.22654,65,0.66380,26,-0.8186,21,-1.0940,59,0.50318,52,0.29370
ENSG00000171566,PLRG1,35,0.00011,48,0.53839,65,1.02902,41,0.25956,33,-0.0682,14,-1.3913,18,-0.9656,29,-0.2705,39,0.18464,25,-0.5168
ENSG00000164114,MAP9,11,-2.8886,52,-0.6199,86,0.16786,101,0.43071,109,0.55875,113,0.60680,88,0.20048,83,0.10025,93,0.28791,40,-1.0155
ENSG00000164116,GUCY1A1,7,-1.6303,20,-0.0558,9,-1.1535,20,-0.0218,53,1.63359,28,0.53346,7,-1.6313,22,0.08917,7,-1.5852,31,0.68566
ENSG00000061918,GUCY1B1,21,-3.2964,236,0.35399,248,0.43653,235,0.34797,332,0.93099,226,0.28126,174,-0.1405,127,-0.6281,142,-0.4521,156,-0.3086
ENSG00000109738,GLRB,34,-2.2553,150,-0.0044,175,0.23824,216,0.58849,221,0.62566,311,1.22095,99,-0.6509,76,-1.0673,145,-0.0628,81,-0.9651
ENSG00000120251,GRIA2,75,-2.2049,271,-0.2688,836,1.66085,270,-0.2751,282,-0.2106,360,0.18257,186,-0.8568,268,-0.2897,365,0.20527,301,-0.1043
ENSG00000164125,GASK1B,31,-0.5070,50,0.23314,15,-1.6090,48,0.18648,43,-0.0205,40,-0.1320,44,0.03408,89,1.22759,34,-0.3764,37,-0.2338
ENSG00000164124,TMEM144,535,4.46965,33,-1.2725,5,-3.8106,18,-2.1332,39,-0.9910,39,-0.9972,29,-1.4236,13,-2.5878,12,-2.7249,24,-1.7386
ENSG00000171509,RXFP1,17,-0.7611,51,0.97667,1,-4.0810,20,-0.5513,132,2.96333,38,0.48026,11,-1.3678,1,-4.4487,5,-2.4602,4,-2.6442
ENSG00000171497,PPID,37,-0.6664,60,0.09489,69,0.31956,65,0.21422,114,1.17135,87,0.70529,29,-1.0362,26,-1.1997,40,-0.5293,40,-0.5622
ENSG00000052795,FNIP2,24,-0.9067,41,-0.0856,70,0.79939,35,-0.3164,32,-0.4726,61,0.55936,24,-0.9083,26,-0.7603,75,0.92166,43,-0.0136
ENSG00000109756,RAPGEF2,19,-2.5993,166,0.71535,160,0.65410,130,0.31639,117,0.14525,88,-0.3102,63,-0.8368,66,-0.7465,143,0.46864,120,0.17888
ENSG00000168843,FSTL5,0,-7.9939,142,2.58829,7,-2.2966,8,-2.1556,69,1.12964,40,0.21739,13,-1.4476,37,0.06656,5,-2.8441,29,-0.2772
ENSG00000164128,NPY1R,4,-1.8339,13,-0.1951,21,0.58322,14,-0.0848,39,1.65280,12,-0.3434,8,-0.8528,16,0.07605,9,-0.7078,11,-0.3968
ENSG00000145416,MARCH1,27,0.56281,25,0.43573,21,0.11580,19,-0.0175,25,0.44667,13,-0.5934,14,-0.5148,9,-1.0954,21,0.15600,17,-0.1654
ENSG00000170088,TMEM192,8,-1.5028,30,0.49724,8,-1.5456,19,-0.1952,21,-0.0738,31,0.55044,19,-0.2153,27,0.30898,27,0.35155,30,0.47314
ENSG00000109466,KLHL2,120,0.21820,106,0.02003,204,1.11887,159,0.68498,84,-0.3440,96,-0.1438,70,-0.6267,39,-1.5115,102,-0.0438,67,-0.6877
ENSG00000052802,MSMO1,126,0.13666,128,0.17157,85,-0.4720,143,0.34575,181,0.73719,139,0.29827,69,-0.8008,126,0.14142,75,-0.6726,82,-0.5343
ENSG00000109472,CPE,609,-1.2394,1498,0.15941,1266,-0.1107,1821,0.48093,1339,-0.0209,1399,0.04949,1196,-0.2010,1979,0.62011,1078,-0.3640,1381,0.02878
ENSG00000196104,SPOCK3,274,1.55416,136,0.32452,130,0.24576,51,-1.2016,40,-1.5646,131,0.26641,68,-0.7712,71,-0.6898,89,-0.3523,122,0.14811
ENSG00000129116,PALLD,22,0.59150,11,-0.5271,8,-0.9468,6,-1.2695,4,-1.9476,9,-0.7198,14,-0.1085,36,1.49766,9,-0.7537,31,1.18041
ENSG00000145439,CBR4,47,0.96558,27,0.04034,26,-0.0327,40,0.70108,25,-0.1106,26,-0.0179,23,-0.1757,19,-0.4880,15,-0.8462,14,-0.9378
ENSG00000154447,SH3RF1,10,-1.5041,33,0.27210,20,-0.4789,24,-0.1978,49,0.92225,39,0.53485,26,-0.0975,26,-0.0848,28,0.03067,22,-0.3848
ENSG00000137601,NEK1,27,0.65906,8,-1.2188,11,-0.6859,23,0.40272,13,-0.4630,18,0.01746,17,-0.0459,17,-0.0888,22,0.33886,22,0.32029
ENSG00000109572,CLCN3,106,-0.0363,156,0.59584,105,-0.0567,108,-0.0112,124,0.21219,135,0.35113,74,-0.5923,94,-0.2217,78,-0.5253,105,-0.0458
ENSG00000056050,HPF1,36,-0.3023,46,0.06142,43,-0.0311,73,0.83791,73,0.82524,41,-0.1022,30,-0.5774,22,-1.0815,41,-0.1348,35,-0.3476
ENSG00000198948,MFAP3L,50,0.70488,21,-0.6688,19,-0.8106,24,-0.4812,24,-0.4726,14,-1.2366,42,0.38777,43,0.45919,31,-0.0965,58,0.93588
ENSG00000164104,HMGB2,22,0.09043,48,1.44114,7,-1.5617,24,0.24796,16,-0.3985,21,0.00844,10,-1.0006,28,0.49972,21,0.07800,7,-1.4930
ENSG00000164105,SAP30,19,0.15733,26,0.68118,25,0.61144,20,0.21710,13,-0.3854,18,0.04910,7,-1.2308,7,-1.3320,16,-0.1486,21,0.28121
ENSG00000164106,SCRG1,175,0.14392,163,0.02190,93,-0.8518,207,0.41575,76,-1.1553,109,-0.6084,168,0.07660,206,0.40474,221,0.52114,186,0.24167
ENSG00000145451,GLRA3,0,-8.2008,52,0.54507,79,1.26819,49,0.44228,25,-0.6315,17,-1.1685,22,-0.7974,22,-0.8460,62,0.83275,45,0.29953
ENSG00000150625,GPM6A,544,-1.8563,1789,-0.0338,2618,0.58970,1953,0.10698,2093,0.21939,1607,-0.2043,1692,-0.1231,2006,0.15020,1886,0.05126,2085,0.21303
ENSG00000150627,WDR17,15,-1.5897,63,0.58325,82,1.04818,36,-0.3120,32,-0.4687,43,-0.0217,24,-0.9458,40,-0.1334,71,0.78311,32,-0.5031
ENSG00000129128,SPCS3,43,-1.1391,120,0.44180,149,0.81259,120,0.44246,95,0.06171,75,-0.3115,70,-0.4235,65,-0.5295,70,-0.4185,105,0.23365
ENSG00000218336,TENM3,10,-1.9016,36,0.05712,65,1.05327,31,-0.1563,52,0.67224,38,0.17538,28,-0.3268,24,-0.5814,33,-0.0571,28,-0.3427
ENSG00000129187,DCTD,15,-1.2652,54,0.68230,35,-0.0217,31,-0.2185,49,0.52561,59,0.82245,24,-0.5846,21,-0.7850,22,-0.7323,44,0.35351
ENSG00000168538,TRAPPC11,10,-1.2897,29,0.40635,44,1.07786,25,0.13185,24,0.05318,21,-0.1112,18,-0.3250,22,-0.0332,24,0.09941,10,-1.1645
ENSG00000173320,STOX2,40,-0.8272,84,0.35506,88,0.41296,43,-0.6982,93,0.51331,92,0.48738,64,-0.1015,64,-0.0880,46,-0.5989,65,-0.0787
ENSG00000151726,ACSL1,98,2.00943,15,-1.1520,34,0.11797,19,-0.7614,27,-0.2115,14,-1.1749,17,-0.8901,21,-0.6088,18,-0.8259,49,0.73709
ENSG00000151729,SLC25A4,94,-1.9527,404,0.29190,436,0.41792,434,0.40870,400,0.27627,512,0.68464,268,-0.3666,175,-1.0181,347,0.04594,304,-0.1647
ENSG00000164323,CFAP97,23,-0.0679,26,0.16099,10,-1.3013,24,0.00233,18,-0.3817,16,-0.6212,20,-0.2426,39,0.82575,47,1.12820,14,-0.8350
ENSG00000109762,SNX25,11,-0.8548,20,0.11834,21,0.18823,27,0.54923,18,-0.0435,20,0.10269,28,0.61013,12,-0.6573,23,0.27104,9,-1.0988
ENSG00000186352,ANKRD37,3,-2.7387,18,-0.0713,28,0.67020,25,0.50486,13,-0.5179,18,-0.0350,14,-0.3867,15,-0.3419,18,-0.0207,32,0.92357
ENSG00000109775,UFSP2,21,-0.3197,20,-0.4252,26,-0.0430,30,0.18355,30,0.23602,28,0.10945,21,-0.3188,27,0.06791,32,0.33444,26,0.01092
ENSG00000154556,SORBS2,8,-3.1573,48,-0.5437,171,1.56931,75,0.15346,28,-1.3727,55,-0.3497,63,-0.1429,59,-0.2452,74,0.11905,105,0.69844
ENSG00000109794,FAM149A,8,-0.8798,16,0.16428,26,0.94685,8,-0.8568,15,0.09996,15,0.03749,11,-0.3875,26,0.96711,9,-0.6828,10,-0.6095
ENSG00000145476,CYP4V2,41,1.26777,7,-1.3904,11,-0.8077,13,-0.5794,12,-0.6926,23,0.30452,16,-0.2353,34,0.94699,11,-0.8256,22,0.19328
ENSG00000083857,FAT1,29,0.72670,15,-0.2694,8,-1.1792,11,-0.7349,5,-1.8246,6,-1.5222,10,-0.9403,46,1.55720,12,-0.5879,39,1.28705
ENSG00000109536,FRG1,37,-0.1049,41,0.04577,51,0.38931,47,0.27144,36,-0.1703,61,0.71009,38,-0.0652,26,-0.6364,26,-0.6744,34,-0.2271
ENSG00000164366,CCDC127,20,-0.4505,38,0.56393,16,-0.8290,27,0.02014,26,-0.0780,30,0.15252,14,-1.0471,12,-1.2208,45,0.84560,42,0.72847
ENSG00000073578,SDHA,95,-0.6753,177,0.31004,99,-0.6076,215,0.62742,135,-0.1332,234,0.77288,86,-0.8355,89,-0.7784,153,0.06837,182,0.35024
ENSG00000249915,PDCD6,93,-0.5117,120,-0.1246,146,0.19333,193,0.65586,147,0.21013,160,0.34685,114,-0.1934,81,-0.7317,120,-0.1211,119,-0.1358
ENSG00000180104,EXOC3,53,-0.0417,50,-0.1468,63,0.22590,88,0.78103,60,0.14912,54,-0.0093,39,-0.5373,37,-0.6133,36,-0.6500,67,0.32236
ENSG00000225138,SLC9A3-AS1,46,0.89679,36,0.46755,29,0.15594,28,0.05649,38,0.55753,22,-0.3095,13,-1.0730,10,-1.4444,13,-1.1058,32,0.30043
ENSG00000171368,TPPP,486,1.38785,115,-0.9765,159,-0.4785,183,-0.2559,272,0.37768,227,0.08642,224,0.05840,155,-0.5164,163,-0.4378,170,-0.3725
ENSG00000028310,BRD9,33,-0.3146,36,-0.1773,44,0.15207,51,0.39228,43,0.12964,69,0.89530,26,-0.6636,43,0.13002,23,-0.8700,32,-0.3450
ENSG00000049656,CLPTM1L,56,-0.4572,94,0.37765,105,0.56539,64,-0.2336,109,0.62714,105,0.55205,63,-0.2640,43,-0.8594,60,-0.3438,46,-0.7498
ENSG00000153395,LPCAT1,44,0.30254,33,-0.1424,42,0.21702,41,0.20128,66,0.97023,32,-0.2285,26,-0.5360,26,-0.5336,20,-0.8921,35,-0.0647
ENSG00000171421,MRPL36,31,-0.6350,41,-0.2313,56,0.29407,55,0.23991,33,-0.5524,63,0.48332,43,-0.1549,20,-1.3039,58,0.33183,71,0.66186
ENSG00000145494,NDUFS6,163,-0.1393,170,-0.0763,202,0.20468,212,0.28439,178,0.00380,203,0.21027,188,0.08617,146,-0.3102,139,-0.3922,179,0.00606
ENSG00000164151,ICE1,26,-0.3597,39,0.27865,24,-0.5160,26,-0.3665,41,0.36627,38,0.22314,32,-0.0415,32,-0.0488,39,0.26694,32,-0.0381
ENSG00000133398,MED10,28,-1.0570,65,0.23137,67,0.27497,56,0.00734,142,1.60180,48,-0.2367,44,-0.3758,37,-0.6541,40,-0.5351,34,-0.7858
ENSG00000215218,UBE2QL1,57,-1.8102,256,0.51450,179,-0.0707,222,0.27737,427,1.41195,301,0.78543,129,-0.5802,92,-1.1003,104,-0.9116,102,-0.9381
ENSG00000037474,NSUN2,30,0.92092,24,0.54696,18,0.11435,22,0.42420,13,-0.4530,12,-0.5566,13,-0.3724,9,-1.0153,14,-0.2464,15,-0.2159
ENSG00000145545,SRD5A1,11,-1.3437,40,0.69254,15,-0.8864,30,0.20062,48,1.00097,31,0.27954,29,0.17412,21,-0.3428,14,-0.9924,24,-0.1627
ENSG00000112941,TENT4A,12,-1.3291,46,0.74552,27,-0.0874,28,-0.0622,32,0.14609,50,0.89977,20,-0.5611,28,-0.0274,21,-0.4693,25,-0.2411
ENSG00000078295,ADCY2,43,-1.3809,147,0.51956,92,-0.2296,97,-0.1490,91,-0.2451,145,0.50261,86,-0.3351,143,0.47137,60,-0.8903,162,0.68253
ENSG00000124275,MTRR,51,1.33677,31,0.46114,30,0.40944,16,-0.5326,19,-0.2907,17,-0.4344,12,-0.9873,14,-0.7515,24,0.09559,15,-0.6087
ENSG00000247516,MIR4458HG,39,-0.0823,65,0.74067,40,-0.0553,22,-0.9895,37,-0.1478,40,-0.0257,40,-0.0498,42,0.01723,30,-0.4750,57,0.51781
ENSG00000112902,SEMA5A,34,0.97916,21,0.16533,11,-0.8084,8,-1.2182,12,-0.6456,13,-0.5656,11,-0.7661,33,0.94034,22,0.30033,21,0.16406
ENSG00000150753,CCT5,77,-0.7232,138,0.20507,134,0.15619,186,0.69574,149,0.32230,186,0.70001,51,-1.3355,75,-0.7648,106,-0.2237,116,-0.0753
ENSG00000164237,CMBL,14,-1.1236,38,0.44651,24,-0.2520,17,-0.7795,22,-0.3630,21,-0.5035,20,-0.5348,20,-0.5357,46,0.80262,62,1.31766
ENSG00000145495,MARCH6,138,-1.0315,342,0.39810,262,-0.0308,288,0.11875,339,0.38338,321,0.29485,155,-0.8552,246,-0.1327,288,0.11598,297,0.16945
ENSG00000164236,ANKRD33B,3,-3.3994,27,-0.3122,60,0.96218,14,-1.3541,59,0.94160,33,-0.0213,18,-0.9130,36,0.13101,46,0.50680,38,0.19362
ENSG00000112977,DAP,22,0.11119,41,1.14401,25,0.28247,20,-0.0728,11,-0.9888,13,-0.7511,19,-0.1801,31,0.62097,13,-0.7372,14,-0.5972
ENSG00000169862,CTNND2,195,-0.2300,258,0.21678,220,-0.0385,246,0.13407,157,-0.5745,238,0.08108,210,-0.1171,258,0.21265,216,-0.0720,261,0.23451
ENSG00000038382,TRIO,28,-1.5339,62,-0.3178,85,0.18595,104,0.52336,63,-0.2763,71,-0.0845,70,-0.1093,58,-0.4184,112,0.65384,101,0.47102
ENSG00000154122,ANKH,67,-1.0185,178,0.51146,173,0.46670,228,0.93339,125,-0.0668,143,0.14978,106,-0.3188,88,-0.6125,95,-0.4960,97,-0.4567
ENSG00000173545,ZNF622,31,-0.1970,23,-0.6671,23,-0.6466,71,1.14586,43,0.30582,20,-0.8743,26,-0.4662,31,-0.2202,27,-0.4201,60,0.84659
ENSG00000154153,RETREG1,90,0.25089,84,0.13732,36,-1.1887,112,0.61466,120,0.72555,92,0.28882,76,-0.0177,19,-2.0764,74,-0.0638,67,-0.2203
ENSG00000145555,MYO10,168,1.84313,44,-0.4701,37,-0.6995,16,-1.9612,21,-1.5496,13,-2.2142,49,-0.2847,121,1.21385,46,-0.3814,72,0.32117
ENSG00000176788,BASP1,171,-2.6712,844,-0.2675,1174,0.26121,1144,0.21903,1841,1.02392,1242,0.35357,916,-0.1376,609,-0.7729,1188,0.28093,858,-0.2403
ENSG00000248455,LINC02217,19,-0.6912,31,0.10514,10,-1.6225,18,-0.7569,72,1.51725,37,0.37192,29,-0.0216,21,-0.4919,37,0.37969,20,-0.6262
ENSG00000145526,CDH18,9,-1.9763,23,-0.6950,67,1.03812,60,0.85053,40,0.16608,37,0.05385,33,-0.1125,27,-0.4124,37,0.05561,24,-0.6160
ENSG00000040731,CDH10,0,-6.7520,28,-0.6030,55,0.42012,50,0.28095,105,1.56259,57,0.50394,33,-0.3614,33,-0.3616,37,-0.2048,22,-1.0157
ENSG00000113360,DROSHA,29,0.00189,58,1.12464,36,0.32832,30,0.00939,27,-0.1071,37,0.36606,19,-0.6494,12,-1.2877,16,-0.9144,29,-0.0369
ENSG00000082213,C5orf22,0,-7.3495,16,-0.3412,19,-0.0834,18,-0.2168,31,0.67101,40,1.11551,21,0.05041,16,-0.4189,21,0.02282,23,0.16544
ENSG00000133401,PDZD2,28,-0.7795,40,-0.2237,181,2.53941,28,-0.7629,10,-2.1893,15,-1.6436,22,-1.1043,60,0.43739,33,-0.5290,41,-0.1877
ENSG00000113384,GOLPH3,61,0.10951,48,-0.2604,64,0.17821,98,0.89296,41,-0.5240,83,0.61639,42,-0.4747,34,-0.8179,39,-0.5978,61,0.09917
ENSG00000150712,MTMR12,17,-1.2953,40,-0.0200,80,1.14060,63,0.73016,25,-0.7300,24,-0.7929,31,-0.4137,26,-0.6877,59,0.59679,39,-0.0468
ENSG00000056097,ZFR,102,-0.3508,152,0.29256,191,0.66768,119,-0.1064,93,-0.4846,104,-0.3204,114,-0.1706,109,-0.2358,148,0.25273,137,0.12760
ENSG00000113387,SUB1,152,-1.3856,455,0.31566,534,0.58197,439,0.25703,405,0.12605,496,0.45913,316,-0.2697,275,-0.4865,339,-0.1559,332,-0.1908
ENSG00000113407,TARS,18,-0.6727,25,-0.1554,38,0.55354,21,-0.4154,33,0.32789,36,0.43813,14,-1.0263,20,-0.4513,22,-0.3005,45,0.82160
ENSG00000242110,AMACR,4,-2.3387,32,0.79999,24,0.30751,18,-0.1688,16,-0.3481,22,0.17529,9,-1.1093,12,-0.7909,33,0.81485,28,0.56296
ENSG00000113456,RAD1,7,-1.2334,15,-0.2013,20,0.27563,21,0.30728,26,0.70843,19,0.19420,23,0.50014,12,-0.4753,5,-1.6961,20,0.26677
ENSG00000113460,BRIX1,7,-1.2864,24,0.52864,33,1.06242,27,0.75613,15,-0.2077,12,-0.5562,9,-0.9417,13,-0.4049,20,0.20118,12,-0.5944
ENSG00000168724,DNAJC21,49,0.45416,50,0.49639,46,0.35071,20,-0.9344,22,-0.7599,24,-0.6318,30,-0.3314,29,-0.3460,58,0.73967,39,0.10639
ENSG00000164187,LMBRD2,36,-1.7082,153,0.51265,135,0.30204,148,0.45666,135,0.30167,103,-0.1291,94,-0.2794,97,-0.2209,128,0.22563,88,-0.3749
ENSG00000152620,NADK2,29,-0.6307,80,1.02561,42,-0.0188,39,-0.1707,33,-0.4177,33,-0.3972,37,-0.2432,54,0.38438,34,-0.3500,48,0.19217
ENSG00000079215,SLC1A3,175,-1.1559,523,0.56972,243,-0.6578,159,-1.3070,205,-0.9174,193,-1.0070,335,-0.1558,816,1.34798,304,-0.3104,743,1.17733
ENSG00000164190,NIPBL,50,1.13809,28,0.14843,18,-0.5273,18,-0.5160,20,-0.3294,18,-0.5193,16,-0.6609,43,0.85175,14,-0.9171,28,0.13497
ENSG00000197603,CPLANE1,10,-1.0048,12,-0.7811,31,0.76380,28,0.57953,15,-0.3773,17,-0.2214,14,-0.4909,21,0.10236,21,0.10273,26,0.47096
ENSG00000113594,LIFR,96,0.98396,55,0.06132,49,-0.1324,37,-0.5834,33,-0.7286,30,-0.8734,31,-0.8289,95,0.95022,30,-0.9031,77,0.58858
ENSG00000164327,RICTOR,51,0.71128,56,0.87090,28,-0.2518,20,-0.7890,43,0.41108,31,-0.1094,20,-0.8047,29,-0.2151,18,-0.9338,36,0.11199
ENSG00000113638,TTC33,19,-1.7113,116,1.15484,65,0.18010,90,0.69924,48,-0.2959,64,0.14573,37,-0.7300,27,-1.1826,48,-0.3116,70,0.29726
ENSG00000132356,PRKAA1,13,-0.6729,28,0.50830,17,-0.3157,20,-0.0093,32,0.72576,26,0.41319,25,0.34006,14,-0.6050,13,-0.7016,16,-0.4021
ENSG00000145592,RPL37,2467,1.62226,1234,0.39464,686,-0.5414,619,-0.7002,664,-0.5924,536,-0.9215,1104,0.21220,810,-0.2830,674,-0.5687,883,-0.1455
ENSG00000182836,PLCXD3,10,-1.7453,111,2.24622,1,-4.4234,21,-0.6722,59,1.03872,28,-0.2072,51,0.77465,7,-2.1510,6,-2.4704,24,-0.4551
ENSG00000083720,OXCT1,30,-2.5111,211,0.47420,147,-0.1110,229,0.60448,222,0.55865,251,0.76393,123,-0.3951,104,-0.6591,150,-0.0783,112,-0.5368
ENSG00000205765,C5orf51,16,-0.1141,31,0.96834,9,-1.0316,20,0.26261,10,-0.7539,24,0.54285,20,0.22671,13,-0.3955,10,-0.7519,18,0.05030
ENSG00000250722,SELENOP,679,3.56395,115,-0.0533,28,-2.1771,22,-2.5183,34,-1.8982,47,-1.4163,48,-1.3874,81,-0.5961,40,-1.6685,96,-0.3433
ENSG00000172262,ZNF131,10,-0.8696,33,1.02722,18,0.01303,23,0.42305,19,0.14230,27,0.67736,15,-0.1975,11,-0.7162,8,-1.1287,12,-0.6203
ENSG00000177453,NIM1K,15,-0.1781,12,-0.4711,26,0.74148,26,0.75176,16,-0.0269,18,0.09718,16,-0.0458,20,0.27726,10,-0.7494,6,-1.4266
ENSG00000112972,HMGCS1,89,-1.0345,148,-0.2555,162,-0.1096,252,0.60820,307,0.94944,226,0.42734,113,-0.6690,121,-0.5681,169,-0.0462,150,-0.2333
ENSG00000172239,PAIP1,46,-0.7462,65,-0.2049,118,0.78255,72,-0.0430,91,0.34651,98,0.46335,59,-0.3449,64,-0.2214,61,-0.3076,63,-0.2457
ENSG00000248092,NNT-AS1,24,-0.4869,37,0.16102,36,0.14467,37,0.17701,28,-0.2764,38,0.23215,33,-0.0194,38,0.22889,32,-0.0598,28,-0.2537
ENSG00000112992,NNT,32,-1.4237,69,-0.2486,115,0.57819,126,0.73703,69,-0.2426,82,0.03233,93,0.22985,59,-0.4845,73,-0.1517,87,0.13152
ENSG00000251141,MRPS30-DT,2,-3.1633,16,-0.0052,26,0.82072,24,0.64593,12,-0.4632,11,-0.5562,12,-0.4241,12,-0.4612,26,0.82266,18,0.23541
ENSG00000112996,MRPS30,19,-1.5887,28,-0.9757,90,0.84535,72,0.48033,62,0.23033,59,0.15957,50,-0.1177,39,-0.5051,47,-0.1979,70,0.43711
ENSG00000272335,AC093297.2,8,-2.1308,35,0.13642,55,0.88620,32,-0.0210,22,-0.5615,34,0.10456,19,-0.8279,28,-0.1854,42,0.44269,45,0.56885
ENSG00000164588,HCN1,2,-5.1725,97,0.07981,105,0.21630,118,0.40197,120,0.42702,135,0.62754,85,-0.1287,49,-0.9774,112,0.30974,98,0.09828
ENSG00000151883,PARP8,3,-2.6584,40,1.03840,18,-0.2423,13,-0.7435,17,-0.3860,56,1.67379,12,-0.8151,12,-0.8712,13,-0.7055,27,0.40512
ENSG00000152684,PELO,5,-2.1287,18,-0.1454,28,0.52271,16,-0.3781,19,-0.1059,24,0.31005,7,-1.5196,14,-0.5577,40,1.14050,30,0.65172
ENSG00000164172,MOCS2,38,-1.2085,73,-0.1829,99,0.28889,62,-0.4466,109,0.45508,124,0.67255,81,-0.0202,51,-0.7563,107,0.42051,80,-0.0401
ENSG00000164258,NDUFS4,62,-0.7354,146,0.61549,117,0.26062,121,0.31383,93,-0.1165,142,0.57239,76,-0.4248,54,-0.9624,119,0.28770,68,-0.5939
ENSG00000185305,ARL15,4,-2.1475,28,0.66591,21,0.23135,36,1.13475,22,0.31938,15,-0.2982,5,-1.7472,11,-0.7541,29,0.75695,10,-0.8624
ENSG00000067248,DHX29,21,-0.2581,25,0.02101,20,-0.3829,31,0.33118,16,-0.6838,26,0.07651,22,-0.2011,18,-0.4971,42,0.83896,29,0.24054
ENSG00000039123,MTREX,27,-0.7390,38,-0.1920,49,0.19654,60,0.53635,36,-0.3070,32,-0.4671,31,-0.5412,33,-0.4275,76,0.91544,52,0.29404
ENSG00000067113,PLPP1,75,0.71565,45,-0.1190,47,-0.0693,60,0.33138,39,-0.3301,48,-0.0308,38,-0.3865,38,-0.3879,40,-0.3079,57,0.24279
ENSG00000134352,IL6ST,186,0.62782,132,0.07309,106,-0.2754,93,-0.4904,87,-0.5839,105,-0.2925,98,-0.4076,210,0.84054,96,-0.4408,152,0.30030
ENSG00000062194,GPBP1,121,0.49238,121,0.49037,89,-0.0100,74,-0.2892,95,0.10464,118,0.44928,65,-0.4957,71,-0.3710,69,-0.4157,71,-0.3615
ENSG00000249436,AC008780.1,4,-2.9204,30,0.07410,73,1.59989,16,-0.9031,7,-2.0961,25,-0.1930,17,-0.8089,22,-0.4115,62,1.29224,31,0.12730
ENSG00000145632,PLK2,9,-3.4919,90,-0.1353,204,1.23834,84,-0.2431,125,0.39664,93,-0.0847,65,-0.6285,57,-0.8476,120,0.32866,132,0.48687
ENSG00000152932,RAB3C,16,-3.8238,291,0.57023,170,-0.3021,224,0.13737,404,1.14096,273,0.46529,180,-0.2041,147,-0.5233,203,-0.0140,144,-0.5534
ENSG00000113448,PDE4D,4,-3.2065,43,0.29972,39,0.15758,39,0.16796,33,-0.1080,37,0.08836,28,-0.3622,39,0.14432,32,-0.1386,59,0.84971
ENSG00000152931,PART1,1,-5.6702,77,0.37714,49,-0.3418,109,0.96402,114,1.03320,92,0.67058,64,0.08482,33,-0.9465,44,-0.5008,27,-1.2479
ENSG00000164182,NDUFAF2,22,-0.8887,72,0.97538,39,-0.0121,48,0.30646,32,-0.3424,46,0.23829,42,0.09085,22,-0.8975,36,-0.1557,38,-0.0854
ENSG00000188725,SMIM15,29,0.43700,40,1.00546,25,0.24943,19,-0.1780,22,0.02306,10,-1.1769,13,-0.7949,18,-0.2913,29,0.46722,12,-0.9081
ENSG00000130449,ZSWIM6,49,0.70198,32,0.03872,30,-0.0911,21,-0.6131,28,-0.1783,36,0.21337,26,-0.3093,39,0.33469,25,-0.3445,29,-0.1138
ENSG00000068796,KIF2A,28,0.01723,26,-0.1040,26,-0.0962,38,0.50421,44,0.75063,37,0.45670,15,-0.9005,27,-0.0124,16,-0.8357,20,-0.5374
ENSG00000086189,DIMT1,22,0.19455,12,-0.6719,53,1.77518,17,-0.1652,14,-0.4759,15,-0.3219,13,-0.6307,9,-1.0502,9,-1.1641,26,0.49747
ENSG00000086200,IPO11,19,0.01877,11,-0.7905,15,-0.3115,31,0.80777,14,-0.4781,25,0.42809,12,-0.6224,19,0.01440,15,-0.3859,27,0.58601
ENSG00000153006,SREK1IP1,27,-0.0483,27,-0.0438,35,0.37632,22,-0.3100,36,0.41806,13,-1.1364,32,0.26197,27,-0.0016,20,-0.4610,35,0.39971
ENSG00000153015,CWC27,24,0.03333,43,1.02980,25,0.09191,23,0.00267,9,-1.4260,14,-0.7396,20,-0.2379,21,-0.1343,30,0.41394,23,-0.0345
ENSG00000113595,TRIM23,50,-0.9152,88,-0.0234,89,-0.0158,121,0.48392,140,0.73621,117,0.42727,56,-0.7227,63,-0.5427,102,0.20723,70,-0.3833
ENSG00000113597,TRAPPC13,14,-1.3911,39,0.20412,46,0.47500,25,-0.5047,67,1.10783,49,0.55796,27,-0.3658,17,-1.0716,28,-0.3248,33,-0.0881
ENSG00000197860,SGTB,12,-3.5520,136,0.10117,134,0.07360,188,0.63788,161,0.37267,160,0.36190,92,-0.5186,85,-0.6361,215,0.85941,95,-0.4577
ENSG00000123213,NLN,9,-1.0216,17,-0.0223,22,0.37211,21,0.33140,12,-0.5394,9,-0.9020,24,0.57170,15,-0.1705,21,0.34340,20,0.27945
ENSG00000112851,ERBIN,264,2.57898,56,-0.2637,27,-1.3758,37,-0.9031,30,-1.2270,43,-0.6633,36,-0.9298,66,0.00685,43,-0.6720,58,-0.2116
ENSG00000153914,SREK1,50,0.39613,51,0.42671,38,-0.0529,29,-0.4978,32,-0.3003,34,-0.2200,36,-0.1367,52,0.44158,27,-0.6043,44,0.18205
ENSG00000069020,MAST4,25,-1.1766,56,0.04495,58,0.10997,57,0.06546,58,0.10394,65,0.27773,58,0.11111,50,-0.1448,56,0.03744,62,0.19535
ENSG00000145675,PIK3R1,66,-1.7409,156,-0.4372,240,0.24998,277,0.48840,286,0.54004,195,-0.0822,173,-0.2732,147,-0.5276,315,0.70403,200,-0.0433
ENSG00000145740,SLC30A5,15,-0.9540,35,0.34571,22,-0.3417,17,-0.7486,61,1.32152,28,-0.0058,18,-0.6551,18,-0.6536,25,-0.1689,39,0.55805
ENSG00000134056,MRPS36,13,-2.4410,75,0.19783,85,0.39148,74,0.15783,72,0.11963,77,0.22592,62,-0.1213,48,-0.5156,72,0.13175,89,0.47007
ENSG00000134058,CDK7,12,-0.6460,4,-2.2438,14,-0.3587,30,0.80840,31,0.88783,20,0.15184,11,-0.8151,10,-0.9044,25,0.52872,24,0.47972
ENSG00000085231,AK6,46,0.08007,16,-1.5438,41,-0.0829,42,-0.0683,44,0.02454,82,1.05467,36,-0.2742,30,-0.5562,57,0.44353,40,-0.1212
ENSG00000273841,TAF9,40,-1.1480,94,0.19640,101,0.30625,142,0.87977,105,0.36582,105,0.36821,73,-0.2113,37,-1.2398,65,-0.3995,73,-0.2051
ENSG00000152942,RAD17,2,-2.8640,31,0.86354,24,0.43074,14,-0.4319,23,0.38773,34,1.02032,12,-0.6316,17,-0.1347,15,-0.2827,10,-0.8758
ENSG00000145734,BDP1,14,-1.0044,22,-0.3077,29,0.12411,37,0.51289,21,-0.3817,26,-0.0561,25,-0.0997,36,0.44277,34,0.36647,26,-0.0869
ENSG00000131844,MCCC2,21,-0.1645,32,0.49761,24,0.06207,18,-0.3856,18,-0.3933,13,-0.8383,17,-0.5253,20,-0.2562,21,-0.2002,50,1.26209
ENSG00000164326,CARTPT,0,-9.2768,5,-3.9267,343,2.77493,74,-0.0980,7,-3.5086,12,-2.7675,34,-1.3153,74,-0.1078,216,1.75200,25,-1.7360
ENSG00000131711,MAP1B,570,-1.4149,1613,0.19884,1149,-0.3422,1755,0.33702,2054,0.59867,1661,0.24719,1697,0.28213,955,-0.6298,2001,0.55497,803,-0.8960
ENSG00000113048,MRPS27,13,-2.1817,80,0.57052,76,0.48905,52,-0.1237,81,0.61102,75,0.47159,41,-0.4998,46,-0.3225,56,-0.0100,42,-0.4629
ENSG00000083312,TNPO1,74,0.81023,51,0.18499,49,0.13645,44,-0.0432,37,-0.3096,34,-0.4373,36,-0.3512,37,-0.3025,50,0.17878,39,-0.2394
ENSG00000145741,BTF3,213,0.18449,201,0.09034,241,0.39293,171,-0.1648,197,0.06388,199,0.07584,138,-0.5005,125,-0.6564,169,-0.1782,242,0.39702
ENSG00000164331,ANKRA2,17,-0.0234,29,0.86530,19,0.17363,13,-0.3914,11,-0.7004,32,1.04953,13,-0.4120,8,-1.1911,12,-0.4786,16,-0.0760
ENSG00000171617,ENC1,57,-4.7971,565,-1.4571,4137,1.84145,2175,0.66474,1725,0.27905,1333,-0.1369,880,-0.7845,1029,-0.5429,1570,0.12545,1052,-0.5087
ENSG00000049860,HEXB,29,-0.5100,34,-0.2695,76,1.05121,55,0.49137,44,0.12907,42,0.06588,28,-0.5429,26,-0.6658,35,-0.2196,34,-0.2578
ENSG00000164347,GFM2,12,-0.5024,6,-1.6605,29,0.84976,30,0.92348,26,0.63642,22,0.41308,6,-1.4422,15,-0.1821,14,-0.3471,12,-0.6194
ENSG00000164346,NSA2,55,-0.0764,84,0.60325,67,0.23652,55,-0.0963,41,-0.5299,56,-0.0608,42,-0.5147,54,-0.1241,58,-0.0090,69,0.27506
ENSG00000198780,FAM169A,30,-1.2299,96,0.61487,63,-0.0696,66,0.01053,92,0.54726,107,0.79769,48,-0.5036,38,-0.8479,75,0.20644,44,-0.6311
ENSG00000113161,HMGCR,22,-2.3283,72,-0.5315,125,0.34445,100,-0.0270,208,1.21362,163,0.78671,77,-0.4339,69,-0.5932,128,0.37222,49,-1.1102
ENSG00000113163,CERT1,17,-2.0363,59,-0.1508,78,0.30104,50,-0.3995,68,0.08163,105,0.80927,73,0.19064,45,-0.5742,59,-0.1292,92,0.57684
ENSG00000122012,SV2C,0,-6.1227,19,0.10656,11,-0.7140,15,-0.3115,5,-1.7292,42,1.42180,18,-0.0102,25,0.53759,13,-0.5100,31,0.91785
ENSG00000145708,CRHBP,6,-2.4837,14,-1.4176,2,-3.7758,2,-4.2571,0,-6.5218,260,4.68208,17,-1.0641,15,-1.2443,21,-0.7712,10,-1.9076
ENSG00000164252,AGGF1,36,-0.2379,44,0.09322,56,0.46472,40,-0.0638,57,0.48478,27,-0.6655,41,-0.0318,41,-0.0287,43,0.04656,33,-0.3601
ENSG00000113231,PDE8B,25,-1.2474,61,0.13738,117,1.24243,37,-0.6213,15,-1.9296,59,0.10004,48,-0.2450,64,0.21898,46,-0.3188,86,0.71315
ENSG00000164253,WDR41,31,-0.0597,25,-0.3817,21,-0.6671,32,-0.0132,62,1.08818,44,0.51699,26,-0.3347,28,-0.2108,29,-0.1391,23,-0.5173
ENSG00000171530,TBCA,152,-0.1360,194,0.25251,181,0.13812,168,0.02210,193,0.24503,156,-0.0960,142,-0.2504,110,-0.6375,180,0.12907,183,0.15335
ENSG00000085365,SCAMP1,42,-1.8485,208,0.65288,136,-0.0393,171,0.32935,162,0.23613,176,0.37256,118,-0.2642,102,-0.5006,130,-0.1117,153,0.13960
ENSG00000152409,JMY,36,0.29251,44,0.62868,27,-0.1430,37,0.34936,39,0.43859,9,-1.7650,26,-0.2128,16,-0.9774,26,-0.2140,38,0.39307
ENSG00000152413,HOMER1,11,-3.0711,76,-0.2336,158,0.96349,96,0.13678,75,-0.2681,117,0.44661,83,-0.1001,74,-0.2819,112,0.38662,82,-0.1126
ENSG00000164329,TENT2,29,0.47180,16,-0.4958,46,1.27720,22,0.04746,17,-0.3895,29,0.44496,12,-0.9389,13,-0.7889,24,0.18885,9,-1.3744
ENSG00000177034,MTX3,11,-1.7263,53,0.68352,44,0.38329,51,0.61825,23,-0.6304,37,0.08312,22,-0.7406,20,-0.8509,36,0.04478,52,0.64828
ENSG00000164300,SERINC5,80,2.67020,8,-1.3485,7,-1.3808,4,-2.2035,9,-1.1375,18,-0.1125,10,-0.9776,28,0.64264,18,-0.1146,8,-1.2754
ENSG00000039319,ZFYVE16,128,2.46523,31,-0.1156,20,-0.7571,22,-0.6072,18,-0.9102,20,-0.8102,13,-1.3970,26,-0.3889,23,-0.5627,31,-0.1160
ENSG00000249042,AC008771.1,5,-1.5203,21,0.56874,24,0.81359,22,0.64659,9,-0.6827,6,-1.4115,9,-0.6725,18,0.29196,27,0.99805,5,-1.4797
ENSG00000113319,RASGRF2,27,-2.0723,60,-0.8915,439,2.65909,83,-0.3859,33,-1.7857,45,-1.3099,58,-0.9253,94,-0.1966,135,0.38942,87,-0.3115
ENSG00000145687,SSBP2,18,-1.9181,83,0.41395,60,-0.1158,78,0.30046,79,0.33473,98,0.68249,31,-1.1106,48,-0.4558,63,-0.0350,86,0.46746
ENSG00000186468,RPS23,1522,1.56334,798,0.42361,512,-0.2922,531,-0.2350,414,-0.6240,416,-0.6160,484,-0.3793,485,-0.3761,510,-0.2985,482,-0.3853
ENSG00000174695,TMEM167A,63,-0.3304,97,0.36944,70,-0.1546,82,0.08767,96,0.33991,93,0.29690,67,-0.2395,75,-0.0472,69,-0.1932,63,-0.3178
ENSG00000038427,VCAN,181,3.38737,15,-1.2010,8,-2.0578,2,-3.7352,5,-2.6419,0,-5.2703,23,-0.5525,51,0.68423,9,-1.9385,37,0.17672
ENSG00000164176,EDIL3,687,2.35422,260,0.51958,91,-1.1417,135,-0.5310,140,-0.4709,151,-0.3556,133,-0.5493,61,-1.7331,104,-0.9252,130,-0.5918
ENSG00000127184,COX7C,513,-0.6627,906,0.23633,704,-0.1686,831,0.09711,1008,0.41155,859,0.14959,861,0.15361,546,-0.5673,567,-0.5090,1032,0.45060
ENSG00000145715,RASA1,17,-1.7567,41,-0.4893,75,0.48103,61,0.14383,86,0.70793,65,0.23392,44,-0.3783,57,0.04113,59,0.09264,53,-0.0859
ENSG00000134480,CCNH,33,-0.4483,44,0.00903,44,0.00389,49,0.19592,62,0.56267,55,0.36735,37,-0.2402,34,-0.3803,45,0.05677,33,-0.4252
ENSG00000247828,TMEM161B-AS1,36,-0.3278,27,-0.7455,66,0.65722,38,-0.2237,47,0.11040,48,0.12236,31,-0.5392,53,0.28537,54,0.32504,41,-0.1147
ENSG00000245526,LINC00461,44,0.02643,41,-0.0555,26,-0.7700,29,-0.6253,30,-0.5529,47,0.14575,37,-0.2195,50,0.23121,54,0.36380,71,0.84038
ENSG00000081189,MEF2C,44,-3.4262,629,0.59118,430,-0.0315,577,0.44696,485,0.16157,455,0.06071,524,0.28973,290,-0.6509,571,0.43073,379,-0.2312
ENSG00000176055,MBLAC2,1,-3.2169,19,0.33351,37,1.42248,14,-0.1413,21,0.47676,8,-1.0560,10,-0.6207,15,-0.0439,20,0.39626,10,-0.6189
ENSG00000164199,ADGRV1,40,1.15253,17,-0.2430,10,-0.9769,3,-2.7356,8,-1.4474,3,-2.5742,16,-0.3382,74,2.35180,4,-2.3972,25,0.36824
ENSG00000113369,ARRDC3,44,0.47997,28,-0.2447,33,0.01771,24,-0.4752,35,0.09968,30,-0.1344,18,-0.9319,46,0.53285,33,-0.0059,37,0.20451
ENSG00000237187,NR2F1-AS1,26,-1.4033,53,-0.3214,70,0.11558,86,0.45283,71,0.12759,118,0.98524,50,-0.4105,66,0.01325,59,-0.1442,52,-0.3398
ENSG00000175745,NR2F1,30,-1.8404,133,0.44435,81,-0.3481,94,-0.1058,95,-0.1009,64,-0.7118,85,-0.2790,95,-0.0906,139,0.52049,194,1.09166
ENSG00000113391,FAM172A,11,-1.2189,37,0.59291,38,0.64688,20,-0.3886,15,-0.7966,32,0.35570,17,-0.6364,27,0.08743,30,0.24489,29,0.17171
ENSG00000133302,SLF1,8,-1.4824,16,-0.4261,39,1.00600,11,-0.9954,10,-1.2009,17,-0.3313,15,-0.5386,21,-0.0364,61,1.82092,15,-0.5138
ENSG00000175471,MCTP1,12,-1.8304,36,-0.1683,78,1.11060,41,0.05484,43,0.11303,37,-0.1109,19,-1.1177,38,-0.0688,69,0.90600,26,-0.6679
ENSG00000198677,TTC37,39,-0.3653,47,-0.0413,55,0.19440,54,0.16385,57,0.24437,50,0.05943,38,-0.3793,37,-0.4176,37,-0.4115,72,0.63304
ENSG00000164292,RHOBTB3,109,0.97636,91,0.66208,23,-1.5042,28,-1.2121,45,-0.4602,23,-1.4488,54,-0.1717,98,0.79576,44,-0.5065,91,0.66476
ENSG00000173221,GLRX,11,-2.3394,55,0.04319,47,-0.1904,50,-0.1197,86,0.78627,111,1.23534,60,0.19021,31,-0.8364,46,-0.2441,37,-0.5781
ENSG00000118985,ELL2,102,0.79173,39,-0.7417,59,-0.0982,72,0.19908,91,0.58913,72,0.21830,75,0.27646,37,-0.8238,43,-0.6072,41,-0.6558
ENSG00000175426,PCSK1,10,-3.5394,97,-0.1700,34,-1.7426,138,0.39375,363,2.17779,202,1.04424,98,-0.1467,26,-2.1642,73,-0.6157,40,-1.5254
ENSG00000153113,CAST,40,0.25779,30,-0.2157,18,-0.9997,49,0.59660,41,0.28788,35,0.04707,35,0.05137,26,-0.4365,34,0.01665,33,-0.0597
ENSG00000113441,LNPEP,52,-0.2589,44,-0.5420,60,-0.0411,126,1.20061,51,-0.3079,56,-0.1694,55,-0.1703,40,-0.6769,53,-0.2551,81,0.43946
ENSG00000174136,RGMB,23,-1.3076,66,0.33542,78,0.60710,72,0.46481,52,-0.0470,71,0.46166,40,-0.4522,55,0.05013,39,-0.5133,41,-0.4325
ENSG00000174132,FAM174A,20,-1.3257,53,0.18418,60,0.39159,53,0.18288,63,0.47270,47,0.00085,43,-0.1568,30,-0.7005,66,0.53033,38,-0.3597
ENSG00000145730,PAM,21,-2.8020,153,0.16518,159,0.22949,154,0.17664,147,0.10343,313,1.39755,89,-0.6857,96,-0.5726,127,-0.1398,121,-0.2055
ENSG00000145725,PPIP5K2,15,-1.2590,55,0.78449,30,-0.2040,53,0.71279,28,-0.2967,39,0.19694,32,-0.0856,20,-0.8317,36,0.06191,34,-0.0069
ENSG00000181751,C5orf30,52,0.15079,32,-0.5740,103,1.33738,51,0.14692,49,0.07756,22,-1.1555,29,-0.7324,28,-0.7842,51,0.13685,50,0.11434
ENSG00000184349,EFNA5,9,-2.0339,49,0.44961,19,-1.0554,35,-0.0898,50,0.49156,64,0.91010,41,0.14295,27,-0.4853,42,0.20830,34,-0.1307
ENSG00000145743,FBXL17,29,-1.6715,96,0.14366,105,0.28657,75,-0.2430,106,0.30116,121,0.52914,95,0.13064,86,-0.0307,98,0.17296,66,-0.4479
ENSG00000198961,PJA2,169,-1.6050,511,0.09597,533,0.16402,729,0.68168,650,0.48886,668,0.53547,361,-0.4571,326,-0.6140,527,0.14471,342,-0.5379
ENSG00000112893,MAN2A1,115,2.43788,31,0.03222,12,-1.3367,24,-0.3407,37,0.32100,17,-0.8625,20,-0.6014,18,-0.7858,11,-1.4816,16,-0.9935
ENSG00000164209,SLC25A46,54,-1.0720,106,-0.0269,119,0.15751,128,0.28042,188,0.92874,110,0.03192,112,0.06611,81,-0.4488,77,-0.5199,101,-0.0935
ENSG00000134987,WDR36,22,0.28342,18,-0.0837,25,0.50120,24,0.40984,23,0.36044,17,-0.1862,12,-0.6793,8,-1.3407,24,0.39260,14,-0.4869
ENSG00000152495,CAMK4,4,-4.2623,50,-0.6680,224,1.86649,58,-0.4538,68,-0.2154,51,-0.6386,43,-0.9289,86,0.16475,96,0.34121,95,0.32623
ENSG00000164211,STARD4,3,-3.0068,24,-0.0149,25,0.10928,39,0.81403,34,0.55801,27,0.19147,13,-0.9284,19,-0.3380,32,0.47061,22,-0.0940
ENSG00000134986,NREP,39,-1.8342,228,0.92913,101,-0.4005,145,0.17174,258,1.14568,136,0.06963,159,0.31967,76,-0.8369,91,-0.5656,71,-0.9509
ENSG00000224032,EPB41L4A-AS1,112,0.94071,78,0.32913,66,0.05545,59,-0.1224,75,0.26422,54,-0.2521,56,-0.1979,39,-0.7417,53,-0.2958,44,-0.5861
ENSG00000134982,APC,66,-0.9346,175,0.61224,74,-0.7500,118,-0.0372,94,-0.3919,102,-0.2571,144,0.29413,160,0.46525,112,-0.1161,158,0.44258
ENSG00000153037,SRP19,44,-0.4197,66,0.24299,75,0.44006,68,0.28323,59,0.04370,65,0.21148,58,0.04167,42,-0.4732,51,-0.1621,42,-0.4927
ENSG00000129625,REEP5,160,-1.6768,450,-0.0884,511,0.11509,572,0.29655,601,0.37861,765,0.78423,367,-0.4123,277,-0.8438,638,0.47672,420,-0.1999
ENSG00000172795,DCP2,15,-1.3612,57,0.73473,33,-0.1534,47,0.39658,61,0.84259,24,-0.6283,33,-0.1822,30,-0.2937,30,-0.3170,35,-0.0542
ENSG00000047188,YTHDC2,15,-0.7827,31,0.40527,41,0.86760,32,0.44707,19,-0.3777,17,-0.5568,14,-0.8083,14,-0.8312,36,0.63574,23,-0.0606
ENSG00000080709,KCNN2,7,-1.3123,19,0.23468,39,1.47159,27,0.85945,7,-1.2786,12,-0.3935,7,-1.2589,11,-0.6175,12,-0.4243,21,0.40276
ENSG00000152503,TRIM36,9,-2.3097,44,0.12974,64,0.73155,57,0.53983,56,0.52608,74,0.98041,31,-0.4340,23,-0.8677,33,-0.3252,17,-1.3316
ENSG00000164221,CCDC112,21,0.39258,6,-1.3786,17,0.01208,13,-0.3236,14,-0.2827,8,-1.0980,16,-0.0021,18,0.18392,16,-0.0339,34,1.22830
ENSG00000145780,FEM1C,11,-1.5659,26,-0.2757,72,1.41204,21,-0.6474,21,-0.5841,24,-0.4168,20,-0.6520,36,0.22698,34,0.14388,47,0.65636
ENSG00000134970,TMED7,90,0.40425,90,0.39669,92,0.43534,75,0.09917,47,-0.6411,66,-0.0927,35,-1.0633,66,-0.0945,63,-0.1679,79,0.17715
ENSG00000129596,CDO1,18,-1.4701,63,0.48165,73,0.73353,86,1.02100,35,-0.4686,40,-0.2335,21,-1.2126,55,0.26569,23,-1.0718,53,0.19359
ENSG00000145782,ATG12,45,-0.0986,49,0.06313,42,-0.1759,47,-0.0142,64,0.49183,47,-0.0272,43,-0.1388,23,-1.1335,68,0.57321,47,-0.0299
ENSG00000177879,AP3S1,49,-1.1488,71,-0.5791,152,0.63262,89,-0.2285,143,0.53630,187,0.99376,93,-0.1695,59,-0.8600,121,0.25645,67,-0.6821
ENSG00000145781,COMMD10,8,-1.5381,10,-1.2173,22,0.01656,36,0.80632,28,0.36248,21,-0.0428,14,-0.6671,16,-0.4565,28,0.37060,37,0.83636
ENSG00000092421,SEMA6A,87,2.00797,13,-1.1989,11,-1.4104,23,-0.2802,25,-0.1821,19,-0.5980,19,-0.5756,34,0.32546,18,-0.6978,30,0.11989
ENSG00000172869,DMXL1,28,-0.1749,53,0.87258,36,0.20397,27,-0.2468,27,-0.2357,27,-0.2269,21,-0.6125,26,-0.2680,30,-0.0536,38,0.30098
ENSG00000133835,HSD17B4,127,1.16401,77,0.30557,49,-0.4088,48,-0.4327,60,-0.0878,90,0.57143,46,-0.5069,47,-0.4852,32,-1.0650,60,-0.1026
ENSG00000205302,SNX2,17,-1.7881,79,0.60551,76,0.53919,60,0.15948,53,-0.0452,78,0.58205,30,-0.9301,45,-0.3009,61,0.17848,46,-0.2498
ENSG00000151292,CSNK1G3,19,-0.6729,48,0.85267,22,-0.4485,29,-0.0139,35,0.32879,41,0.58097,28,-0.0477,21,-0.4796,25,-0.2506,21,-0.5169
ENSG00000155324,GRAMD2B,57,1.45251,30,0.36234,12,-1.0093,9,-1.5027,8,-1.6566,15,-0.7701,15,-0.7288,51,1.24401,2,-3.2242,42,0.91948
ENSG00000164904,ALDH7A1,110,1.60251,30,-0.5963,37,-0.2379,24,-0.9043,35,-0.3482,22,-1.0568,34,-0.3980,79,0.99911,25,-0.8214,38,-0.2127
ENSG00000164902,PHAX,40,-0.4682,41,-0.4614,82,0.66199,69,0.36998,42,-0.4108,48,-0.1947,46,-0.2815,46,-0.2710,56,0.05610,76,0.53477
ENSG00000164241,C5orf63,9,-1.6253,11,-1.2326,8,-1.6660,14,-0.9038,18,-0.5361,14,-0.8996,59,1.37997,83,2.05783,15,-0.7934,27,0.03127
ENSG00000145794,MEGF10,63,1.75721,44,1.09333,4,-2.3826,14,-0.6783,13,-0.8175,12,-0.9094,4,-2.4064,28,0.35494,12,-0.9015,30,0.46884
ENSG00000205279,CTXN3,0,-7.9898,2,-3.6394,82,1.60613,72,1.36019,5,-2.6622,25,-0.4123,41,0.39257,19,-0.8122,47,0.63045,28,-0.2007
ENSG00000245937,LINC01184,39,0.62987,19,-0.5149,31,0.27959,30,0.20871,28,0.09590,29,0.13992,14,-1.0019,26,-0.0056,22,-0.2729,25,-0.0510
ENSG00000064651,SLC12A2,301,2.47710,57,-0.4860,39,-1.0572,76,-0.0559,41,-1.0170,48,-0.7692,59,-0.4347,45,-0.8435,52,-0.6276,65,-0.3062
ENSG00000169567,HINT1,331,-1.2380,943,0.40308,718,-0.0392,817,0.16821,1177,0.77668,1063,0.60420,539,-0.4907,430,-0.8410,852,0.23621,489,-0.6410
ENSG00000186687,LYRM7,35,-0.7626,71,0.36631,39,-0.5734,59,0.05253,53,-0.0910,57,-0.0019,56,-0.0262,54,-0.0802,64,0.20753,79,0.53801
ENSG00000158985,CDC42SE2,66,-1.2069,124,-0.2508,136,-0.1013,197,0.50272,204,0.56184,145,-0.0004,175,0.30778,132,-0.1435,139,-0.0651,130,-0.1745
ENSG00000217128,FNIP1,35,0.26604,28,-0.1111,33,0.15289,31,0.10231,53,0.97969,20,-0.5646,18,-0.7644,31,0.10089,26,-0.2054,20,-0.6303
ENSG00000164398,ACSL6,14,-3.4862,265,0.97159,117,-0.3654,176,0.27992,146,-0.0181,191,0.41297,135,-0.1406,118,-0.3552,182,0.33266,135,-0.1497
ENSG00000113522,RAD50,27,-0.5608,37,-0.0686,57,0.62401,39,0.01159,33,-0.2782,43,0.15340,41,0.06592,38,-0.0413,38,-0.0262,36,-0.1108
ENSG00000131437,KIF3A,44,-2.0996,275,0.72788,152,-0.2372,218,0.33774,260,0.63196,202,0.21183,121,-0.5896,150,-0.2633,176,-0.0088,170,-0.0620
ENSG00000164402,SEPTIN8,568,1.75860,257,0.34915,155,-0.4634,183,-0.2001,191,-0.1285,173,-0.2849,130,-0.7322,119,-0.8655,156,-0.4455,142,-0.5939
ENSG00000198944,SOWAHA,27,-1.4170,42,-0.7827,207,1.94311,52,-0.4436,20,-1.8712,25,-1.5659,60,-0.2195,111,0.78782,55,-0.3621,91,0.44291
ENSG00000164405,UQCRQ,287,-0.7842,461,-0.0424,464,-0.0336,499,0.08263,602,0.38916,569,0.29599,581,0.33075,312,-0.6548,349,-0.4814,614,0.42110
ENSG00000072364,AFF4,72,0.27238,92,0.69241,85,0.55766,37,-0.7789,40,-0.6461,49,-0.3280,58,-0.0608,58,-0.0782,68,0.19879,46,-0.4363
ENSG00000155329,ZCCHC10,2,-2.7208,30,0.86677,14,-0.2946,31,0.93774,23,0.44193,16,-0.0852,14,-0.3528,10,-0.9006,22,0.40228,11,-0.6484
ENSG00000170606,HSPA4,87,-0.2001,104,0.07870,93,-0.0964,97,-0.0289,142,0.59153,98,-0.0164,89,-0.1667,59,-0.8075,126,0.39409,94,-0.0839
ENSG00000053108,FSTL4,0,-6.9187,14,-0.1169,16,0.04903,23,0.67530,28,0.99068,18,0.25538,15,-0.0003,12,-0.3597,23,0.65617,3,-2.0737
ENSG00000113583,C5orf15,53,0.65198,36,0.02945,25,-0.5754,36,0.02748,39,0.14971,40,0.19961,27,-0.4245,25,-0.5803,51,0.56494,24,-0.5908
ENSG00000213585,VDAC1,91,-1.7530,248,-0.2240,270,-0.0914,377,0.45130,518,0.98988,480,0.85723,171,-0.8023,144,-1.0621,309,0.12170,253,-0.1983
ENSG00000113558,SKP1,492,-0.6402,745,0.01265,815,0.15809,990,0.47739,801,0.12917,982,0.46357,540,-0.4947,479,-0.6791,774,0.07451,772,0.07002
ENSG00000113575,PPP2CA,122,-1.2621,308,0.17236,316,0.21012,307,0.16403,418,0.67400,372,0.47860,261,-0.0939,168,-0.7799,309,0.17378,190,-0.5896
ENSG00000119048,UBE2B,84,-1.0024,231,0.58620,218,0.49144,177,0.15091,226,0.54891,161,0.00092,126,-0.3914,79,-1.1038,186,0.23144,124,-0.4124
ENSG00000237190,CDKN2AIPNL,12,-1.8351,39,-0.1217,33,-0.3531,62,0.64966,65,0.73568,45,0.11730,24,-0.8664,36,-0.2356,45,0.12636,56,0.46721
ENSG00000043143,JADE2,32,-0.7911,67,0.34914,73,0.49779,73,0.49501,41,-0.4232,67,0.36650,42,-0.3878,33,-0.7349,61,0.20707,47,-0.1978
ENSG00000152700,SAR1B,100,0.87846,39,-0.6238,48,-0.3086,58,-0.0165,39,-0.6336,46,-0.3826,53,-0.1718,51,-0.2246,45,-0.3955,107,1.00142
ENSG00000164615,CAMLG,59,-1.0160,146,0.40524,123,0.12083,154,0.48818,159,0.54184,119,0.06793,88,-0.3981,73,-0.6933,111,-0.0446,107,-0.0961
ENSG00000145833,DDX46,20,-0.7094,37,0.22162,50,0.71174,31,-0.0678,26,-0.3347,37,0.24763,29,-0.1693,30,-0.0877,21,-0.6178,39,0.32622
ENSG00000181904,C5orf24,34,-0.9515,116,1.00443,67,0.09106,70,0.16250,59,-0.1106,78,0.34136,50,-0.3689,48,-0.4207,67,0.09631,43,-0.6018
ENSG00000113621,TXNDC15,33,-0.5286,50,0.11814,49,0.06686,39,-0.2704,51,0.14089,52,0.15669,54,0.21715,40,-0.2561,48,0.03795,52,0.16876
ENSG00000113648,H2AFY,60,-0.7121,123,0.40681,137,0.59414,69,-0.4979,100,0.08187,110,0.22577,101,0.09275,69,-0.5115,89,-0.1161,95,0.00112
ENSG00000145824,CXCL14,4,-5.4110,483,1.86339,84,-1.0701,24,-2.9002,31,-2.5214,44,-2.0159,64,-1.4867,493,1.90691,50,-1.8458,397,1.48003
ENSG00000113658,SMAD5,44,1.50321,30,0.83563,6,-1.7051,7,-1.3048,8,-1.2699,6,-1.5882,10,-0.9036,27,0.67119,9,-0.9667,32,0.97379
ENSG00000152377,SPOCK1,314,0.28838,305,0.24080,79,-1.8394,390,0.65235,333,0.38711,382,0.61801,303,0.23109,141,-0.9620,151,-0.8616,226,-0.2368
ENSG00000146021,KLHL3,14,-0.4931,6,-1.6616,20,0.06885,43,1.32839,20,0.07415,40,1.20988,14,-0.4745,13,-0.6200,15,-0.3731,8,-1.3888
ENSG00000177733,HNRNPA0,68,-1.3597,213,0.42491,207,0.37794,181,0.15394,164,-0.0013,185,0.18847,120,-0.4876,107,-0.6746,206,0.36559,191,0.24668
ENSG00000031003,FAM13B,28,-0.4393,44,0.27462,49,0.45416,33,-0.1645,45,0.30495,35,-0.1025,33,-0.2033,31,-0.2814,38,0.05285,35,-0.1008
ENSG00000112981,NME5,5,-2.4131,26,-0.0153,35,0.45578,36,0.53332,32,0.32799,35,0.49507,20,-0.4327,13,-1.0966,48,1.01457,11,-1.2999
ENSG00000112983,BRD8,24,-1.0554,93,1.10893,64,0.48405,34,-0.5181,82,0.89344,53,0.16908,31,-0.6818,26,-0.9254,25,-0.9736,45,-0.1041
ENSG00000094880,CDC23,13,-1.0163,28,0.23520,24,-0.0511,27,0.13736,37,0.67846,26,0.09897,19,-0.4186,23,-0.0967,18,-0.4663,30,0.34781
ENSG00000120709,FAM53C,23,-0.8605,70,0.92812,36,-0.1765,34,-0.2687,50,0.34411,32,-0.3670,43,0.11990,34,-0.2591,32,-0.3415,47,0.26268
ENSG00000120733,KDM3B,62,0.72127,58,0.62366,39,-0.0377,38,-0.0839,28,-0.5313,26,-0.6521,24,-0.7556,37,-0.1083,42,0.10301,43,0.11228
ENSG00000132563,REEP2,66,-1.3188,156,0.00365,152,-0.0379,178,0.21636,211,0.50006,226,0.61184,167,0.11443,113,-0.4998,157,0.01289,129,-0.2927
ENSG00000120738,EGR1,5,-4.0964,83,0.09314,145,1.02906,93,0.28180,112,0.58439,51,-0.6549,38,-1.0992,35,-1.2303,153,1.12514,67,-0.2505
ENSG00000120705,ETF1,34,-0.5618,41,-0.2837,67,0.50301,58,0.25320,51,0.06941,47,-0.0725,47,-0.0843,43,-0.2066,68,0.52993,36,-0.5080
ENSG00000113013,HSPA9,146,-0.4886,246,0.33608,228,0.21602,228,0.21642,248,0.34860,233,0.24696,176,-0.2050,131,-0.6627,189,-0.0895,173,-0.2309
ENSG00000044115,CTNNA1,245,1.68565,139,0.66394,63,-0.6070,56,-0.7875,68,-0.4847,63,-0.6028,61,-0.6580,71,-0.4267,51,-0.9248,111,0.28690
ENSG00000146006,LRRTM2,13,-1.4541,37,0.10481,46,0.44892,49,0.57118,30,-0.2188,39,0.16892,26,-0.4269,32,-0.1057,34,-0.0231,40,0.21475
ENSG00000120725,SIL1,22,0.27429,8,-1.2892,17,-0.1716,32,0.87255,21,0.22940,15,-0.3412,15,-0.3466,14,-0.4187,13,-0.5655,29,0.73860
ENSG00000120727,PAIP2,165,-0.1515,204,0.19192,155,-0.2507,185,0.03097,227,0.36894,314,0.91740,117,-0.6838,105,-0.8552,123,-0.6037,216,0.28790
ENSG00000170464,DNAJC18,30,-0.5769,69,0.77001,37,-0.2301,48,0.15495,35,-0.3556,58,0.45763,34,-0.3850,33,-0.4056,45,0.06335,45,0.04209
ENSG00000131508,UBE2D2,122,-0.2068,228,0.81221,192,0.52408,117,-0.2776,155,0.16544,174,0.35657,114,-0.3140,94,-0.6234,96,-0.5789,102,-0.4901
ENSG00000171604,CXXC5,216,0.40112,150,-0.1814,177,0.07707,141,-0.2841,262,0.72393,180,0.10199,117,-0.5665,168,-0.0013,104,-0.7588,171,0.02164
ENSG00000146005,PSD2,65,0.34632,78,0.63804,41,-0.4013,33,-0.7401,23,-1.2456,22,-1.2993,44,-0.2737,92,0.92853,67,0.38238,61,0.23475
ENSG00000185129,PURA,54,0.74477,33,-0.0355,35,0.03402,29,-0.2581,26,-0.4265,10,-1.7887,36,0.08622,64,1.04011,16,-1.1270,38,0.16333
ENSG00000182700,IGIP,95,-0.1821,158,0.65488,89,-0.2740,135,0.39022,96,-0.1599,132,0.35339,76,-0.5309,74,-0.5655,90,-0.2569,116,0.14718
ENSG00000120306,CYSTM1,98,0.18764,82,-0.1109,79,-0.1587,92,0.07509,77,-0.2051,122,0.53330,53,-0.7699,92,0.07200,62,-0.5496,120,0.50654
ENSG00000113068,PFDN1,76,-0.3908,94,-0.0525,118,0.31689,87,-0.1677,99,0.03325,129,0.46413,74,-0.4171,59,-0.7752,91,-0.1044,143,0.63407
ENSG00000131503,ANKHD1,49,0.60625,25,-0.4848,33,-0.0529,30,-0.1991,36,0.09665,29,-0.2347,22,-0.6466,41,0.30110,21,-0.7413,53,0.72652
ENSG00000213523,SRA1,27,-0.3517,46,0.46913,28,-0.2989,54,0.73955,43,0.34817,21,-0.7646,31,-0.1792,21,-0.7809,32,-0.1124,41,0.27734
ENSG00000113108,APBB3,34,-0.0578,43,0.35057,32,-0.1375,57,0.80606,55,0.74571,25,-0.5101,31,-0.1872,22,-0.7061,31,-0.2043,19,-0.9328
ENSG00000176087,SLC35A4,20,-0.2624,16,-0.6432,23,-0.0586,29,0.29690,23,-0.0427,34,0.60439,18,-0.4063,22,-0.0870,17,-0.5437,35,0.63950
ENSG00000131495,NDUFA2,134,-0.7042,316,0.66956,222,0.08434,242,0.22981,194,-0.1273,235,0.17973,172,-0.3136,158,-0.4531,255,0.31010,174,-0.2962
ENSG00000113141,IK,86,0.36784,113,0.81730,73,0.09475,49,-0.5200,73,0.09249,85,0.34228,35,-1.0521,63,-0.1266,64,-0.1108,46,-0.6304
ENSG00000170445,HARS,40,-1.0263,93,0.28034,83,0.09266,141,0.98535,94,0.30460,55,-0.5425,66,-0.2661,53,-0.6124,83,0.09012,73,-0.1075
ENSG00000146007,ZMAT2,72,-0.9578,136,0.03862,173,0.42573,204,0.70929,134,0.01264,115,-0.2336,134,0.01722,119,-0.1753,144,0.12539,98,-0.4762
ENSG00000120327,PCDHB14,3,-2.5581,28,0.92510,31,1.13602,7,-1.2690,19,0.32494,11,-0.5533,11,-0.5235,11,-0.5974,8,-1.0075,29,1.00010
ENSG00000178913,TAF7,67,-0.6483,155,0.69809,124,0.32456,131,0.42210,111,0.15287,105,0.06768,62,-0.7657,63,-0.7296,67,-0.6361,126,0.35237
ENSG00000131504,DIAPH1,0,-6.0089,28,0.02027,51,1.01063,51,1.02936,20,-0.4711,28,0.05090,16,-0.8275,28,0.05259,34,0.34912,18,-0.6632
ENSG00000171720,HDAC3,22,-0.3618,21,-0.4106,46,0.84981,28,0.02045,31,0.21080,34,0.35951,15,-0.8888,21,-0.4247,31,0.17884,25,-0.1388
ENSG00000164620,RELL2,1,-5.1232,47,0.11534,38,-0.1958,40,-0.1297,66,0.68605,88,1.19798,43,-0.0160,21,-1.1095,55,0.39962,34,-0.3898
ENSG00000081791,DELE1,47,1.19813,10,-1.2412,23,0.02431,21,-0.1754,13,-0.8275,29,0.35551,28,0.29397,27,0.25717,12,-0.9542,20,-0.2376
ENSG00000013561,RNF14,49,0.09766,30,-0.6657,40,-0.2279,53,0.20910,55,0.27496,79,0.87360,33,-0.5190,33,-0.5439,42,-0.1393,49,0.08985
ENSG00000113552,GNPDA1,25,-0.8170,44,0.05727,56,0.45187,63,0.65617,55,0.44083,46,0.15386,32,-0.4347,32,-0.4237,42,0.00949,26,-0.7496
ENSG00000131507,NDFIP1,188,-1.9972,741,0.09702,848,0.31772,1058,0.68609,1038,0.65343,899,0.41333,644,-0.1277,369,-0.9904,618,-0.1925,571,-0.3176
ENSG00000113578,FGF1,601,4.20075,20,-2.2178,28,-1.7407,29,-1.7055,44,-1.0836,40,-1.2482,35,-1.4236,40,-1.2386,27,-1.7939,26,-1.8515
ENSG00000145819,ARHGAP26,15,-2.8657,94,-0.1231,135,0.45628,138,0.49958,110,0.12487,95,-0.1069,105,0.05393,58,-0.8680,167,0.81366,100,-0.0226
ENSG00000113580,NR3C1,53,-0.3229,70,0.11293,83,0.38839,70,0.10058,69,0.07947,54,-0.3148,47,-0.5118,39,-0.7882,83,0.39087,86,0.43706
ENSG00000145817,YIPF5,31,-0.7123,54,0.15493,60,0.33481,63,0.39710,35,-0.5053,83,0.87185,30,-0.7829,41,-0.2921,43,-0.2192,51,0.05208
ENSG00000183775,KCTD16,5,-4.0927,63,-0.5167,213,1.52068,72,-0.3163,56,-0.7003,86,-0.0271,50,-0.8649,96,0.14668,133,0.68241,103,0.25582
ENSG00000133706,LARS,60,-0.3224,141,1.07848,44,-0.7923,97,0.43268,71,-0.0714,63,-0.2648,53,-0.5178,56,-0.4455,100,0.49222,55,-0.4597
ENSG00000091009,RBM27,23,-0.0130,23,-0.0449,36,0.71527,35,0.66249,24,0.03001,15,-0.6408,18,-0.3671,26,0.17387,12,-1.0060,21,-0.1998
ENSG00000113649,TCERG1,14,-1.7646,65,0.57834,52,0.22906,59,0.43433,33,-0.5142,39,-0.2400,42,-0.1038,30,-0.6603,56,0.34246,63,0.54174
ENSG00000156475,PPP2R2B,80,-0.8617,159,0.22673,129,-0.1150,187,0.49162,184,0.46246,160,0.23414,166,0.29716,86,-0.7362,131,-0.0925,102,-0.4803
ENSG00000113657,DPYSL3,119,1.43766,74,0.60376,30,-0.8326,32,-0.7289,43,-0.2581,29,-0.8751,41,-0.3391,46,-0.1608,43,-0.2757,54,0.08307
ENSG00000176049,JAKMIP2,38,0.37662,18,-0.7626,35,0.23257,38,0.37502,51,0.86261,37,0.31896,12,-1.4489,19,-0.7063,34,0.19783,20,-0.6685
ENSG00000145868,FBXO38,18,0.14946,11,-0.6592,20,0.28372,19,0.20440,20,0.27591,24,0.57054,11,-0.6959,20,0.27726,17,0.05635,7,-1.2287
ENSG00000173210,ABLIM3,25,0.23739,29,0.46575,16,-0.4394,10,-1.1444,38,0.89998,26,0.30354,18,-0.2697,25,0.20826,14,-0.7178,16,-0.4795
ENSG00000164284,GRPEL2,17,-0.2403,38,1.07252,12,-0.7539,33,0.85416,34,0.87344,18,-0.1648,11,-0.8287,15,-0.4323,10,-1.0797,10,-1.0380
ENSG00000145882,PCYOX1L,10,-1.4420,23,-0.1429,23,-0.1210,27,0.13293,37,0.63071,58,1.42930,15,-0.7649,16,-0.7120,23,-0.1129,18,-0.5006
ENSG00000113712,CSNK1A1,141,0.00484,134,-0.0689,180,0.40276,173,0.34539,164,0.25737,153,0.13680,108,-0.4129,106,-0.4357,75,-0.9670,167,0.28600
ENSG00000182578,CSF1R,108,3.13032,8,-1.4161,12,-0.8847,2,-3.0560,4,-2.3619,6,-1.8004,14,-0.6136,19,-0.2136,16,-0.4410,25,0.21288
ENSG00000113721,PDGFRB,35,0.65176,28,0.28427,14,-0.8199,6,-2.0661,2,-3.1421,15,-0.6487,16,-0.5545,23,0.01505,20,-0.2472,74,2.02672
ENSG00000011083,SLC6A7,9,-2.2068,37,-0.1468,62,0.69838,65,0.77141,69,0.89702,66,0.79840,28,-0.5493,16,-1.3866,26,-0.6580,25,-0.7340
ENSG00000070808,CAMK2A,62,-2.7518,318,-0.3068,687,0.95991,393,0.02797,344,-0.1859,400,0.05407,374,-0.0511,495,0.40407,540,0.54614,250,-0.6804
ENSG00000070814,TCOF1,19,-0.6010,32,0.20557,29,0.09220,44,0.74218,20,-0.5056,28,0.01226,13,-1.1639,30,0.10413,34,0.33601,29,0.08241
ENSG00000019582,CD74,522,3.55500,55,-0.7895,44,-1.1415,28,-1.8199,16,-2.6235,17,-2.4881,60,-0.6709,71,-0.4144,35,-1.4816,71,-0.4088
ENSG00000164587,RPS14,1115,0.94075,726,0.21884,580,-0.1415,353,-0.9142,513,-0.3356,597,-0.0977,513,-0.3366,558,-0.2032,732,0.23069,655,0.05218
ENSG00000070614,NDST1,79,1.75686,19,-0.6229,28,-0.0406,26,-0.1497,20,-0.5856,10,-1.5503,10,-1.5755,35,0.32857,21,-0.4911,39,0.47832
ENSG00000171992,SYNPO,53,-1.2515,89,-0.4501,217,1.00313,116,-0.0372,93,-0.3877,59,-1.0876,128,0.11715,146,0.32642,142,0.28613,147,0.33928
ENSG00000086589,RBM22,43,-0.0079,50,0.23853,48,0.18803,49,0.20818,52,0.30531,40,-0.1085,28,-0.6593,36,-0.2541,34,-0.3828,49,0.22388
ENSG00000132912,DCTN4,75,0.07250,88,0.34018,62,-0.2198,81,0.19918,73,0.02782,97,0.50608,58,-0.3254,64,-0.1660,65,-0.1509,51,-0.5337
ENSG00000211445,GPX3,23,-2.1171,33,-1.6201,71,-0.4602,169,0.95480,144,0.67426,169,0.95467,106,0.17268,72,-0.4388,72,-0.4460,93,-0.0332
ENSG00000145901,TNIP1,66,1.15460,36,0.14452,28,-0.2371,27,-0.3050,26,-0.3813,24,-0.4747,35,0.12263,28,-0.2659,29,-0.1891,29,-0.1730
ENSG00000197043,ANXA6,79,-1.8293,145,-0.9117,203,-0.3909,681,1.66840,292,0.18274,425,0.80793,257,-0.0192,120,-1.1952,180,-0.5779,223,-0.2472
ENSG00000196743,GM2A,84,2.15567,35,0.52357,15,-0.7809,20,-0.3247,10,-1.4028,9,-1.5134,9,-1.5069,26,0.05865,14,-0.8313,28,0.16834
ENSG00000113140,SPARC,466,2.46569,57,-1.1723,78,-0.6936,24,-2.4158,38,-1.7768,21,-2.6615,26,-2.3397,265,1.31872,29,-2.1738,216,0.95096
ENSG00000177556,ATOX1,266,0.86501,117,-0.4779,134,-0.2643,215,0.50142,133,-0.2795,172,0.13506,143,-0.1543,110,-0.5719,147,-0.1114,144,-0.1498
ENSG00000145907,G3BP1,36,-0.4240,63,0.45176,61,0.41479,36,-0.4349,60,0.38941,39,-0.3092,28,-0.8002,53,0.17705,49,0.04888,49,0.04149
ENSG00000155511,GRIA1,22,-1.8918,94,0.31840,114,0.63966,56,-0.4917,105,0.50862,121,0.75046,47,-0.7791,59,-0.4058,67,-0.2203,84,0.14184
ENSG00000164576,SAP30L,42,0.64068,24,-0.2791,31,0.16874,28,-0.0239,19,-0.5868,22,-0.3662,30,0.08435,28,-0.0168,28,-0.0237,30,0.12105
ENSG00000155506,LARP1,80,-1.0052,138,-0.1592,171,0.17636,237,0.72187,149,-0.0436,196,0.40510,141,-0.1252,111,-0.5056,182,0.28137,124,-0.3332
ENSG00000170271,FAXDC2,112,2.38637,18,-0.8033,21,-0.5482,6,-2.2530,14,-1.1899,17,-0.8862,28,-0.1215,45,0.64992,13,-1.3148,28,-0.1286
ENSG00000155508,CNOT8,49,0.28245,76,1.01882,51,0.35627,46,0.19701,39,-0.1007,25,-0.7512,33,-0.3266,28,-0.6144,23,-0.8935,40,-0.0261
ENSG00000082515,MRPL22,32,0.08280,32,0.06056,26,-0.2222,37,0.28740,53,0.90415,34,0.17215,19,-0.7597,22,-0.4928,31,0.03846,19,-0.7028
ENSG00000155868,MED7,21,0.39678,10,-0.7540,20,0.34506,33,1.15450,14,-0.1957,20,0.33135,12,-0.3983,13,-0.3062,9,-0.8999,10,-0.7715
ENSG00000055163,CYFIP2,94,-1.7744,381,0.39808,313,0.07563,369,0.34265,376,0.37347,340,0.20992,275,-0.1301,221,-0.4748,294,-0.0258,323,0.12698
ENSG00000155858,LSM11,7,-1.6978,20,-0.2030,12,-0.8916,31,0.51369,41,0.98935,43,1.09497,35,0.70791,14,-0.7251,16,-0.4946,5,-2.2254
ENSG00000113282,CLINT1,23,-0.3103,17,-0.7482,32,0.24703,28,0.02175,41,0.65775,38,0.51203,14,-0.9757,29,0.09887,23,-0.2571,29,0.10960
ENSG00000145860,RNF145,23,-1.7133,48,-0.6289,123,0.89291,86,0.29826,76,0.09860,92,0.40939,73,0.02136,37,-1.0288,78,0.12740,81,0.19472
ENSG00000164332,UBLCP1,31,-1.1600,90,0.47883,55,-0.3037,104,0.72508,83,0.35394,97,0.61188,45,-0.6043,45,-0.6171,86,0.40702,31,-1.1644
ENSG00000170214,ADRA1B,5,-2.0989,41,0.99127,47,1.24150,11,-1.0934,6,-2.0289,12,-0.8926,20,-0.2030,17,-0.4507,28,0.36905,37,0.82615
ENSG00000113312,TTC1,64,-0.5687,95,0.03999,99,0.11429,143,0.71679,114,0.33174,133,0.59631,73,-0.3735,59,-0.7103,64,-0.5888,82,-0.2010
ENSG00000170234,PWWP2A,28,0.77332,27,0.72443,10,-0.8910,15,-0.2067,17,-0.0757,21,0.33418,14,-0.3257,14,-0.3234,12,-0.6228,16,-0.1258
ENSG00000164609,SLU7,49,-1.1631,141,0.50971,136,0.44073,95,-0.1291,124,0.28973,79,-0.4186,112,0.12528,79,-0.4198,124,0.28816,95,-0.1279
ENSG00000145864,GABRB2,19,-3.9432,297,0.17401,362,0.50121,367,0.52416,256,-0.0650,381,0.58563,245,-0.1349,190,-0.5343,338,0.38818,210,-0.3786
ENSG00000022355,GABRA1,32,-3.8858,471,0.13535,464,0.11025,579,0.47509,636,0.63058,585,0.49095,418,-0.0544,216,-1.0759,540,0.35756,388,-0.1728
ENSG00000113327,GABRG2,26,-3.3992,266,0.10158,295,0.26587,319,0.39424,398,0.77063,361,0.60122,192,-0.4194,126,-1.0649,233,-0.1105,284,0.20792
ENSG00000113328,CCNG1,28,0.48552,19,-0.1031,29,0.50689,18,-0.2334,28,0.49747,22,0.10923,13,-0.6752,26,0.36643,11,-0.9356,12,-0.7729
ENSG00000170584,NUDCD2,87,1.35551,19,-1.0699,39,-0.0231,33,-0.2724,53,0.48986,62,0.74216,22,-0.8688,25,-0.7160,26,-0.6216,26,-0.6578
ENSG00000038274,MAT2B,46,-1.4232,134,0.23205,123,0.08320,122,0.07340,188,0.79316,163,0.55279,101,-0.2183,43,-1.5177,116,-0.0088,127,0.14194
ENSG00000145934,TENM2,0,-5.7906,28,-0.7048,89,1.20426,62,0.57024,34,-0.3769,39,-0.1692,43,9.30292,25,-0.8436,71,0.80730,43,-0.0178
ENSG00000113645,WWC1,23,-0.2345,39,0.61241,42,0.75232,26,-0.0467,17,-0.6874,11,-1.3000,30,0.20725,34,0.40265,16,-0.7956,28,0.06440
ENSG00000113643,RARS,9,-1.9113,45,0.47888,33,-0.0160,52,0.72149,47,0.54910,49,0.60237,23,-0.5974,21,-0.7302,23,-0.5942,33,-0.0086
ENSG00000188573,FBLL1,11,-2.5720,60,-0.0908,71,0.18171,80,0.37815,82,0.41312,79,0.36118,68,0.11134,54,-0.2472,67,0.09139,61,-0.0539
ENSG00000120137,PANK3,30,-1.0044,54,-0.1226,57,-0.0414,83,0.57045,66,0.18784,63,0.13117,36,-0.7617,49,-0.2862,71,0.31875,75,0.40545
ENSG00000182132,KCNIP1,11,-0.9768,39,1.07327,14,-0.6009,18,-0.1931,12,-0.7663,29,0.55280,11,-0.9472,38,1.01055,20,-0.0260,13,-0.7252
ENSG00000181163,NPM1,202,0.29017,181,0.10873,191,0.19507,183,0.13128,178,0.08418,199,0.26337,137,-0.3361,107,-0.7134,139,-0.3041,173,0.03318
ENSG00000072803,FBXW11,106,-0.0328,70,-0.6776,138,0.39026,124,0.21192,92,-0.2504,150,0.52962,115,0.09505,57,-0.9995,112,0.05132,120,0.15822
ENSG00000120129,DUSP1,21,-1.2256,60,0.37431,38,-0.3589,19,-1.4010,54,0.19827,38,-0.3337,29,-0.7842,24,-1.0629,28,-0.8048,165,2.23644
ENSG00000113719,ERGIC1,23,-0.6086,32,-0.0774,71,1.26186,35,0.06611,28,-0.3102,25,-0.4615,25,-0.4693,43,0.37760,26,-0.4126,30,-0.2064
ENSG00000037241,RPL26L1,18,-1.3386,26,-0.7898,64,0.62931,46,0.08401,80,1.01553,38,-0.2338,61,0.54640,17,-1.4325,31,-0.5169,54,0.35653
ENSG00000113732,ATP6V0E1,116,1.47867,58,0.28732,33,-0.6185,32,-0.6373,29,-0.7868,15,-1.7784,38,-0.4108,69,0.54886,32,-0.6804,67,0.50656
ENSG00000164463,CREBRF,32,-0.3816,37,-0.1575,44,0.09146,40,-0.0417,56,0.48095,49,0.25825,24,-0.8267,38,-0.1167,43,0.07421,49,0.28676
ENSG00000145919,BOD1,31,-0.4841,39,-0.1061,57,0.50666,41,-0.0330,47,0.20397,38,-0.1543,21,-1.0300,23,-0.9289,55,0.44038,66,0.74020
ENSG00000113742,CPEB4,45,-0.8409,95,0.32635,109,0.55857,61,-0.3778,83,0.10996,71,-0.1350,76,-0.0293,71,-0.1240,94,0.31023,69,-0.1828
ENSG00000170091,NSG2,44,-2.9640,333,0.09098,517,0.82338,345,0.14819,335,0.10240,448,0.57892,296,-0.0943,182,-0.8554,331,0.08172,314,-0.0008
ENSG00000164466,SFXN1,54,-0.2563,65,0.03920,81,0.39491,83,0.44359,64,0.02732,82,0.41579,57,-0.1642,46,-0.5122,63,-0.0092,38,-0.7754
ENSG00000113749,HRH2,5,-2.0680,18,-0.1154,42,1.31658,15,-0.3096,7,-1.5290,16,-0.2859,22,0.22996,10,-0.9109,30,0.74914,25,0.46635
ENSG00000145920,CPLX2,93,-1.5608,259,0.01597,385,0.66535,242,-0.0940,240,-0.1046,184,-0.5240,256,-0.0028,379,0.63920,176,-0.5926,352,0.51772
ENSG00000051596,THOC3,11,-1.1469,27,0.24820,39,0.86321,45,1.08509,26,0.19038,19,-0.2896,11,-1.1759,18,-0.4376,16,-0.5932,21,-0.1747
ENSG00000122203,KIAA1191,62,-0.7768,94,-0.1319,118,0.23537,116,0.20457,125,0.32957,96,-0.0924,57,-0.9079,83,-0.3185,176,0.90376,93,-0.1478
ENSG00000175414,ARL10,5,-1.7809,25,0.54966,42,1.44898,14,-0.3757,16,-0.1348,23,0.39005,11,-0.6952,18,-0.0064,12,-0.5702,11,-0.6827
ENSG00000048162,NOP16,9,-1.2824,22,0.05220,37,0.94899,31,0.66228,21,-0.0257,23,0.16016,14,-0.5772,11,-0.9348,10,-1.1684,31,0.62925
ENSG00000146066,HIGD2A,77,-0.7798,169,0.45744,121,-0.0844,138,0.12655,115,-0.1564,133,0.06366,103,-0.3353,110,-0.2372,162,0.39379,146,0.22090
ENSG00000175416,CLTB,171,-0.5015,242,0.04731,254,0.12500,257,0.14163,313,0.46471,238,0.01768,155,-0.6519,144,-0.7638,326,0.53369,251,0.10732
ENSG00000113194,FAF2,12,-1.1673,35,0.51841,33,0.44478,18,-0.5229,32,0.40437,40,0.73164,25,0.01134,24,-0.0590,10,-1.3629,23,-0.1688
ENSG00000146083,RNF44,37,-0.6137,61,0.17895,74,0.49017,66,0.30005,60,0.14532,75,0.51296,56,0.02709,53,-0.0603,40,-0.4759,25,-1.1728
ENSG00000169258,GPRIN1,11,-1.6915,57,0.90990,37,0.17709,25,-0.3966,41,0.34700,39,0.27467,26,-0.3490,32,-0.0547,31,-0.0892,30,-0.1530
ENSG00000074317,SNCB,100,-2.7058,704,0.25855,662,0.15913,571,-0.0782,962,0.78207,766,0.39889,704,0.25898,389,-0.6790,633,0.08607,506,-0.2697
ENSG00000048140,TSPAN17,14,-0.6711,15,-0.5738,51,1.45434,19,-0.2226,32,0.65145,8,-1.4485,24,0.16740,25,0.22000,14,-0.6236,14,-0.6894
ENSG00000113763,UNC5A,5,-3.5952,43,-0.3929,133,1.48877,66,0.26412,85,0.69543,70,0.35974,37,-0.6571,31,-0.9102,47,-0.2873,42,-0.4530
ENSG00000165671,NSD1,20,0.21370,27,0.76170,17,-0.0458,13,-0.3919,25,0.59734,22,0.38464,10,-0.7987,15,-0.2244,7,-1.3470,16,-0.1198
ENSG00000169228,RAB24,15,-0.1377,11,-0.5837,23,0.57247,18,0.11742,28,0.87223,20,0.34220,14,-0.2395,12,-0.4925,11,-0.5769,11,-0.5872
ENSG00000169230,PRELID1,86,-0.2758,119,0.24459,113,0.17246,114,0.17319,145,0.58106,100,-0.0335,88,-0.2259,49,-1.1313,93,-0.1474,113,0.15856
ENSG00000169223,LMAN2,70,0.55162,59,0.27178,59,0.27864,39,-0.3801,42,-0.2579,51,0.02281,37,-0.4693,32,-0.6992,47,-0.0873,62,0.35940
ENSG00000169220,RGS14,1,-3.6595,7,-1.6210,45,1.34606,23,0.21227,19,-0.0815,16,-0.3091,15,-0.4210,15,-0.4724,28,0.55881,31,0.70528
ENSG00000198055,GRK6,23,0.15815,37,0.92523,17,-0.3441,39,1.02143,30,0.57916,25,0.27940,7,-1.6519,13,-0.7029,9,-1.3057,10,-1.1186
ENSG00000131188,PRR7,24,-0.3528,33,0.17527,66,1.35673,29,-0.0146,24,-0.3520,21,-0.5072,21,-0.4934,25,-0.2659,25,-0.2541,27,-0.1275
ENSG00000113758,DBN1,17,-1.7498,25,-1.1864,93,0.90023,84,0.72570,46,-0.2395,48,-0.1921,66,0.32351,47,-0.2213,74,0.51390,40,-0.4792
ENSG00000196923,PDLIM7,13,-0.9730,24,-0.0679,13,-1.0098,33,0.43293,29,0.22823,20,-0.3075,19,-0.3927,18,-0.4854,14,-0.8658,66,1.67061
ENSG00000183258,DDX41,23,-1.1673,71,0.55032,48,-0.0696,64,0.39068,59,0.26751,30,-0.7947,48,-0.0859,34,-0.6179,60,0.27118,66,0.44459
ENSG00000146067,FAM193B,31,0.35375,13,-0.9343,29,0.24100,17,-0.5577,32,0.40467,29,0.27227,16,-0.6311,19,-0.3779,5,-2.3799,55,1.35496
ENSG00000184840,TMED9,77,0.09970,127,0.92628,100,0.52424,50,-0.5840,77,0.09943,77,0.09622,45,-0.7444,47,-0.6765,68,-0.0980,57,-0.3794
ENSG00000027847,B4GALT7,20,-0.4891,29,0.08259,26,-0.0977,20,-0.5004,34,0.31828,52,1.03393,17,-0.7366,22,-0.3454,21,-0.4644,36,0.42751
ENSG00000170074,FAM153A,2,-3.2403,21,0.09119,40,1.12452,21,0.02802,31,0.70453,28,0.49198,14,-0.5828,11,-0.8906,27,0.48488,7,-1.5262
ENSG00000204677,FAM153CP,31,0.07385,19,-0.6582,50,0.88612,39,0.45788,18,-0.7359,29,-0.0173,36,0.34373,26,-0.1904,18,-0.7620,27,-0.1420
ENSG00000145916,RMND5B,16,-1.1634,40,0.21410,41,0.26705,39,0.16326,46,0.43684,33,-0.0878,31,-0.2046,24,-0.5919,39,0.19533,40,0.22768
ENSG00000145912,NHP2,109,-0.5958,217,0.49567,228,0.58388,178,0.17080,149,-0.1127,198,0.34748,75,-1.1753,109,-0.6070,141,-0.2014,195,0.32388
ENSG00000197451,HNRNPAB,46,-0.0739,58,0.30792,45,-0.1212,52,0.11676,60,0.36262,56,0.23000,39,-0.3483,49,0.03122,45,-0.1078,32,-0.6206
ENSG00000113240,CLK4,38,0.59824,34,0.42898,29,0.15528,25,-0.0453,32,0.33868,24,-0.1173,14,-0.9563,24,-0.1064,20,-0.4175,20,-0.3943
ENSG00000176783,RUFY1,25,0.31959,13,-0.7031,38,1.04640,16,-0.3810,12,-0.8055,13,-0.6145,16,-0.3171,27,0.48556,12,-0.8457,30,0.63203
ENSG00000169045,HNRNPH1,163,0.14188,168,0.19343,214,0.58839,107,-0.5226,153,0.03679,154,0.05320,123,-0.3053,107,-0.5260,128,-0.2361,175,0.25544
ENSG00000127022,CANX,340,0.09236,431,0.47714,230,-0.5245,268,-0.2877,292,-0.1542,493,0.70541,272,-0.2666,292,-0.1499,220,-0.5926,375,0.24891
ENSG00000161013,MGAT4B,31,-0.2842,17,-1.1823,63,0.84829,45,0.29682,45,0.27688,50,0.45411,26,-0.5843,24,-0.7030,28,-0.4835,47,0.37122
ENSG00000161011,SQSTM1,179,-0.4043,375,0.80566,198,-0.2435,197,-0.2486,218,-0.0877,268,0.24310,186,-0.3405,186,-0.3394,241,0.07109,258,0.17986
ENSG00000161010,MRNIP,7,-1.5961,20,-0.0173,30,0.68686,26,0.45709,27,0.46316,12,-0.7184,9,-1.1283,12,-0.7085,28,0.56905,26,0.45194
ENSG00000197226,TBC1D9B,125,0.90245,59,-0.3406,100,0.52636,77,0.10262,52,-0.5229,68,-0.0986,48,-0.6366,54,-0.4637,76,0.06931,66,-0.1441
ENSG00000113269,RNF130,223,1.66400,80,-0.1095,75,-0.1988,69,-0.3458,58,-0.5967,112,0.44264,47,-0.9291,76,-0.1759,67,-0.3891,47,-0.9321
ENSG00000050748,MAPK9,73,-1.2434,147,-0.1832,198,0.29740,214,0.42595,245,0.65679,186,0.20158,110,-0.6287,92,-0.9062,254,0.71159,126,-0.4196
ENSG00000113300,CNOT6,21,0.53549,4,-1.7918,22,0.64741,17,0.18081,7,-1.2046,14,-0.0811,17,0.18933,19,0.37314,10,-0.6300,19,0.34699
ENSG00000131446,MGAT1,52,0.76188,42,0.42111,27,-0.2731,19,-0.8464,15,-1.2173,26,-0.3540,28,-0.2486,36,0.15347,25,-0.4060,56,0.89339
ENSG00000278970,HEIH,27,0.26771,21,-0.1509,38,0.85999,12,-0.9094,28,0.35270,17,-0.4006,24,0.07329,32,0.57699,16,-0.5339,10,-1.1601
ENSG00000250222,AC008443.5,37,1.16589,9,-1.0758,9,-1.0910,8,-1.1700,17,-0.0886,8,-1.1480,13,-0.4757,16,-0.1954,8,-1.2815,56,1.98345
ENSG00000146063,TRIM41,175,3.05266,19,-0.9792,27,-0.4677,20,-0.9113,25,-0.5578,18,-1.0268,18,-1.0290,24,-0.6335,15,-1.2795,19,-0.9987
ENSG00000204628,RACK1,401,0.94600,223,-0.0340,168,-0.4758,237,0.06834,199,-0.2086,200,-0.2032,142,-0.7412,227,-6.5258,178,-0.3862,298,0.44069
ENSG00000112679,DUSP22,47,0.94542,29,0.17295,29,0.14429,38,0.58120,41,0.70769,20,-0.4120,16,-0.7498,16,-0.7527,14,-0.9703,13,-1.0082
ENSG00000112685,EXOC2,1,-3.6769,50,1.52394,17,-0.2411,22,0.10579,25,0.34768,17,-0.2964,16,-0.3616,19,-0.0606,20,-0.0585,16,-0.4055
ENSG00000124535,WRNIP1,29,-0.9129,52,0.01567,78,0.67080,67,0.41227,64,0.34062,69,0.48003,25,-1.1375,38,-0.4875,59,0.20902,37,-0.5326
ENSG00000124570,SERPINB6,102,1.76805,53,0.60164,22,-0.8004,30,-0.3329,17,-1.1771,20,-0.9025,24,-0.6826,42,0.23065,14,-1.4084,43,0.25338
ENSG00000124588,NQO2,29,-1.1894,75,0.28493,64,0.04813,73,0.25713,70,0.18606,84,0.47733,52,-0.2877,37,-0.8108,66,0.08130,75,0.29115
ENSG00000137274,BPHL,12,-0.6090,18,-0.0419,18,0.04192,12,-0.6217,40,1.31504,28,0.69406,6,-1.6967,22,0.33519,10,-0.9094,15,-0.2805
ENSG00000137267,TUBB2A,240,-2.2373,1115,0.10570,811,-0.3991,1197,0.22016,2646,1.61074,1487,0.57891,779,-0.4634,502,-1.1362,925,-0.1936,740,-0.5413
ENSG00000137285,TUBB2B,100,-0.9680,236,0.37573,155,-0.2973,55,-1.8689,109,-0.8468,133,-0.5432,240,0.40187,394,1.25816,106,-0.8901,346,1.02339
ENSG00000180822,PSMG4,11,-1.0589,44,1.10499,37,0.80844,17,-0.4529,19,-0.2646,19,-0.2406,14,-0.6999,21,-0.0915,22,-0.0341,21,-0.1409
ENSG00000137266,SLC22A23,73,1.08766,19,-1.0519,21,-0.8747,56,0.64452,60,0.75072,32,-0.2825,36,-0.0795,22,-0.8456,29,-0.4396,31,-0.3019
ENSG00000145945,FAM50B,8,-1.7813,26,-0.0855,30,0.11006,22,-0.3380,28,0.00765,51,0.98845,19,-0.5590,20,-0.5063,44,0.76141,29,0.05904
ENSG00000112739,PRPF4B,62,0.55424,39,-0.2157,56,0.37670,42,-0.0886,54,0.30732,32,-0.4912,45,0.00462,49,0.14376,37,-0.2903,29,-0.6839
ENSG00000198721,ECI2,45,0.25129,44,0.23161,30,-0.3768,15,-1.4655,17,-1.2138,46,0.29412,27,-0.5731,41,0.11180,46,0.30026,72,1.05567
ENSG00000214113,LYRM4,23,-1.0596,53,0.22250,35,-0.4161,74,0.78104,78,0.88145,46,0.00903,36,-0.3755,34,-0.4766,49,0.10378,31,-0.6190
ENSG00000124785,NRN1,7,-5.0334,186,-0.2207,188,-0.2105,364,0.88239,442,1.22385,309,0.60178,212,-0.0194,141,-0.6571,171,-0.3546,122,-0.8768
ENSG00000216863,LY86-AS1,0,-6.9199,5,-1.4875,36,1.47163,23,0.64961,21,0.52989,5,-1.6371,20,0.44750,5,-1.5560,21,0.54665,15,-0.0552
ENSG00000124783,SSR1,70,-0.2953,86,0.04000,107,0.39895,51,-0.7622,116,0.52173,90,0.11606,78,-0.1207,86,0.04022,55,-0.6736,101,0.29213
ENSG00000239264,TXNDC5,37,0.38427,56,1.10864,33,0.19745,30,0.05329,21,-0.4712,17,-0.8221,25,-0.2130,32,0.18430,16,-0.8617,21,-0.4935
ENSG00000124802,EEF1E1,33,-0.6644,60,0.28734,65,0.41710,62,0.33759,76,0.66214,66,0.42422,32,-0.7144,29,-0.8648,31,-0.7370,50,0.00100
ENSG00000111845,PAK1IP1,7,-1.3671,19,0.21503,19,0.20298,25,0.64560,17,0.07191,11,-0.5874,26,0.74867,18,0.10475,12,-0.4584,12,-0.5464
ENSG00000111843,TMEM14C,68,-0.2453,139,0.92853,67,-0.2699,74,-0.1127,83,0.07273,78,-0.0208,73,-0.1362,56,-0.5414,64,-0.3275,91,0.22233
ENSG00000137210,TMEM14B,71,-0.0812,77,0.03476,97,0.41520,69,-0.1316,67,-0.1764,103,0.50740,54,-0.5022,42,-0.8809,110,0.61828,60,-0.3463
ENSG00000224531,SMIM13,38,-1.6851,125,0.12486,148,0.39749,163,0.55005,164,0.56408,147,0.38208,97,-0.2814,73,-0.7324,102,-0.2108,104,-0.1798
ENSG00000205269,TMEM170B,23,-1.3848,81,0.59703,68,0.29431,62,0.16147,65,0.23411,52,-0.1310,49,-0.2105,76,0.47147,36,-0.7137,52,-0.1227
ENSG00000095951,HIVEP1,0,-7.2293,11,-0.7615,17,-0.2043,14,-0.4606,30,0.75941,28,0.61417,17,-0.1756,18,-0.0547,28,0.61809,27,0.54531
ENSG00000112137,PHACTR1,42,-1.9320,181,0.31426,147,-0.0171,170,0.21383,208,0.54676,162,0.13739,157,0.08113,168,0.19225,124,-0.2851,130,-0.2162
ENSG00000145979,TBC1D7,16,-0.2947,31,0.73841,15,-0.3922,34,0.88124,22,0.19411,16,-0.3538,22,0.21075,10,-1.0383,11,-0.8208,19,-0.0750
ENSG00000145990,GFOD1,7,-4.1779,103,-0.2339,156,0.43435,165,0.52338,136,0.20669,184,0.70673,129,0.11640,83,-0.5643,101,-0.2745,132,0.16307
ENSG00000124523,SIRT5,12,-1.1889,23,-0.2750,25,-0.1344,45,0.86212,14,-0.9620,22,-0.2835,31,0.20386,20,-0.4929,57,1.26879,20,-0.4744
ENSG00000225921,NOL7,25,-1.4346,119,1.01592,54,-0.2787,73,0.19919,72,0.16416,77,0.28754,59,-0.1531,51,-0.3710,60,-0.1232,56,-0.2152
ENSG00000010017,RANBP9,26,-1.7397,113,0.52173,85,0.06359,111,0.49555,122,0.64126,130,0.75008,47,-0.8570,51,-0.7288,73,-0.1857,62,-0.4343
ENSG00000050393,MCUR1,45,0.13621,31,-0.4567,44,0.10746,41,-0.0341,63,0.67318,23,-0.9335,27,-0.6740,45,0.12316,62,0.64079,35,-0.2530
ENSG00000112149,CD83,14,-1.4139,23,-0.6886,30,-0.2685,55,0.71798,67,1.04525,61,0.87159,44,0.33880,21,-0.8016,28,-0.3834,14,-1.4377
ENSG00000008083,JARID2,12,-0.6073,31,0.92886,21,0.27739,12,-0.6229,23,0.42780,10,-0.9074,9,-1.0165,26,0.60225,20,0.16169,14,-0.3823
ENSG00000047579,DTNBP1,34,-0.1234,28,-0.4328,74,1.16706,26,-0.5414,18,-1.0660,54,0.60169,33,-0.1853,29,-0.3952,35,-0.0886,39,0.07184
ENSG00000007944,MYLIP,22,0.37024,11,-0.6517,19,0.16317,26,0.67466,14,-0.3276,25,0.57915,17,0.00374,5,-1.7399,15,-0.2403,18,0.07802
ENSG00000124788,ATXN1,51,-0.5153,78,0.14705,77,0.13059,56,-0.3652,74,0.06250,106,0.64394,79,0.16892,82,0.22259,52,-0.4905,56,-0.3643
ENSG00000112186,CAP2,14,-4.1747,168,-0.5009,291,0.37810,424,1.01623,252,0.14256,389,0.86467,202,-0.2133,131,-0.8821,218,-0.0943,220,-0.0769
ENSG00000137414,FAM8A1,32,-0.5917,56,0.30250,48,0.04634,45,-0.0690,49,0.07444,69,0.62928,32,-0.5831,25,-0.9299,30,-0.6640,80,0.89293
ENSG00000124789,NUP153,18,-0.4087,15,-0.6689,37,0.73272,28,0.28631,29,0.35543,16,-0.5875,22,-0.1287,16,-0.5551,23,-0.0276,30,0.40298
ENSG00000137177,KIF13A,70,2.30765,6,-1.7593,27,0.51359,2,-3.2045,6,-1.7606,14,-0.4702,14,-0.5073,19,-0.0597,21,0.13034,16,-0.3289
ENSG00000137364,TPMT,28,-0.5399,24,-0.7709,63,0.74067,42,0.05827,39,-0.0649,30,-0.4732,33,-0.2916,41,0.03536,53,0.43057,49,0.31939
ENSG00000124795,DEK,45,-0.1269,56,0.23246,59,0.31496,49,0.01080,33,-0.6120,45,-0.1319,33,-0.6297,55,0.19760,57,0.23825,56,0.21646
ENSG00000172201,ID4,114,1.04386,63,0.05478,17,-1.9367,38,-0.7369,44,-0.5009,32,-0.9745,29,-1.1354,140,1.42815,25,-1.3772,106,0.92065
ENSG00000112242,E2F3,5,-1.4656,13,-0.1761,29,1.08808,17,0.24269,12,-0.2750,18,0.34362,9,-0.7918,11,-0.4095,22,0.62446,11,-0.4944
ENSG00000272168,CASC15,16,-0.5082,25,0.22482,32,0.60548,33,0.66040,24,0.10556,12,-0.9543,10,-1.1937,18,-0.2989,15,-0.5429,35,0.75161
ENSG00000152954,NRSN1,14,-3.4624,188,0.45619,94,-0.6421,145,0.03650,287,1.18972,176,0.35057,192,0.49423,75,-0.9904,146,0.04742,101,-0.5311
ENSG00000124532,MRS2,15,-1.2144,34,0.04961,37,0.18906,34,0.06546,46,0.53803,49,0.66746,24,-0.4952,15,-1.2279,44,0.47653,30,-0.1090
ENSG00000112294,ALDH5A1,51,-0.5957,116,0.71368,54,-0.5346,106,0.55756,50,-0.6357,82,0.13146,44,-0.8478,78,0.05137,77,0.02489,96,0.39383
ENSG00000137261,KIAA0319,4,-3.1161,51,0.76713,14,-1.2811,42,0.43929,54,0.85854,40,0.35030,35,0.14017,20,-0.7183,27,-0.2514,33,0.06593
ENSG00000111802,TDP2,30,-0.5429,62,0.59736,42,-0.0291,39,-0.1608,54,0.34681,50,0.22833,42,-0.0292,26,-0.8057,39,-0.1528,47,0.13626
ENSG00000112304,ACOT13,19,-1.3460,36,-0.3715,44,-0.0444,52,0.22637,51,0.18514,74,0.79666,38,-0.2630,40,-0.2047,49,0.10815,52,0.19979
ENSG00000112308,C6orf62,112,-0.4708,170,0.19931,136,-0.1657,162,0.11397,155,0.04878,157,0.06517,160,0.09825,137,-0.1447,119,-0.3724,198,0.44365
ENSG00000111913,RIPOR2,10,-2.0445,28,-0.5140,66,0.87760,26,-0.6382,46,0.26421,38,-0.0355,33,-0.2349,32,-0.2791,49,0.39834,59,0.68980
ENSG00000079691,CARMIL1,7,-1.4019,23,0.47509,22,0.38983,9,-0.8979,15,-0.2224,10,-0.8672,12,-0.5605,31,0.97411,14,-0.3281,29,0.85776
ENSG00000112763,BTN2A1,20,0.10807,26,0.51622,20,0.10995,26,0.50389,18,-0.0953,21,0.16740,10,-1.0145,15,-0.3867,17,-0.2008,17,-0.1856
ENSG00000182952,HMGN4,17,-0.9655,26,-0.2816,33,0.09207,31,-0.0356,29,-0.1424,48,0.70468,33,0.05457,33,0.08420,33,0.05877,32,0.02201
ENSG00000146109,ABT1,10,-0.8549,36,1.24591,14,-0.3184,17,0.05167,6,-1.5317,19,0.16460,22,0.39824,6,-1.5590,19,0.19060,21,0.35095
ENSG00000096654,ZNF184,5,-1.7103,6,-1.5741,48,1.82021,12,-0.4659,8,-1.1381,15,-0.2018,7,-1.2348,19,0.18706,12,-0.5256,36,1.25635
ENSG00000269293,ZSCAN16-AS1,91,0.92841,62,0.28972,62,0.27144,29,-0.9180,50,-0.0735,38,-0.4780,47,-0.1522,59,0.20106,37,-0.5497,46,-0.2037
ENSG00000204713,TRIM27,43,0.17706,37,-0.0665,48,0.34064,35,-0.1542,48,0.34094,46,0.28317,28,-0.4781,41,0.07936,29,-0.4421,31,-0.3275
ENSG00000204681,GABBR1,221,-0.4463,357,0.32185,365,0.35466,267,-0.1490,308,0.08085,252,-0.2393,250,-0.2545,326,0.17316,216,-0.4809,369,0.37201
ENSG00000206503,HLA-A,268,0.99355,144,-0.0360,85,-0.8637,63,-1.3081,79,-0.9619,80,-0.9407,125,-0.2652,215,0.61794,81,-0.9305,335,1.39814
ENSG00000204619,PPP1R11,42,-0.7486,79,0.24338,66,-0.0402,63,-0.1023,96,0.57863,86,0.38238,44,-0.6819,43,-0.7162,83,0.33389,75,0.16287
ENSG00000231074,HCG18,26,0.44820,19,-0.0359,34,0.87489,17,-0.2108,13,-0.5961,8,-1.3774,14,-0.5550,32,0.80444,27,0.50624,7,-1.6106
ENSG00000241370,RPP21,45,-0.2288,66,0.38829,57,0.14935,79,0.70022,41,-0.3785,75,0.60082,33,-0.7219,30,-0.8411,54,0.05927,39,-0.4424
ENSG00000204592,HLA-E,287,2.17662,81,-0.0869,28,-1.7094,15,-2.5522,23,-2.0039,20,-2.1642,74,-0.2279,99,0.23720,25,-1.8705,203,1.47828
ENSG00000204590,GNL1,74,-0.3593,115,0.34729,89,-0.0735,91,-0.0432,128,0.52231,88,-0.0878,89,-0.0705,62,-0.6283,72,-0.4014,122,0.44010
ENSG00000204576,PRR3,6,-1.4525,15,-0.1716,29,0.82963,16,-0.0779,33,1.08860,23,0.47960,12,-0.5657,8,-1.1362,17,-0.0212,12,-0.5809
ENSG00000204574,ABCF1,45,0.42269,33,-0.1043,37,0.09151,24,-0.5676,24,-0.5984,38,0.15240,45,0.42890,32,-0.1355,24,-0.5956,46,0.45712
ENSG00000204569,PPP1R10,36,0.03546,40,0.23380,41,0.24345,34,-0.0419,23,-0.6493,30,-0.2458,26,-0.4497,19,-0.9272,40,0.20109,61,0.91304
ENSG00000204568,MRPS18B,39,-0.0989,54,0.41029,47,0.19953,40,-0.0521,33,-0.3539,32,-0.4232,26,-0.7131,45,0.13768,44,0.09064,55,0.46151
ENSG00000137343,ATAT1,53,0.16559,59,0.33432,58,0.28700,37,-0.4257,57,0.26448,41,-0.2563,53,0.14974,45,-0.1198,36,-0.4382,43,-0.1788
ENSG00000204564,C6orf136,42,-0.5473,44,-0.4863,48,-0.3575,54,-0.1488,64,0.09656,142,1.47178,45,-0.4352,32,-0.9484,56,-0.1142,72,0.29162
ENSG00000196230,TUBB,178,-1.2891,574,0.54562,334,-0.3293,580,0.56340,657,0.77556,543,0.45325,428,0.06339,186,-1.2280,335,-0.3242,296,-0.5180
ENSG00000137312,FLOT1,192,-0.1787,268,0.36156,245,0.21226,206,-0.0638,334,0.73163,239,0.17056,155,-0.5132,129,-0.7887,186,-0.2302,192,-0.1775
ENSG00000204580,DDR1,327,2.83020,42,-0.8675,24,-1.6788,32,-1.2934,37,-1.0721,29,-1.4492,37,-1.0745,93,0.36520,19,-2.0490,99,0.47207
ENSG00000204525,HLA-C,227,1.12795,170,0.62001,43,-1.5091,60,-1.0321,144,0.35026,100,-0.2298,107,-0.1288,121,0.07014,48,-1.3608,141,0.30727
ENSG00000234745,HLA-B,306,1.53444,146,0.24213,56,-1.2511,37,-1.8388,41,-1.7017,55,-1.2636,107,-0.2502,154,0.32881,40,-1.7610,313,1.57519
ENSG00000198563,DDX39B,141,0.54978,155,0.71108,93,-0.1326,109,0.13059,72,-0.5219,94,-0.1141,61,-0.7703,83,-0.3160,77,-0.4292,123,0.31570
ENSG00000213760,ATP6V1G2,50,-2.6603,413,0.55554,312,0.09379,276,-0.0984,427,0.61410,402,0.51283,276,-0.1027,174,-0.8226,385,0.43810,224,-0.4255
ENSG00000204469,PRRC2A,88,0.05177,73,-0.2535,94,0.15133,84,-0.0270,82,-0.0715,67,-0.3845,75,-0.1990,85,-0.0162,73,-0.2468,134,0.73830
ENSG00000204463,BAG6,64,-0.6013,133,0.56048,97,0.03845,108,0.22037,68,-0.5060,85,-0.1561,88,-0.1018,81,-0.2373,105,0.17287,113,0.28755
ENSG00000204438,GPANK1,24,0.48562,37,1.18492,13,-0.5533,11,-0.7856,14,-0.3743,9,-1.0246,19,0.09763,14,-0.3512,19,0.12658,19,0.11591
ENSG00000204435,CSNK2B,147,0.09720,184,0.47019,107,-0.4003,142,0.04928,151,0.13975,163,0.26364,76,-0.9317,125,-0.1565,164,0.27482,122,-0.1914
ENSG00000204427,ABHD16A,27,-1.1972,50,-0.2616,83,0.57335,73,0.35408,93,0.75540,84,0.59561,35,-0.7817,44,-0.4610,40,-0.6095,57,-0.0363
ENSG00000213722,DDAH2,57,1.89405,53,1.75860,8,-1.2520,5,-1.8444,6,-1.7531,2,-3.0667,12,-0.6760,20,0.07159,6,-1.6173,21,0.15923
ENSG00000204394,VARS,22,-0.8296,29,-0.4156,37,-0.0499,58,0.68011,39,0.01320,38,-0.0257,28,-0.4916,35,-0.1470,50,0.42129,47,0.33648
ENSG00000204392,LSM2,32,0.07770,39,0.40623,19,-0.7344,34,0.15056,26,-0.2722,25,-0.3100,23,-0.4513,27,-0.2041,39,0.38159,42,0.52971
ENSG00000204389,HSPA1A,307,1.67748,149,0.39713,104,-0.1810,71,-0.7657,92,-0.3697,79,-0.6071,80,-0.5910,65,-0.9088,100,-0.2462,119,0.03427
ENSG00000204388,HSPA1B,89,0.45903,46,-0.5741,68,0.03607,48,-0.5323,64,-0.0829,52,-0.3950,52,-0.4032,39,-0.8434,80,0.29138,132,1.13412
ENSG00000204387,SNHG32,174,2.03652,55,-0.0105,54,-0.0413,32,-0.8613,33,-0.7869,35,-0.6981,29,-0.9984,43,-0.4069,38,-0.5684,60,0.12620
ENSG00000204386,NEU1,27,-0.6688,26,-0.6993,53,0.41734,53,0.40099,55,0.45216,62,0.67584,36,-0.2338,23,-0.9016,46,0.16371,32,-0.4007
ENSG00000204371,EHMT2,58,0.01869,83,0.59553,81,0.55602,69,0.29977,40,-0.5488,68,0.26848,47,-0.3190,53,-0.1109,25,-1.2701,50,-0.2289
ENSG00000204356,NELFE,106,1.04067,45,-0.3774,49,-0.2390,47,-0.3080,75,0.44930,46,-0.3387,57,-0.0009,44,-0.4005,39,-0.5667,61,0.10754
ENSG00000204351,SKIV2L,39,1.12528,16,-0.3505,26,0.46121,31,0.71812,13,-0.6727,7,-1.5596,17,-0.2193,16,-0.2918,11,-0.8128,21,0.09736
ENSG00000204314,PRRT1,40,-2.0141,136,-0.1717,221,0.62573,223,0.64097,167,0.15847,158,0.07028,102,-0.6188,110,-0.5056,176,0.24375,179,0.27205
ENSG00000204310,AGPAT1,72,-0.5036,92,-0.1151,111,0.18428,131,0.45759,135,0.50194,111,0.18396,87,-0.2100,80,-0.3387,98,-0.0136,73,-0.4708
ENSG00000204308,RNF5,80,0.44396,63,0.06135,54,-0.1843,52,-0.2369,66,0.13706,58,-0.0564,44,-0.4850,49,-0.3371,65,0.12356,74,0.31979
ENSG00000204287,HLA-DRA,115,3.56864,10,-0.9868,19,-0.0552,3,-2.4762,1,-4.2171,3,-2.5946,9,-1.1509,23,0.21832,12,-0.7839,3,-2.8352
ENSG00000196126,HLA-DRB1,102,2.81764,23,-0.0191,22,-0.0720,8,-1.5070,6,-1.9322,15,-0.6797,4,-2.6237,18,-0.3602,7,-1.8222,25,0.11987
ENSG00000204256,BRD2,85,0.38698,91,0.50305,72,0.12074,57,-0.2633,67,0.01100,56,-0.2720,51,-0.4233,70,0.08091,41,-0.7581,78,0.24424
ENSG00000204231,RXRB,42,-0.5648,39,-0.6967,83,0.50698,101,0.84545,52,-0.2299,56,-0.1113,64,0.08701,49,-0.3147,73,0.29277,46,-0.4336
ENSG00000112473,SLC39A7,40,0.84329,32,0.45346,24,-0.0175,18,-0.4300,21,-0.2236,18,-0.4165,17,-0.5184,31,0.42864,16,-0.5924,22,-0.1299
ENSG00000204227,RING1,86,0.75266,55,0.03030,73,0.48154,44,-0.3181,67,0.34794,42,-0.3994,48,-0.1783,36,-0.6397,22,-1.3427,68,0.35907
ENSG00000223501,VPS52,43,0.46536,48,0.63247,34,0.06844,29,-0.1632,33,0.01342,33,0.03405,18,-0.8653,26,-0.3512,23,-0.5537,37,0.21851
ENSG00000231500,RPS18,1159,1.22659,637,0.20263,519,-0.1242,319,-0.8813,428,-0.4285,419,-0.4618,593,0.08856,489,-0.2189,437,-0.3960,614,0.14312
ENSG00000227057,WDR46,28,-0.0490,30,0.08672,47,0.82190,31,0.12331,38,0.45428,13,-1.2450,27,-0.0876,18,-0.7195,22,-0.4063,32,0.20050
ENSG00000204220,PFDN6,32,-0.8316,95,0.90203,43,-0.3673,75,0.50191,70,0.40093,58,0.09602,45,-0.2967,36,-0.6373,31,-0.8561,62,0.19016
ENSG00000237441,RGL2,48,1.83529,14,-0.2478,14,-0.2034,6,-1.4046,28,0.88433,12,-0.5007,11,-0.6158,16,-0.0522,4,-1.9232,11,-0.6442
ENSG00000231925,TAPBP,106,0.07733,99,-0.0368,110,0.13254,116,0.21302,96,-0.0793,93,-0.1392,78,-0.4088,120,0.27018,81,-0.3608,114,0.19517
ENSG00000236104,ZBTB22,17,0.01832,12,-0.5629,28,0.82468,34,1.13740,16,-0.1444,10,-0.7330,13,-0.4396,12,-0.5272,18,0.07336,10,-0.7474
ENSG00000204209,DAXX,18,-0.0901,31,0.80424,14,-0.5176,18,-0.0940,31,0.76042,14,-0.4482,13,-0.5955,18,-0.1241,13,-0.6213,22,0.22025
ENSG00000112511,PHF1,29,-0.1127,38,0.29012,38,0.30870,26,-0.2735,33,0.09161,25,-0.3458,27,-0.2152,21,-0.6365,25,-0.3598,51,0.79947
ENSG00000112514,CUTA,193,-0.2301,306,0.51426,259,0.23831,213,-0.0772,264,0.26579,291,0.42789,205,-0.1374,161,-0.5206,167,-0.4565,176,-0.3746
ENSG00000197283,SYNGAP1,6,-3.3832,49,-0.2532,95,0.81826,68,0.26334,39,-0.6226,73,0.38416,59,0.03358,66,0.21791,57,-0.0113,65,0.19582
ENSG00000137288,UQCC2,62,-0.2861,112,0.66481,54,-0.5030,66,-0.1893,83,0.17120,110,0.63490,52,-0.5618,42,-0.8805,53,-0.5235,111,0.64713
ENSG00000161904,LEMD2,43,1.49864,36,1.17976,17,-0.0350,19,0.08963,7,-1.2832,11,-0.7399,8,-1.1258,10,-0.8575,8,-1.1355,17,-0.0655
ENSG00000137309,HMGA1,25,-0.8392,66,0.73833,54,0.39446,35,-0.3129,50,0.27366,62,0.63124,53,0.37393,30,-0.5552,22,-1.0195,26,-0.7432
ENSG00000186577,SMIM29,67,-0.5152,139,0.64859,81,-0.2300,128,0.51842,140,0.66858,126,0.48320,63,-0.6227,63,-0.6167,57,-0.7583,70,-0.4620
ENSG00000272325,NUDT3,237,0.40868,180,-0.0385,174,-0.0879,175,-0.0779,147,-0.3585,133,-0.5048,209,0.20603,192,0.06535,213,0.23897,180,-0.0339
ENSG00000124614,RPS10,678,1.41822,338,0.21577,261,-0.1992,194,-0.6633,249,-0.2739,233,-0.3777,285,-0.0620,200,-0.6128,211,-0.5353,310,0.07651
ENSG00000124507,PACSIN1,22,-3.4221,209,-0.0530,193,-0.1748,241,0.18010,226,0.07820,294,0.50307,288,0.47382,186,-0.2351,252,0.24968,246,0.21049
ENSG00000196821,ILRUN,60,-0.0926,64,0.00532,33,-0.9992,75,0.28285,60,-0.0884,52,-0.3104,124,1.12636,56,-0.2064,48,-0.4263,62,-0.0439
ENSG00000124562,SNRPC,51,-0.3640,74,0.23599,70,0.15167,69,0.12928,42,-0.6581,85,0.45250,59,-0.1320,63,-0.0243,73,0.20501,54,-0.2630
ENSG00000064995,TAF11,13,-0.8140,29,0.51294,33,0.67993,24,0.16575,22,0.03761,27,0.34586,13,-0.7404,17,-0.3856,15,-0.5008,22,0.03357
ENSG00000064999,ANKS1A,18,-0.7819,32,0.06075,24,-0.3660,41,0.49341,20,-0.6899,36,0.25458,33,0.12958,21,-0.5964,33,0.14365,47,0.70313
ENSG00000198755,RPL10A,659,1.02996,404,0.20202,357,0.00237,280,-0.3818,300,-0.2701,318,-0.1797,266,-0.4595,338,-0.0842,245,-0.5908,395,0.16824
ENSG00000096063,SRPK1,8,-1.3466,16,-0.3717,40,1.17545,30,0.68480,24,0.33583,24,0.32208,9,-1.2131,13,-0.7007,13,-0.6350,21,0.08546
ENSG00000112062,MAPK14,18,-0.9083,29,-0.2367,64,1.07747,49,0.63505,43,0.40671,22,-0.6461,25,-0.4428,23,-0.5941,26,-0.3773,34,0.05110
ENSG00000156711,MAPK13,0,-7.2513,31,0.80061,38,1.12811,24,0.37028,19,0.00699,14,-0.5154,8,-1.2947,12,-0.6449,16,-0.2880,29,0.67290
ENSG00000096070,BRPF3,28,-0.7191,57,0.41284,73,0.82552,49,0.16426,56,0.37596,47,0.07238,28,-0.7049,29,-0.6866,47,0.08897,30,-0.6075
ENSG00000112078,KCTD20,19,-0.5041,36,0.49526,27,0.00702,16,-0.8272,24,-0.1388,57,1.25978,17,-0.6745,20,-0.4491,24,-0.1949,27,0.03067
ENSG00000112081,SRSF3,157,0.06294,229,0.68218,162,0.10683,162,0.11246,105,-0.5696,188,0.35685,108,-0.5324,128,-0.2604,121,-0.3465,151,-0.0034
ENSG00000124772,CPNE5,28,-1.6264,98,0.32271,110,0.51628,104,0.41558,104,0.41817,103,0.39633,64,-0.3526,62,-0.4163,81,0.00756,50,-0.7293
ENSG00000137168,PPIL1,15,-1.1767,27,-0.2741,41,0.40136,42,0.41567,30,-0.1230,47,0.61725,43,0.44720,20,-0.7069,31,-0.0802,27,-0.2890
ENSG00000198663,C6orf89,97,0.64911,56,-0.2563,82,0.35324,66,0.01782,61,-0.1087,75,0.22775,50,-0.4105,52,-0.3738,50,-0.4362,66,0.00856
ENSG00000137409,MTCH1,340,-0.9342,617,-0.0029,637,0.04804,884,0.58570,908,0.63049,574,-0.1180,542,-0.2105,367,-0.8151,645,0.06696,670,0.12950
ENSG00000065491,TBC1D22B,28,0.77684,30,0.88784,17,-0.0076,12,-0.5077,20,0.23785,17,0.01748,12,-0.5747,15,-0.2079,10,-0.8682,11,-0.6522
ENSG00000112130,RNF8,22,-0.5759,18,-0.8821,52,0.78379,51,0.76829,39,0.32551,19,-0.8204,32,0.00362,25,-0.4138,24,-0.4187,38,0.27769
ENSG00000137200,CMTR1,19,-0.8915,32,-0.1205,43,0.37259,45,0.43462,31,-0.1415,43,0.36580,26,-0.4326,28,-0.3227,20,-0.8209,55,0.78676
ENSG00000198937,CCDC167,46,1.14530,17,-0.4413,33,0.55820,23,-0.0099,23,-0.0245,20,-0.2377,15,-0.6482,23,-0.0422,16,-0.6151,16,-0.5338
ENSG00000156639,ZFAND3,58,0.49718,36,-0.2535,52,0.33646,42,-0.0223,24,-0.8911,47,0.17161,34,-0.3367,37,-0.2141,35,-0.3281,60,0.55333
ENSG00000183826,BTBD9,17,-1.1941,25,-0.6379,54,0.59540,52,0.53626,26,-0.5698,45,0.28431,22,-0.8520,65,0.91706,40,0.09429,29,-0.3883
ENSG00000124767,GLO1,63,-0.9600,181,0.71823,137,0.25492,105,-0.1633,139,0.27801,149,0.39791,81,-0.5816,106,-0.1509,84,-0.5172,123,0.08672
ENSG00000146122,DAAM2,460,4.64991,23,-1.5188,11,-2.5253,14,-2.2154,13,-2.3283,5,-3.5444,24,-1.4339,45,-0.5097,7,-3.2643,18,-1.8516
ENSG00000156564,LRFN2,3,-2.3655,18,0.15352,37,1.35145,17,0.09219,16,0.01263,19,0.20980,11,-0.5950,8,-1.0003,14,-0.2082,19,0.27580
ENSG00000124596,OARD1,35,0.53137,44,0.92867,18,-0.4903,25,0.01181,33,0.42524,13,-0.9474,36,0.58689,16,-0.7205,12,-1.0622,18,-0.5181
ENSG00000137166,FOXP4,14,-0.3107,9,-0.9843,18,0.06224,17,-0.0253,37,1.26322,20,0.21453,21,0.30091,14,-0.3292,20,0.18608,4,-2.2003
ENSG00000214736,TOMM6,108,-0.2208,120,-0.0645,162,0.42687,114,-0.1429,161,0.41199,129,0.04833,91,-0.5022,110,-0.2053,123,-0.0204,130,0.06782
ENSG00000112576,CCND3,73,0.01262,75,0.05799,83,0.21654,91,0.36633,62,-0.2414,52,-0.5070,64,-0.2031,66,-0.1445,72,-0.0026,86,0.27177
ENSG00000048544,MRPS10,20,-1.1536,46,0.14307,65,0.70157,63,0.65101,50,0.28898,48,0.19935,29,-0.5860,18,-1.2946,39,-0.1044,43,0.04689
ENSG00000024048,UBR2,24,-0.2717,29,-0.0206,44,0.68435,21,-0.5277,25,-0.2416,24,-0.3143,29,-0.0032,30,0.03988,19,-0.6353,46,0.74455
ENSG00000124659,TBCC,12,-1.6437,49,0.55673,61,0.93314,37,0.10792,33,-0.0823,62,0.95343,21,-0.7700,19,-0.9112,31,-0.1621,22,-0.7030
ENSG00000112624,BICRAL,21,0.05069,30,0.59213,16,-0.3514,21,0.06926,14,-0.5930,13,-0.7122,25,0.35054,16,-0.3381,16,-0.3675,31,0.69571
ENSG00000146223,RPL7L1,51,-0.6228,59,-0.3882,96,0.38192,82,0.11378,82,0.12611,79,0.05790,74,-0.0466,62,-0.3068,77,0.01598,98,0.40540
ENSG00000137161,CNPY3,61,1.06853,30,-0.1324,27,-0.2882,29,-0.1584,39,0.32225,37,0.21115,19,-0.7786,25,-0.4170,19,-0.8080,36,0.17948
ENSG00000124587,PEX6,31,0.75429,11,-0.8616,16,-0.2936,20,0.05658,25,0.39356,20,0.03192,16,-0.2802,12,-0.7889,15,-0.4656,30,0.66448
ENSG00000112640,PPP2R5D,32,-0.8391,40,-0.4691,52,-0.0772,81,0.66235,53,-0.0401,63,0.23193,48,-0.1975,37,-0.5899,69,0.38795,68,0.36810
ENSG00000124733,MEA1,49,-1.0409,147,0.69650,94,-0.0480,94,-0.0492,95,-0.0310,165,0.88998,85,-0.2057,67,-0.5716,79,-0.3197,91,-0.0961
ENSG00000124702,KLHDC3,71,-1.8454,273,0.21760,194,-0.3207,358,0.67049,343,0.59611,335,0.55793,208,-0.2185,133,-0.9074,243,0.03018,224,-0.0945
ENSG00000124541,RRP36,20,-0.3661,26,0.05219,29,0.21432,30,0.28041,42,0.79343,45,0.92014,14,-0.9433,22,-0.2288,17,-0.6221,10,-1.3973
ENSG00000137171,KLC4,25,0.32863,38,1.05490,12,-0.8020,22,0.12199,18,-0.1756,27,0.47915,12,-0.7868,9,-1.1911,10,-0.9829,28,0.53190
ENSG00000112651,MRPL2,33,-0.6549,83,0.80049,61,0.28106,81,0.76044,56,0.15919,41,-0.3584,50,-0.0357,34,-0.6276,27,-1.0004,44,-0.2224
ENSG00000112658,SRF,24,0.10365,25,0.13078,37,0.80424,12,-0.9563,18,-0.3483,12,-0.9047,21,-0.1494,27,0.28131,14,-0.7021,36,0.75576
ENSG00000112659,CUL9,33,0.48228,19,-0.4126,21,-0.2900,14,-0.8320,15,-0.7725,13,-0.9264,25,-0.0113,23,-0.0937,43,0.91561,41,0.81341
ENSG00000112667,DNPH1,51,0.19023,91,1.17669,67,0.63826,37,-0.3176,33,-0.4801,26,-0.8449,29,-0.6575,55,0.32887,25,-0.9191,37,-0.3218
ENSG00000146216,TTBK1,12,-0.8822,21,0.01394,19,-0.2005,26,0.34113,21,-0.0217,34,0.75054,23,0.15530,15,-0.4940,22,0.06612,18,-0.2191
ENSG00000204052,LRRC73,8,-2.0686,21,-0.7583,42,0.36049,36,0.10937,32,-0.1055,56,0.83935,25,-0.4800,29,-0.2451,50,0.64658,38,0.20563
ENSG00000171453,POLR1C,7,-1.4548,19,0.10131,34,1.06215,23,0.42008,13,-0.4408,24,0.47579,11,-0.7121,11,-0.7092,24,0.44105,12,-0.5824
ENSG00000137207,YIPF3,78,-0.3372,95,-0.0233,94,-0.0344,76,-0.3659,104,0.11717,143,0.64591,83,-0.2391,75,-0.4045,119,0.34028,97,0.01434
ENSG00000124571,XPO5,18,-0.0750,24,0.33007,19,-0.0182,25,0.44123,20,0.03998,14,-0.4777,19,0.01827,18,-0.1172,20,0.03968,15,-0.3714
ENSG00000124688,MAD2L1BP,6,-1.6889,31,0.77701,22,0.24269,14,-0.4609,22,0.20387,30,0.69044,20,0.02213,8,-1.2999,23,0.25095,17,-0.1855
ENSG00000096080,MRPS18A,23,-1.2520,62,0.29877,51,-0.0179,70,0.50218,46,-0.1903,62,0.30193,49,-0.0666,41,-0.3573,59,0.21137,52,0.02243
ENSG00000112715,VEGFA,28,0.25445,34,0.55863,19,-0.3641,16,-0.6216,20,-0.2626,25,0.02882,21,-0.1937,22,-0.1289,35,0.57131,21,-0.2316
ENSG00000180992,MRPL14,19,-1.4727,45,-0.1241,65,0.45993,80,0.79402,45,-0.1465,62,0.36056,42,-0.2500,37,-0.4596,40,-0.3250,58,0.25599
ENSG00000137216,TMEM63B,42,-0.5335,59,0.00315,60,0.02805,90,0.69987,77,0.44147,70,0.28344,48,-0.3165,34,-0.8224,60,0.04448,47,-0.3577
ENSG00000112759,SLC29A1,9,-1.7471,55,1.03939,47,0.74361,36,0.31222,42,0.56111,39,0.44155,15,-1.0469,17,-0.8603,21,-0.5538,15,-0.9913
ENSG00000096384,HSP90AB1,416,-1.8011,1144,-0.2610,1520,0.19351,1364,0.01876,2345,0.92157,1696,0.37288,1368,0.02231,939,-0.5700,1126,-0.2869,1567,0.24256
ENSG00000157593,SLC35B2,54,1.07377,33,0.25802,19,-0.6034,36,0.36692,33,0.22283,31,0.11669,22,-0.4273,18,-0.7211,12,-1.3553,27,-0.0603
ENSG00000178233,TMEM151B,39,-1.3697,100,0.05944,96,-0.0018,74,-0.4069,141,0.62615,110,0.22278,115,0.29328,78,-0.3203,101,0.08528,105,0.14801
ENSG00000096401,CDC5L,10,-2.1042,54,0.43683,48,0.24498,37,-0.1817,31,-0.4353,46,0.18018,22,-0.9295,36,-0.1924,54,0.44455,72,0.93947
ENSG00000001561,ENPP4,98,1.09916,59,0.23735,54,0.08393,51,0.01591,55,0.13406,54,0.09754,34,-0.6044,28,-0.9189,42,-0.2944,32,-0.7014
ENSG00000112796,ENPP5,11,-2.1967,44,-0.1791,55,0.17370,51,0.07346,69,0.56828,67,0.51525,32,-0.6811,42,-0.2243,57,0.24204,61,0.35780
ENSG00000172348,RCAN2,93,-1.7476,237,-0.3319,335,0.21883,512,0.93403,167,-0.8720,411,0.55538,305,0.06842,161,-0.9254,360,0.33476,343,0.25556
ENSG00000153291,SLC25A27,12,-0.8496,13,-0.6837,26,0.36330,31,0.66359,21,0.03994,23,0.18380,13,-0.7317,22,0.09924,27,0.41612,18,-0.1727
ENSG00000069122,ADGRF5,20,-0.1600,8,-1.4074,29,0.46279,10,-1.1368,14,-0.7074,7,-1.6017,14,-0.7107,27,0.37923,21,-0.0378,66,1.96072
ENSG00000146072,TNFRSF21,50,-0.0502,44,-0.2531,89,0.90580,39,-0.4180,59,0.21065,76,0.63900,42,-0.3120,32,-0.7281,50,-0.0321,33,-0.6937
ENSG00000146085,MMUT,29,-0.5443,50,0.31654,32,-0.3863,34,-0.2932,38,-0.1132,62,0.67725,29,-0.5342,51,0.35630,56,0.49132,29,-0.5340
ENSG00000170915,PAQR8,238,1.65388,82,-0.1655,58,-0.7157,69,-0.4481,43,-1.1527,70,-0.4192,107,0.25058,120,0.43623,45,-1.0922,83,-0.1533
ENSG00000096092,TMEM14A,41,-2.0165,176,0.20916,158,0.04004,201,0.43006,224,0.60752,200,0.42024,124,-0.3490,93,-0.7862,154,-0.0052,173,0.18378
ENSG00000170899,GSTA4,31,-1.3804,107,0.57819,78,0.05024,79,0.08239,80,0.10525,112,0.64941,46,-0.7728,39,-1.0169,89,0.26003,93,0.33108
ENSG00000112146,FBXO9,46,-1.4973,160,0.43522,110,-0.1730,149,0.31857,209,0.89195,139,0.20428,74,-0.7759,95,-0.4056,122,0.00212,119,-0.0450
ENSG00000012660,ELOVL5,148,1.62151,53,-0.1219,48,-0.2905,29,-1.0736,47,-0.3050,32,-0.9258,40,-0.5803,86,0.65716,25,-1.2659,69,0.28103
ENSG00000001084,GCLC,74,1.21362,47,0.42928,39,0.11968,28,-0.3664,42,0.25106,31,-0.2473,16,-1.2073,35,-0.0219,25,-0.5786,22,-0.7562
ENSG00000146151,HMGCLL1,10,-0.8588,16,-0.1096,16,-0.0929,33,1.05942,23,0.49664,27,0.74406,19,0.14196,5,-1.7070,10,-0.8366,12,-0.4878
ENSG00000151914,DST,418,1.62407,116,-0.5345,80,-1.1037,150,-0.1386,158,-0.0555,117,-0.5315,124,-0.4345,199,0.32060,120,-0.4817,153,-0.1105
ENSG00000151917,BEND6,11,-2.3411,72,0.50678,29,-0.9095,62,0.27407,56,0.08739,103,1.12929,59,0.17710,20,-1.4533,57,0.13158,57,0.11903
ENSG00000112200,ZNF451,69,0.87176,39,-0.0480,44,0.11679,40,-0.0313,44,0.12849,32,-0.3850,30,-0.4576,32,-0.3789,27,-0.6438,49,0.31891
ENSG00000118482,PHF3,48,0.88245,14,-1.0610,32,0.20249,40,0.56736,35,0.33386,12,-1.2906,15,-0.9137,55,1.12230,17,-0.8008,13,-1.1402
ENSG00000230910,AL391807.1,29,-0.1998,32,-0.0104,47,0.60300,48,0.63074,33,0.00354,29,-0.1785,25,-0.4376,23,-0.5208,33,0.01622,27,-0.2970
ENSG00000135298,ADGRB3,26,-1.6611,108,0.53203,120,0.71044,89,0.20645,91,0.23831,58,-0.4547,61,-0.3889,57,-0.4876,95,0.31771,75,-0.0651
ENSG00000168216,LMBRD1,115,0.04495,135,0.30951,131,0.25295,125,0.17250,91,-0.3277,156,0.54280,88,-0.3817,84,-0.4585,59,-0.9836,135,0.30475
ENSG00000082269,FAM135A,23,0.40157,26,0.63055,23,0.42761,18,0.00754,24,0.47319,19,0.14933,11,-0.7353,14,-0.3550,11,-0.7190,8,-1.2144
ENSG00000154079,SDHAF4,9,-1.1863,20,0.02701,25,0.35147,29,0.59006,19,-0.0851,32,0.73239,18,-0.1905,13,-0.6042,21,0.08598,14,-0.5327
ENSG00000112305,SMAP1,45,-0.6643,74,0.12410,58,-0.2761,78,0.20734,92,0.48428,109,0.75958,58,-0.2634,53,-0.4096,73,0.09236,47,-0.6054
ENSG00000112309,B3GAT2,87,2.34105,26,0.10998,10,-1.3729,13,-0.8823,16,-0.6380,20,-0.2484,9,-1.4451,48,1.17840,2,-3.6110,8,-1.6844
ENSG00000119900,OGFRL1,186,0.69516,195,0.77180,75,-0.7643,92,-0.4521,102,-0.2784,100,-0.3144,99,-0.3261,139,0.21323,105,-0.2439,127,0.06787
ENSG00000079841,RIMS1,41,-0.7254,84,0.42759,21,-1.7190,78,0.30469,102,0.74194,59,-0.1419,117,0.98234,57,-0.2059,46,-0.5377,43,-0.6407
ENSG00000185760,KCNQ5,6,-3.9290,77,-0.1755,106,0.33696,151,0.93656,133,0.71819,88,0.03977,77,-0.1715,50,-0.8428,88,0.04444,83,-0.0527
ENSG00000135297,MTO1,27,0.31984,25,0.16438,24,0.11959,34,0.67369,12,-0.9673,29,0.44051,9,-1.2898,16,-0.4875,22,0.00919,24,0.10780
ENSG00000156508,EEF1A1,4812,1.59823,1826,-0.0728,1887,-0.0203,1241,-0.6775,1010,-0.9931,1073,-0.9019,1681,-0.2041,1803,-0.0935,1502,-0.3813,2278,0.28389
ENSG00000119899,SLC17A5,5,-1.9422,33,1.08428,28,0.75149,20,0.25740,21,0.29081,10,-0.8544,15,-0.1725,17,0.01259,10,-0.8093,14,-0.3794
ENSG00000112695,COX7A2,215,-1.1527,610,0.48825,442,-0.0377,459,0.02232,569,0.37185,619,0.51129,396,-0.2104,288,-0.7092,493,0.13752,434,-0.0668
ENSG00000112697,TMEM30A,162,-0.4938,203,-0.1417,265,0.29150,252,0.20346,319,0.59364,274,0.34522,159,-0.5239,154,-0.5703,239,0.12307,190,-0.2463
ENSG00000112701,SENP6,84,0.68855,65,0.25139,39,-0.5508,56,0.03845,47,-0.2459,67,0.32323,24,-1.2873,53,-0.0773,74,0.46704,43,-0.3791
ENSG00000196586,MYO6,104,1.41249,30,-0.6351,21,-1.1798,20,-1.2335,40,-0.1908,35,-0.3882,26,-0.8606,57,0.35998,52,0.22722,68,0.65128
ENSG00000146247,PHIP,68,0.77712,63,0.63396,40,-0.0872,35,-0.3114,22,-0.9904,12,-1.8415,22,-1.0366,51,0.29102,48,0.18627,64,0.66505
ENSG00000118418,HMGN3,132,0.77058,100,0.30866,92,0.16973,52,-0.7075,82,0.00010,64,-0.4037,57,-0.5765,90,0.14777,55,-0.6231,100,0.31133
ENSG00000198478,SH3BGRL2,31,-1.2557,80,0.18965,71,-0.0122,85,0.27396,125,0.92196,96,0.47761,69,-0.0548,48,-0.6138,55,-0.4044,54,-0.4394
ENSG00000118402,ELOVL4,16,-1.9010,41,-0.5351,74,0.41274,63,0.15129,82,0.56764,88,0.68603,36,-0.7196,30,-1.0137,69,0.28974,77,0.46787
ENSG00000083123,BCKDHB,26,0.57028,13,-0.5012,18,-0.0015,20,0.16653,25,0.53159,11,-0.6959,16,-0.2037,23,0.42319,15,-0.2824,13,-0.5425
ENSG00000005700,IBTK,57,0.82794,74,1.28695,44,0.39728,46,0.47090,31,-0.1597,18,-1.0102,18,-1.0091,22,-0.7130,15,-1.2361,20,-0.8708
ENSG00000146242,TPBG,0,-5.4713,18,-0.9246,29,-0.1655,103,2.04539,45,0.52203,25,-0.4127,36,0.18029,6,-2.5474,51,0.72987,12,-1.5352
ENSG00000083097,DOP1A,33,0.22392,28,-0.0863,38,0.40927,60,1.22235,16,-0.8817,28,-0.0712,16,-0.8844,23,-0.3496,27,-0.1100,21,-0.4943
ENSG00000013375,PGM3,10,-0.6545,27,0.82286,14,-0.2217,10,-0.6598,18,0.19286,11,-0.5559,18,0.16942,19,0.24814,11,-0.5562,22,0.50540
ENSG00000013392,RWDD2A,6,-2.0524,8,-1.4965,36,0.71844,34,0.63505,46,1.15615,28,0.28837,20,-0.2447,15,-0.6313,25,0.10974,13,-0.8885
ENSG00000065833,ME1,12,-1.6284,26,-0.4803,59,0.80730,41,0.19590,47,0.44489,41,0.20493,28,-0.3964,39,0.13924,32,-0.1806,34,-0.0855
ENSG00000065609,SNAP91,66,-2.0486,317,0.36395,257,0.02200,357,0.55885,354,0.54303,429,0.87219,253,-0.0027,137,-0.9533,200,-0.3734,165,-0.6702
ENSG00000203877,RIPPLY2,10,-1.2533,30,0.44847,26,0.25320,31,0.51979,23,0.03313,35,0.74901,11,-1.0368,10,-1.2569,35,0.73543,13,-0.8489
ENSG00000135324,MRAP2,18,-1.3406,48,0.17094,31,-0.4993,44,0.02381,126,1.87252,56,0.41609,21,-1.1364,16,-1.4800,42,-0.0627,31,-0.5279
ENSG00000135318,NT5E,20,0.48064,4,-1.8898,14,-0.1154,22,0.61309,13,-0.1716,3,-2.4754,12,-0.3363,24,0.79485,6,-1.3773,31,1.21888
ENSG00000135317,SNX14,28,-1.0935,44,-0.4041,72,0.36255,66,0.23507,71,0.34700,91,0.76229,37,-0.6876,40,-0.5663,64,0.17420,60,0.06700
ENSG00000135316,SYNCRIP,57,0.04036,79,0.55964,32,-0.8484,60,0.12680,57,0.04268,56,-0.0056,45,-0.3358,52,-0.1028,47,-0.2689,72,0.41423
ENSG00000203875,SNHG5,216,3.36632,19,-1.1702,29,-0.4952,21,-1.0157,15,-1.5172,12,-1.7645,24,-0.7743,35,-0.2153,10,-2.0905,20,-1.0475
ENSG00000188994,ZNF292,23,-0.4295,40,0.41493,31,0.03173,19,-0.7580,24,-0.3735,29,-0.0960,32,0.08611,32,0.06334,23,-0.4720,54,0.92566
ENSG00000111850,SMIM8,8,-1.2886,35,0.97600,26,0.47821,16,-0.2704,29,0.68560,24,0.34519,17,-0.1768,16,-0.2400,12,-0.6757,8,-1.3083
ENSG00000164414,SLC35A1,13,-1.0960,21,-0.3702,37,0.55658,32,0.32858,25,-0.0446,31,0.26288,22,-0.2617,31,0.28951,25,-0.0442,24,-0.1332
ENSG00000135336,ORC3,25,-0.1814,45,0.79148,31,0.17945,37,0.47375,28,0.03896,38,0.52250,20,-0.4883,16,-0.8179,20,-0.5208,16,-0.8158
ENSG00000135334,AKIRIN2,44,-1.1347,132,0.59227,113,0.33212,115,0.35456,96,0.06176,74,-0.3352,54,-0.8396,58,-0.7134,137,0.64999,98,0.09376
ENSG00000118432,CNR1,11,-3.2544,435,2.77866,113,0.19642,40,-1.4211,50,-1.0728,20,-2.3911,20,-2.4491,137,0.51247,47,-1.1649,128,0.40458
ENSG00000111880,RNGTT,8,-1.3887,22,0.16013,19,-0.0764,29,0.59541,20,0.01654,29,0.61978,12,-0.7167,19,-0.0738,24,0.33348,16,-0.3288
ENSG00000146278,PNRC1,71,0.37539,88,0.73654,58,0.04028,56,-0.0097,45,-0.3596,30,-0.9662,33,-0.8284,54,-0.0716,62,0.15060,67,0.26891
ENSG00000198833,UBE2J1,21,-0.5593,52,0.88717,37,0.28932,28,-0.1241,23,-0.4318,32,0.09536,25,-0.3267,24,-0.3445,23,-0.4166,39,0.38153
ENSG00000025039,RRAGD,52,0.72348,35,0.08436,61,0.99959,30,-0.1966,21,-0.7057,22,-0.6804,21,-0.7343,23,-0.5579,37,0.13736,33,-0.0140
ENSG00000135299,ANKRD6,16,-0.2579,23,0.34444,35,1.00544,16,-0.2212,25,0.44745,19,0.01175,12,-0.7368,17,-0.1465,15,-0.3546,10,-0.9064
ENSG00000083099,LYRM2,41,0.13388,38,-0.0003,46,0.33050,26,-0.5579,52,0.52153,25,-0.6419,25,-0.6087,35,-0.1134,48,0.39419,40,0.09505
ENSG00000112159,MDN1,28,-0.2216,52,0.79774,42,0.42612,27,-0.2474,32,0.03001,28,-0.2163,25,-0.3886,23,-0.5360,30,-0.0906,33,0.04054
ENSG00000118412,CASP8AP2,20,0.44045,17,0.17830,21,0.52909,8,-0.9082,14,-0.1589,14,-0.1585,13,-0.2280,21,0.51422,14,-0.1218,10,-0.6549
ENSG00000135341,MAP3K7,26,-0.3716,27,-0.2908,39,0.27023,29,-0.1747,51,0.72670,52,0.77074,20,-0.7203,27,-0.3190,29,-0.2065,27,-0.3071
ENSG00000172461,FUT9,67,-0.4893,153,0.85075,94,0.04741,80,-0.2122,103,0.18825,49,-0.9559,73,-0.3484,74,-0.3415,87,-0.0687,134,0.62157
ENSG00000014123,UFL1,39,0.93022,7,-1.6029,20,-0.1624,16,-0.4988,12,-0.8519,14,-0.7189,25,0.21131,23,0.04861,21,-0.0954,43,1.11790
ENSG00000123545,NDUFAF4,15,-2.4441,109,0.53896,78,-0.0061,126,0.78514,140,0.97793,99,0.38586,63,-0.3433,51,-0.6644,63,-0.3416,37,-1.1495
ENSG00000186231,KLHL32,83,2.08840,14,-0.9149,14,-0.9436,23,-0.1668,36,0.54614,28,0.16714,16,-0.7134,15,-0.8611,19,-0.4975,8,-1.6501
ENSG00000184486,POU3F2,19,-0.7155,32,0.07862,30,-0.0460,29,-0.0644,34,0.15961,21,-0.5878,26,-0.2478,32,0.06100,38,0.34780,45,0.61969
ENSG00000146267,FAXC,12,-2.2709,71,0.38781,68,0.33011,64,0.22588,65,0.26106,61,0.13948,58,0.07292,44,-0.3786,65,0.25804,48,-0.2436
ENSG00000132423,COQ3,0,-7.1306,17,-0.0060,28,0.74290,26,0.66582,25,0.56261,14,-0.3023,17,-0.0626,11,-0.7420,29,0.81971,8,-1.1754
ENSG00000132424,PNISR,110,0.46954,115,0.54781,124,0.66311,70,-0.2628,64,-0.3864,67,-0.3160,41,-1.0599,99,0.28964,67,-0.3338,67,-0.3325
ENSG00000112237,CCNC,17,-1.3254,38,-0.1705,41,-0.0422,67,0.76274,63,0.66481,72,0.88610,32,-0.4181,27,-0.6855,39,-0.1226,24,-0.8636
ENSG00000164418,GRIK2,6,-2.3992,66,1.35248,48,0.81924,18,-0.7757,24,-0.2833,40,0.50106,15,-0.9867,31,0.10774,18,-0.7448,27,-0.1373
ENSG00000085382,HACE1,14,-1.1961,38,0.30844,37,0.25857,38,0.32301,31,-0.0199,38,0.32517,22,-0.5631,13,-1.3366,52,0.83544,30,-0.0829
ENSG00000132429,POPDC3,15,-0.3284,13,-0.6001,10,-0.8716,30,0.78756,28,0.65365,31,0.84036,27,0.61978,3,-2.6575,12,-0.6634,16,-0.1888
ENSG00000085377,PREP,9,-2.3805,28,-0.7540,51,0.16975,53,0.23283,52,0.20687,56,0.34009,49,0.10066,22,-1.1338,74,0.78375,63,0.53312
ENSG00000057663,ATG5,11,-1.5410,34,0.12293,44,0.53838,37,0.27360,52,0.83931,32,0.05798,20,-0.6855,22,-0.5116,35,0.16503,25,-0.3395
ENSG00000272398,CD24,2,-3.3536,74,2.29137,1,-4.4451,7,-1.6319,61,1.88215,21,0.04870,9,-1.2459,16,-0.4261,4,-2.4600,13,-0.7320
ENSG00000130349,MTRES1,16,-0.4950,26,0.22415,29,0.40139,17,-0.4751,28,0.35817,26,0.23200,15,-0.6396,18,-0.3057,29,0.38526,21,-0.0958
ENSG00000112320,SOBP,29,-1.5566,71,-0.1979,139,0.91128,75,-0.0964,58,-0.4961,64,-0.3454,84,0.08261,141,0.93575,78,-0.0549,62,-0.3998
ENSG00000025796,SEC63,73,0.35091,69,0.25356,58,-0.0098,62,0.08218,49,-0.2924,43,-0.5020,45,-0.4196,65,0.16455,55,-0.0978,69,0.25203
ENSG00000081087,OSTM1,13,-1.7447,33,-0.4010,40,-0.0908,54,0.36104,52,0.30827,39,-0.1496,20,-1.1839,25,-0.8023,71,0.83478,81,1.04997
ENSG00000112335,SNX3,192,-1.0539,460,0.31790,473,0.36306,408,0.12108,327,-0.2279,478,0.38228,277,-0.4888,295,-0.3910,532,0.55968,338,-0.1795
ENSG00000118689,FOXO3,45,-0.9827,101,0.28268,90,0.09223,77,-0.1531,84,-0.0181,119,0.55436,106,0.36483,75,-0.1852,65,-0.4287,86,0.02159
ENSG00000080546,SESN1,23,-1.5352,61,-0.0394,125,1.17562,90,0.60063,45,-0.4960,61,-0.0364,53,-0.2625,50,-0.3282,54,-0.2270,60,-0.0465
ENSG00000135535,CD164,66,0.20248,51,-0.1992,66,0.20527,73,0.37982,50,-0.2295,54,-0.0963,41,-0.5520,38,-0.6683,38,-0.6412,102,0.93811
ENSG00000135596,MICAL1,38,0.66881,21,-0.2668,30,0.29833,47,1.03111,27,0.08693,37,0.60377,7,-1.8117,20,-0.3948,16,-0.6968,9,-1.5194
ENSG00000112367,FIG4,15,-1.4981,59,0.64039,46,0.24980,40,0.01914,49,0.33168,48,0.31709,28,-0.5441,21,-0.9655,45,0.19851,45,0.22071
ENSG00000112290,WASF1,54,-2.1816,179,-0.3834,517,1.39975,307,0.48641,268,0.26575,230,0.01466,142,-0.7424,126,-0.9223,229,0.00767,226,-0.0112
ENSG00000168438,CDC40,23,-1.1959,20,-1.3810,107,1.26145,57,0.19054,43,-0.2552,64,0.37124,23,-1.2326,49,-0.0423,63,0.35186,57,0.18870
ENSG00000155111,CDK19,140,2.35182,20,-0.9743,53,0.51101,15,-1.4299,19,-1.0767,12,-1.7001,29,-0.4490,23,-0.7983,35,-0.1473,38,-0.0216
ENSG00000123505,AMD1,115,0.01001,99,-0.2271,174,0.70010,114,-0.0006,83,-0.4905,113,-0.0093,75,-0.6577,89,-0.3883,182,0.77511,95,-0.2904
ENSG00000155115,GTF3C6,38,-0.5499,68,0.37046,66,0.34160,69,0.40984,31,-0.8378,42,-0.3959,47,-0.2134,60,0.17157,64,0.27129,53,-0.0241
ENSG00000197498,RPF2,24,-0.1690,37,0.57175,25,-0.1089,36,0.51187,11,-1.2545,26,-0.0323,27,0.06486,20,-0.4199,25,-0.1031,32,0.31051
ENSG00000010810,FYN,94,0.12173,95,0.14556,130,0.66266,85,-0.0252,66,-0.4228,109,0.37093,63,-0.5092,97,0.17991,48,-0.9180,80,-0.1200
ENSG00000074935,TUBE1,38,1.13965,13,-0.6411,19,-0.0538,9,-1.0911,19,-0.0461,19,0.00344,22,0.22712,9,-1.1060,24,0.31814,21,0.11419
ENSG00000203778,FAM229B,43,-0.0212,41,-0.1111,50,0.19785,45,0.02948,42,-0.0523,50,0.19553,48,0.14320,34,-0.3909,35,-0.3486,51,0.23749
ENSG00000277443,MARCKS,282,-0.3367,493,0.56606,293,-0.2743,332,-0.0767,440,0.37791,353,0.01811,289,-0.2952,285,-0.3195,380,0.13680,340,-0.0410
ENSG00000196591,HDAC2,65,-0.0373,75,0.18073,105,0.74645,84,0.36495,79,0.26318,65,-0.0498,37,-0.8968,36,-0.9428,45,-0.6113,77,0.22316
ENSG00000178425,NT5DC1,48,0.98649,33,0.36881,27,0.01078,23,-0.2174,25,-0.0732,45,0.88551,10,-1.4357,14,-0.9769,17,-0.6512,21,-0.3263
ENSG00000187189,TSPYL4,34,-2.6378,201,0.06296,243,0.37067,302,0.73401,176,-0.1505,249,0.41107,155,-0.3540,117,-0.7841,296,0.69872,162,-0.2812
ENSG00000189241,TSPYL1,104,-2.9470,1085,0.64524,1155,0.75258,894,0.32273,946,0.41687,648,-0.1951,806,0.15470,515,-0.5542,811,0.16328,361,-1.0983
ENSG00000111832,RWDD1,59,0.09567,98,0.92718,40,-0.5242,38,-0.5875,50,-0.1741,80,0.58203,48,-0.2265,46,-0.3136,59,0.09069,40,-0.5176
ENSG00000196911,KPNA5,3,-3.6486,64,0.73390,32,-0.3753,43,0.07008,64,0.71375,47,0.21344,34,-0.3076,43,0.05585,44,0.09722,38,-0.1420
ENSG00000047932,GOPC,20,-1.5877,43,-0.4474,89,0.74441,69,0.32079,53,-0.1046,80,0.56018,45,-0.3532,42,-0.4823,57,0.02036,69,0.30653
ENSG00000153989,NUS1,26,-0.7945,72,0.81993,45,0.04142,39,-0.1829,46,0.07123,56,0.39186,26,-0.8090,33,-0.4378,44,-0.0094,52,0.25999
ENSG00000196376,SLC35F1,62,-0.2067,154,1.31987,39,-0.9002,52,-0.4753,148,1.25331,76,0.11685,47,-0.6218,42,-0.7962,33,-1.1806,52,-0.4818
ENSG00000111875,ASF1A,29,0.05031,39,0.52318,23,-0.3187,22,-0.3745,31,0.13900,48,0.86853,27,-0.0451,23,-0.3348,19,-0.5861,20,-0.4833
ENSG00000111879,FAM184A,3,-2.8402,33,0.43986,32,0.41613,25,-0.0304,30,0.28396,16,-0.6935,16,-0.6488,30,0.30808,20,-0.3685,45,0.94994
ENSG00000111885,MAN1A1,2,-4.2901,46,0.15503,190,2.90491,20,-1.1004,19,-1.1886,22,-0.9983,13,-1.6839,36,-0.2208,27,-0.6790,40,-0.0610
ENSG00000152661,GJA1,172,-0.7024,275,0.02863,145,-0.9612,118,-1.2720,154,-0.8732,159,-0.8223,221,-0.3155,761,1.81884,115,-1.3129,577,1.28975
ENSG00000025156,HSF2,20,-0.2872,22,-0.1825,30,0.33727,22,-0.1635,32,0.43731,40,0.83909,21,-0.2321,19,-0.3814,25,0.03927,12,-1.0794
ENSG00000111897,SERINC1,721,-0.4062,1213,0.42892,1172,0.37133,846,-0.1549,1253,0.48245,1360,0.61937,688,-0.4787,605,-0.6778,681,-0.4957,784,-0.2748
ENSG00000164434,FABP7,45,-0.3420,44,-0.4030,81,0.58489,53,-0.1109,18,-1.7667,16,-1.8788,35,-0.7433,116,1.20446,78,0.52636,80,0.56001
ENSG00000146352,CLVS2,11,-2.9184,96,0.32353,109,0.53485,83,0.09848,98,0.36663,121,0.71341,46,-0.8200,55,-0.5635,86,0.15680,78,-0.0046
ENSG00000188580,NKAIN2,73,0.91530,41,-0.0536,37,-0.1966,44,0.08822,85,1.18061,36,-0.2345,32,-0.4363,19,-1.2195,45,0.11094,8,-2.4456
ENSG00000111907,TPD52L1,22,-1.1389,44,-0.1105,68,0.59706,31,-0.6242,17,-1.5717,32,-0.5842,44,-0.0850,62,0.46474,79,0.86457,69,0.62699
ENSG00000111906,HDDC2,132,0.59119,82,-0.1694,72,-0.3766,95,0.06409,134,0.61576,90,-0.0355,64,-0.5728,96,0.06667,67,-0.4994,86,-0.1007
ENSG00000111912,NCOA7,74,-1.0103,126,-0.1969,148,0.05783,235,0.82798,153,0.11479,208,0.61644,124,-0.2242,113,-0.3602,163,0.21387,81,-0.8694
ENSG00000111911,HINT3,134,0.39769,144,0.50796,88,-0.2876,121,0.22449,165,0.74318,101,-0.0575,60,-0.8702,86,-0.3176,79,-0.4536,74,-0.5607
ENSG00000066651,TRMT11,2,-3.0601,34,1.28871,14,-0.1628,17,0.07385,21,0.45255,23,0.63375,6,-1.5093,21,0.46259,12,-0.4274,8,-0.9989
ENSG00000118518,RNF146,68,0.29198,59,0.07010,79,0.55076,45,-0.3394,88,0.72889,52,-0.1249,38,-0.6351,39,-0.5700,58,0.03809,38,-0.5997
ENSG00000093144,ECHDC1,58,0.32302,40,-0.2917,41,-0.2398,58,0.32431,60,0.37413,38,-0.3600,32,-0.5992,36,-0.4302,63,0.44246,50,0.08427
ENSG00000189367,KIAA0408,96,-0.2156,114,0.06751,129,0.26840,152,0.52853,135,0.33291,106,-0.0525,104,-0.0763,79,-0.5220,107,-0.0458,75,-0.5990
ENSG00000152894,PTPRK,25,-1.4882,49,-0.4927,96,0.56819,108,0.77467,81,0.29428,60,-0.1873,65,-0.0582,36,-0.9880,96,0.56608,60,-0.2035
ENSG00000079819,EPB41L2,131,1.03477,43,-0.7876,116,0.81706,56,-0.3521,33,-1.1643,45,-0.7173,52,-0.4808,104,0.63340,63,-0.1895,64,-0.1638
ENSG00000118507,AKAP7,13,-0.6381,23,0.27134,39,1.15396,16,-0.3003,15,-0.4326,18,-0.1021,10,-0.9537,27,0.55576,11,-0.7968,21,0.14625
ENSG00000079931,MOXD1,7,-2.1494,50,0.86474,19,-0.6946,39,0.44904,20,-0.5881,16,-0.8939,26,-0.2021,58,1.11426,18,-0.7656,42,0.58402
ENSG00000079950,STX7,91,-0.0029,85,-0.0988,80,-0.2107,78,-0.2392,140,0.70640,88,-0.0524,71,-0.3836,82,-0.1650,105,0.23525,89,-0.0326
ENSG00000146409,SLC18B1,40,0.24536,72,1.25084,25,-0.4848,21,-0.7136,15,-1.1938,18,-0.9388,23,-0.5749,66,1.09607,16,-1.1642,44,0.39907
ENSG00000112306,RPS12,2818,2.33221,551,-0.5581,447,-0.8783,462,-0.8281,536,-0.5987,538,-0.5931,628,-0.3528,694,-0.1960,469,-0.8043,706,-0.1692
ENSG00000028839,TBPL1,10,-2.2524,41,-0.2221,71,0.68890,76,0.79708,70,0.64858,58,0.35153,35,-0.4392,30,-0.6920,28,-0.7803,48,0.04980
ENSG00000118515,SGK1,120,2.35043,67,1.20300,14,-1.3126,16,-1.0707,12,-1.5706,22,-0.5957,19,-0.8144,12,-1.4745,19,-0.8262,26,-0.3503
ENSG00000112339,HBS1L,47,-0.3169,56,-0.0543,52,-0.1562,77,0.47581,70,0.30487,81,0.54316,64,0.16272,38,-0.6357,59,0.02224,33,-0.8476
ENSG00000135541,AHI1,15,-1.5419,48,0.24287,51,0.32066,44,0.10318,44,0.09197,48,0.23606,17,-1.3142,47,0.19048,37,-0.1864,64,0.69777
ENSG00000171408,PDE7B,4,-2.1350,15,-0.3723,34,0.90483,24,0.34194,5,-1.9090,12,-0.7166,18,-0.0805,26,0.46915,27,0.54506,27,0.55882
ENSG00000029363,BCLAF1,55,-0.8543,107,0.18595,88,-0.1238,70,-0.4807,119,0.35527,84,-0.2030,64,-0.6206,95,-0.0119,132,0.53670,139,0.61776
ENSG00000135525,MAP7,150,1.95689,30,-0.7890,86,0.90841,34,-0.5876,10,-2.3693,20,-1.3546,23,-1.1744,35,-0.5437,41,-0.3013,66,0.47374
ENSG00000197442,MAP3K5,7,-2.3549,33,-0.0932,80,1.40219,35,0.02394,12,-1.5537,12,-1.6310,14,-1.3841,62,0.95680,50,0.57407,44,0.35772
ENSG00000027697,IFNGR1,93,1.68077,26,-0.4559,33,-0.0908,38,0.10342,27,-0.3994,33,-0.0961,18,-1.0171,26,-0.4889,24,-0.5912,34,-0.0761
ENSG00000112379,ARFGEF3,102,0.21495,93,0.07812,132,0.64909,87,-0.0258,69,-0.3868,99,0.17199,57,-0.7020,78,-0.2046,93,0.06809,78,-0.1994
ENSG00000051620,HEBP2,40,1.25130,23,0.33267,15,-0.3832,11,-0.8428,13,-0.5272,10,-0.8959,20,0.07246,20,0.11880,15,-0.3948,21,0.19892
ENSG00000024862,CCDC28A,7,-2.7920,44,-0.1578,71,0.63275,69,0.59566,55,0.21370,80,0.84466,36,-0.4375,39,-0.3234,40,-0.2766,39,-0.3336
ENSG00000135597,REPS1,39,0.02931,27,-0.5258,48,0.38239,30,-0.3790,50,0.44580,33,-0.2302,41,0.14596,38,-0.0075,25,-0.6383,48,0.39760
ENSG00000146386,ABRACL,4,-3.1272,35,-0.1597,37,-0.0598,48,0.36485,73,1.07618,54,0.53430,41,0.08408,20,-0.9887,43,0.18276,29,-0.4201
ENSG00000112406,HECA,50,0.22022,38,-0.2093,28,-0.6626,47,0.11724,67,0.70654,59,0.50147,36,-0.3224,23,-0.9585,47,0.12229,40,-0.1401
ENSG00000164442,CITED2,1,-5.0065,90,0.77160,39,-0.5642,63,0.17088,75,0.46885,93,0.83323,48,-0.2616,33,-0.8063,67,0.28662,53,-0.1057
ENSG00000009844,VTA1,41,-0.7017,58,-0.1624,72,0.17501,62,-0.0667,86,0.47070,78,0.31193,38,-0.8039,44,-0.5778,68,0.09465,96,0.65094
ENSG00000010818,HIVEP2,35,-1.3107,82,0.01649,101,0.36033,106,0.42730,120,0.64623,107,0.45149,90,0.16936,54,-0.6459,54,-0.6367,63,-0.4100
ENSG00000146416,AIG1,59,-0.2511,60,-0.2329,68,-0.0439,83,0.27718,91,0.43669,92,0.45388,50,-0.5015,59,-0.2551,77,0.15608,56,-0.3273
ENSG00000112419,PHACTR2,6,-1.5009,35,1.30066,5,-1.7565,16,0.01769,34,1.23569,24,0.66594,9,-0.8136,17,0.04730,10,-0.6829,4,-1.8477
ENSG00000169976,SF3B5,98,0.13760,90,-0.0054,99,0.14340,117,0.41646,103,0.21929,139,0.70498,57,-0.7264,60,-0.6273,81,-0.1758,59,-0.6647
ENSG00000152818,UTRN,25,0.02536,29,0.22614,6,-2.1274,8,-1.7352,24,-0.0305,41,0.81604,20,-0.3393,28,0.20631,14,-0.8673,54,1.28274
ENSG00000152822,GRM1,1,-3.7492,30,0.86108,40,1.41074,15,-0.2426,26,0.61553,18,0.04381,8,-1.1083,15,-0.1905,9,-0.9559,12,-0.5656
ENSG00000164506,STXBP5,18,-2.1842,74,-0.0403,136,0.97379,116,0.69779,100,0.44848,48,-0.6980,65,-0.2439,69,-0.1436,84,0.16197,48,-0.7174
ENSG00000111961,SASH1,75,0.58759,60,0.21432,46,-0.1989,33,-0.7316,29,-0.9309,37,-0.5449,56,0.11126,80,0.69012,45,-0.2447,63,0.30931
ENSG00000055208,TAB2,31,0.18158,34,0.35317,27,-0.0319,26,-0.1224,24,-0.1996,13,-1.0905,15,-0.9018,40,0.61337,16,-0.8415,49,0.93839
ENSG00000055211,GINM1,53,1.03878,26,-0.1061,36,0.40504,14,-1.1104,20,-0.5502,22,-0.3797,15,-0.9174,31,0.14794,16,-0.8213,48,0.88073
ENSG00000131023,LATS1,15,-0.4497,33,0.77816,33,0.74406,27,0.43388,12,-0.7880,17,-0.3213,14,-0.6130,19,-0.1210,15,-0.4483,20,-0.0086
ENSG00000120265,PCMT1,121,-1.6377,279,-0.3622,392,0.18211,546,0.73115,392,0.18113,520,0.64910,243,-0.5744,201,-0.8644,469,0.47420,341,-0.0427
ENSG00000120256,LRP11,47,-0.7725,65,-0.2727,127,0.82915,100,0.42734,92,0.29457,118,0.69746,71,-0.1398,45,-0.8465,51,-0.6534,55,-0.5299
ENSG00000198729,PPP1R14C,10,-1.8650,26,-0.4224,19,-0.8395,63,1.05419,40,0.29629,33,-0.0366,31,-0.1010,14,-1.3518,61,0.97785,39,0.22558
ENSG00000131016,AKAP12,16,-2.9456,106,-0.1082,85,-0.4568,187,0.81958,143,0.37314,92,-0.3288,143,0.36645,98,-0.2422,136,0.28975,132,0.23532
ENSG00000155906,RMND1,0,-4.3308,28,0.84062,20,0.24667,31,1.03370,14,-0.2345,12,-0.4538,15,-0.1555,10,-0.8215,22,0.41504,14,-0.2298
ENSG00000146476,ARMT1,5,-2.5038,39,0.56505,46,0.86392,32,0.26903,36,0.42272,39,0.58251,26,-0.0898,16,-0.7777,18,-0.6389,16,-0.8242
ENSG00000131018,SYNE1,20,-2.6972,144,0.27460,174,0.58760,136,0.17691,119,-0.0274,86,-0.5491,118,-0.0518,117,-0.0642,171,0.55474,131,0.12306
ENSG00000146469,VIP,0,-6.2457,184,1.83317,121,1.04856,32,-1.0646,10,-2.7666,17,-2.0255,49,-0.4159,70,0.13601,64,-0.0072,97,0.66433
ENSG00000112031,MTRF1L,31,0.36516,26,0.10377,8,-1.7272,30,0.35512,29,0.30030,22,-0.1350,26,0.11360,21,-0.2533,14,-0.8656,37,0.65539
ENSG00000091844,RGS17,0,-6.9162,16,0.09030,31,1.18923,15,0.02180,20,0.48406,21,0.51995,6,-1.2884,12,-0.3560,16,0.14715,13,-0.2601
ENSG00000112038,OPRM1,1,-3.4378,24,0.58454,10,-0.7484,24,0.54993,26,0.68998,45,1.70044,12,-0.4903,3,-2.3077,17,-0.0041,5,-1.7128
ENSG00000074706,IPCEF1,10,-3.5995,183,0.74453,87,-0.4530,114,-0.0332,294,1.59841,168,0.60211,112,-0.0685,66,-0.8838,95,-0.3165,35,-1.8267
ENSG00000213079,SCAF8,15,-0.8467,57,1.32871,27,0.06580,26,0.00914,15,-0.7977,20,-0.4184,25,-0.0711,20,-0.3796,17,-0.6164,37,0.55250
ENSG00000146426,TIAM2,6,-3.2925,38,-0.6101,125,1.36497,88,0.74502,26,-1.1622,46,-0.3071,29,-0.9926,29,-0.9887,129,1.42490,42,-0.4329
ENSG00000049618,ARID1B,23,-1.3236,103,1.08117,33,-0.7765,61,0.20854,53,-0.0418,34,-0.7045,42,-0.3826,69,0.38695,65,0.28836,57,0.09893
ENSG00000215712,TMEM242,15,-1.7552,40,-0.2472,83,0.94815,75,0.78013,63,0.47351,50,0.09593,31,-0.6445,27,-0.8313,51,0.12857,34,-0.5068
ENSG00000175048,ZDHHC14,47,0.02992,31,-0.5843,63,0.51166,46,0.01317,59,0.41791,60,0.42451,27,-0.8257,39,-0.2371,47,0.03135,39,-0.2507
ENSG00000130340,SNX9,51,0.90215,30,0.02637,46,0.69948,46,0.71140,25,-0.2969,34,0.19859,14,-1.1563,24,-0.3596,15,-1.0418,13,-1.2307
ENSG00000078269,SYNJ2,114,1.63531,17,-1.4802,99,1.36226,30,-0.6212,31,-0.5327,31,-0.5505,26,-0.8209,25,-0.8921,32,-0.5230,38,-0.2348
ENSG00000122335,SERAC1,12,-0.4806,10,-0.8294,29,0.85360,15,-0.1373,30,0.96230,27,0.75622,8,-1.1847,11,-0.6945,18,0.06103,10,-0.8585
ENSG00000272047,GTF2H5,64,0.01490,55,-0.2331,79,0.35582,49,-0.4187,69,0.12572,62,-0.0435,54,-0.2457,50,-0.3839,80,0.35831,75,0.25690
ENSG00000130338,TULP4,121,0.62317,94,0.20931,72,-0.2027,75,-0.1471,55,-0.6250,58,-0.5420,89,0.12289,72,-0.2042,92,0.17069,95,0.23494
ENSG00000146433,TMEM181,40,-0.7966,59,-0.1799,100,0.66022,84,0.37799,79,0.26881,90,0.47973,46,-0.5683,49,-0.4656,83,0.35659,36,-0.9587
ENSG00000146425,DYNLT1,55,1.79127,16,-0.2768,18,-0.1187,8,-1.3266,12,-0.7686,16,-0.2953,17,-0.2334,18,-0.0865,11,-0.8491,23,0.28934
ENSG00000092820,EZR,131,0.58605,146,0.76784,49,-0.9825,42,-1.2017,27,-1.8805,32,-1.5874,94,0.03386,188,1.20722,69,-0.4480,140,0.69077
ENSG00000130363,RSPH3,9,-0.7285,13,-0.2585,9,-0.8323,11,-0.4421,19,0.38267,17,0.22714,20,0.44222,20,0.43784,12,-0.3751,21,0.49417
ENSG00000112096,SOD2,123,-1.0472,260,0.12071,230,-0.0791,263,0.14040,317,0.44507,286,0.27784,254,0.08231,194,-0.3422,269,0.17474,216,-0.1762
ENSG00000146457,WTAP,33,-1.0513,96,0.64854,100,0.71377,67,0.04693,91,0.55460,60,-0.1236,48,-0.4825,55,-0.2570,43,-0.6311,55,-0.2554
ENSG00000120437,ACAT2,31,-0.8922,60,0.10707,28,-1.0530,103,1.01774,130,1.43425,76,0.50707,21,-1.4868,31,-0.8947,41,-0.4986,38,-0.6200
ENSG00000120438,TCP1,126,-0.6103,193,0.05687,187,0.00419,275,0.64138,291,0.73933,172,-0.1274,138,-0.4680,97,-1.0111,202,0.13193,180,-0.0546
ENSG00000112110,MRPL18,52,-0.4408,68,-0.0129,107,0.74069,60,-0.1977,100,0.62776,67,-0.0368,35,-1.0135,49,-0.5260,61,-0.1745,84,0.32989
ENSG00000085511,MAP3K4,15,-0.5258,37,0.86810,21,-0.0064,22,0.05951,23,0.11634,24,0.14672,16,-0.4964,19,-0.2143,17,-0.3820,22,0.00596
ENSG00000026652,AGPAT4,88,1.41268,39,0.00701,33,-0.2163,30,-0.3953,30,-0.3702,45,0.26660,41,0.08978,17,-1.2302,23,-0.7881,37,-0.0385
ENSG00000185345,PRKN,13,-0.4677,9,-0.9967,23,0.32842,21,0.23908,27,0.63396,21,0.24560,15,-0.2663,14,-0.4162,26,0.59286,12,-0.6508
ENSG00000112531,QKI,1185,2.64187,243,-0.2727,99,-1.6421,129,-1.2505,79,-1.9673,168,-0.8447,178,-0.7600,332,0.22586,214,-0.4735,262,-0.1550
ENSG00000176381,PRR18,171,4.20113,9,-1.5765,5,-2.2586,3,-3.0988,6,-2.1754,17,-0.6152,12,-1.0831,8,-1.6827,9,-1.5448,11,-1.2197
ENSG00000198818,SFT2D1,113,1.74877,46,0.18542,51,0.35811,31,-0.4540,32,-0.4024,24,-0.8223,17,-1.3654,50,0.31514,26,-0.7106,22,-0.9830
ENSG00000060762,MPC1,175,0.76019,101,-0.1339,101,-0.1362,101,-0.1370,83,-0.4460,103,-0.1146,87,-0.3702,91,-0.3002,121,0.14780,139,0.37669
ENSG00000071242,RPS6KA2,147,1.72060,60,0.14718,83,0.68029,24,-1.2242,25,-1.2017,31,-0.8933,36,-0.6547,63,0.22830,29,-0.9742,48,-0.1907
ENSG00000026297,RNASET2,110,1.97434,35,-0.0400,38,0.08451,24,-0.6355,12,-1.6425,27,-0.4250,22,-0.7319,35,-0.0481,21,-0.8546,35,-0.0327
ENSG00000213066,FGFR1OP,12,-0.4708,11,-0.5421,17,0.12388,15,-0.0999,25,0.67259,18,0.15983,19,0.24302,16,-0.0266,20,0.32529,9,-0.9243
ENSG00000130396,AFDN,78,1.01938,60,0.57778,35,-0.2822,28,-0.6204,47,0.15768,31,-0.5081,21,-1.0375,50,0.25769,23,-0.9139,49,0.23673
ENSG00000185127,C6orf120,4,-2.3316,25,0.29965,37,0.93682,17,-0.3589,13,-0.7274,22,0.06871,10,-1.0780,22,0.06457,25,0.30263,34,0.78928
ENSG00000130024,PHF10,105,1.52374,60,0.53261,41,-0.0944,22,-1.0119,28,-0.6827,44,0.01433,39,-0.1557,27,-0.7255,29,-0.6214,37,-0.2349
ENSG00000112584,FAM120B,32,-0.1391,61,0.92287,45,0.43709,27,-0.3944,42,0.30815,30,-0.2164,23,-0.6524,18,-1.0097,18,-0.9747,51,0.61704
ENSG00000008018,PSMB1,123,-0.0283,122,-0.0377,160,0.40181,144,0.22553,164,0.44244,117,-0.1100,75,-0.7936,81,-0.6741,121,-0.0588,144,0.22382
ENSG00000071994,PDCD2,28,-0.4221,55,0.65229,32,-0.2193,29,-0.3772,34,-0.1405,50,0.49088,22,-0.7690,30,-0.2961,29,-0.3968,59,0.77971
ENSG00000177706,FAM20C,66,0.79142,33,-0.3224,28,-0.5920,36,-0.1836,22,-0.9543,47,0.20468,37,-0.1416,32,-0.3949,29,-0.5366,79,1.08757
ENSG00000197461,PDGFA,34,0.01549,52,0.70418,28,-0.3041,31,-0.1209,37,0.13457,29,-0.2490,27,-0.3393,23,-0.5988,51,0.68218,26,-0.4362
ENSG00000188191,PRKAR1B,119,-2.2886,649,0.31226,629,0.26005,638,0.28373,883,0.82894,674,0.37317,507,-0.0859,363,-0.6088,549,0.04165,342,-0.7004
ENSG00000164828,SUN1,69,0.21090,73,0.28853,98,0.78684,64,0.08683,60,-0.0137,35,-0.8333,32,-0.9675,57,-0.1027,43,-0.5313,75,0.34102
ENSG00000105963,ADAP1,150,0.80903,86,-0.0969,73,-0.3721,89,-0.0499,83,-0.1577,139,0.67949,100,0.13444,42,-1.2053,66,-0.5156,91,-0.0240
ENSG00000146540,C7orf50,100,0.23019,108,0.35100,130,0.66092,53,-0.7771,90,0.05936,64,-0.4815,97,0.17492,64,-0.4794,74,-0.2515,89,0.03408
ENSG00000178381,ZFAND2A,24,-0.7624,48,0.31282,43,0.14443,45,0.20682,42,0.11997,61,0.72749,36,-0.1394,30,-0.4324,31,-0.3881,33,-0.2559
ENSG00000164877,MICALL2,59,1.94864,23,0.29678,11,-0.9027,13,-0.5641,28,0.59339,12,-0.7359,14,-0.4981,20,0.00945,9,-1.1408,5,-2.0496
ENSG00000164880,INTS1,91,0.12130,48,-0.8737,131,0.71848,81,-0.0653,84,-0.0176,49,-0.8337,98,0.23377,61,-0.5234,80,-0.0915,123,0.61132
ENSG00000198517,MAFK,65,1.15996,9,-1.9107,53,0.79800,32,-0.0037,39,0.29970,15,-1.1635,26,-0.3319,25,-0.3845,20,-0.7689,40,0.32791
ENSG00000157778,PSMG3,6,-3.2793,84,0.61516,70,0.32866,84,0.62132,77,0.48657,69,0.29738,43,-0.4518,36,-0.7405,62,0.12051,43,-0.4605
ENSG00000002822,MAD1L1,20,-0.1447,17,-0.4017,21,-0.1264,23,0.07088,22,-0.0029,37,0.83691,20,-0.1893,16,-0.5168,22,-0.0510,25,0.16940
ENSG00000122687,MRM2,32,0.69036,17,-0.3031,22,0.07358,25,0.27362,30,0.55877,18,-0.2703,17,-0.3072,12,-0.8752,13,-0.7391,24,0.23048
ENSG00000106263,EIF3B,65,0.16267,37,-0.7116,70,0.26962,82,0.52146,66,0.17050,77,0.41683,57,-0.0475,52,-0.2122,42,-0.5237,43,-0.4855
ENSG00000136213,CHST12,15,-0.1529,32,1.12520,24,0.64002,30,0.97867,9,-0.8474,6,-1.4928,8,-0.9709,16,-0.0419,9,-0.8797,13,-0.3017
ENSG00000106009,BRAT1,28,0.37110,31,0.52644,21,-0.0767,18,-0.3038,17,-0.4041,33,0.63411,24,0.07697,23,0.06443,12,-0.9253,15,-0.5688
ENSG00000106012,IQCE,16,-0.5371,15,-0.6269,21,-0.1474,24,0.04291,29,0.37242,23,0.01005,25,0.09266,20,-0.2529,46,1.13425,12,-0.9552
ENSG00000136295,TTYH3,27,-1.4803,58,-0.3040,118,0.84899,58,-0.2967,93,0.44987,117,0.84472,35,-1.0917,70,-0.0079,63,-0.1790,65,-0.1180
ENSG00000146535,GNA12,82,1.54836,36,0.11659,17,-1.0193,23,-0.5884,10,-1.7581,25,-0.4103,37,0.17268,57,0.89519,19,-0.8191,25,-0.4405
ENSG00000164916,FOXK1,43,0.36157,25,-0.4938,43,0.37879,49,0.59346,19,-0.9105,27,-0.3326,36,0.10782,30,-0.1833,36,0.10350,31,-0.1238
ENSG00000242802,AP5Z1,28,0.65476,12,-0.6496,24,0.34949,14,-0.4756,35,1.01673,12,-0.6668,13,-0.5804,12,-0.7088,29,0.67028,10,-0.9345
ENSG00000157954,WIPI2,91,-0.2031,89,-0.2291,144,0.53591,131,0.38855,96,-0.1108,113,0.14707,95,-0.1337,86,-0.2831,88,-0.2529,99,-0.0670
ENSG00000182095,TNRC18,29,-0.6060,49,0.20922,66,0.67514,45,0.06424,29,-0.6404,47,0.13804,33,-0.4455,45,0.05509,32,-0.4760,59,0.49004
ENSG00000155034,FBXL18,14,-1.0979,31,0.16794,40,0.56274,25,-0.2039,20,-0.5532,7,-1.9839,49,0.90774,39,0.50568,38,0.47515,20,-0.5516
ENSG00000075624,ACTB,2257,0.10480,2120,0.00438,2061,-0.0404,2219,0.07780,2769,0.43938,2004,-0.0854,1555,-0.4849,1389,-0.6599,1709,-0.3368,3059,0.60635
ENSG00000075618,FSCN1,268,0.86653,176,0.16253,257,0.79251,122,-0.4177,142,-0.1737,174,0.14818,122,-0.4135,77,-1.1150,134,-0.2719,117,-0.4883
ENSG00000011275,RNF216,50,0.88609,24,-0.2886,34,0.27922,23,-0.3545,22,-0.4141,17,-0.8507,20,-0.5698,31,0.09968,30,0.04872,39,0.46992
ENSG00000122674,CCZ1,19,-0.4580,21,-0.2730,36,0.56963,29,0.20051,26,0.05621,25,-0.0414,17,-0.6104,12,-1.1644,49,1.08014,20,-0.3561
ENSG00000122512,PMS2,22,-0.6404,29,-0.2550,31,-0.1188,44,0.42469,39,0.24398,59,0.92678,40,0.27889,17,-1.0069,20,-0.8246,35,0.07508
ENSG00000106305,AIMP2,12,-0.3774,21,0.50136,15,-0.0489,9,-0.8149,19,0.28218,17,0.14178,16,0.05484,16,0.02379,15,-0.0535,15,-0.0161
ENSG00000086232,EIF2AK1,77,0.22868,63,-0.0926,70,0.07147,70,0.08812,72,0.12961,103,0.71625,70,0.07343,43,-0.6779,33,-1.0826,65,-0.0317
ENSG00000008256,CYTH3,21,-0.5732,50,0.79446,36,0.23394,18,-0.7890,38,0.34850,19,-0.7306,30,-0.0150,30,-0.0368,28,-0.1422,36,0.26774
ENSG00000136238,RAC1,557,0.46853,302,-0.5100,397,-0.0797,421,0.01102,501,0.29390,402,-0.0620,271,-0.6791,339,-0.3288,620,0.64922,367,-0.2052
ENSG00000164535,DAGLB,15,-1.0330,24,-0.2628,51,0.93383,35,0.29959,58,1.16570,17,-0.8152,19,-0.6052,20,-0.5610,21,-0.4850,28,-0.0361
ENSG00000136240,KDELR2,69,0.33640,70,0.35878,47,-0.2705,77,0.52127,61,0.14161,40,-0.5328,23,-1.3327,49,-0.2190,40,-0.5068,83,0.64416
ENSG00000136247,ZDHHC4,24,-0.3785,27,-0.2076,21,-0.6176,40,0.41991,30,-0.0623,34,0.16417,24,-0.3828,31,0.01694,34,0.17188,43,0.53688
ENSG00000146576,C7orf26,25,0.17604,26,0.24708,18,-0.3345,18,-0.3341,46,1.17785,15,-0.6333,12,-0.9970,18,-0.3663,13,-0.8178,34,0.67740
ENSG00000236609,ZNF853,64,1.63807,17,-0.5838,21,-0.2188,18,-0.4985,19,-0.3910,25,0.02173,18,-0.4835,26,0.11673,6,-1.9463,31,0.36679
ENSG00000205903,ZNF316,52,1.26443,17,-0.5973,38,0.71298,16,-0.6887,22,-0.1892,27,0.13355,25,0.02312,21,-0.2169,7,-1.8394,21,-0.2384
ENSG00000164631,ZNF12,13,-0.7889,35,0.74132,24,0.10683,17,-0.4277,16,-0.4805,22,0.01519,24,0.10281,11,-1.0849,38,0.85255,23,0.02507
ENSG00000146574,CCZ1B,33,0.25209,13,-1.1759,40,0.58090,28,-0.0118,27,-0.0270,39,0.55952,12,-1.3273,17,-0.7895,30,0.10868,41,0.61781
ENSG00000106392,C1GALT1,43,1.17679,25,0.23883,22,0.03837,22,0.03201,11,-0.9635,14,-0.6366,23,0.12821,11,-1.0100,16,-0.4622,26,0.33693
ENSG00000164654,MIOS,5,-1.7257,16,-0.0616,24,0.58692,18,0.13820,18,0.18502,25,0.68421,9,-0.9008,12,-0.4450,20,0.33078,17,0.02272
ENSG00000106399,RPA3,17,-1.1951,40,0.08881,31,-0.3196,48,0.37914,56,0.64140,53,0.56743,15,-1.4113,26,-0.5871,48,0.40859,43,0.20357
ENSG00000219545,UMAD1,18,-0.4237,22,-0.1107,23,-0.0148,21,-0.1568,17,-0.4954,29,0.33417,22,-0.1047,18,-0.3722,41,0.94236,22,-0.0666
ENSG00000106415,GLCCI1,12,-1.5143,43,0.42494,36,0.16382,24,-0.4849,63,1.07951,47,0.59514,21,-0.6810,16,-1.0742,44,0.48200,21,-0.6682
ENSG00000003147,ICA1,2,-4.4969,37,-0.2200,49,0.21716,53,0.34041,61,0.57432,50,0.24484,34,-0.3774,18,-1.2869,57,0.46421,67,0.74234
ENSG00000122584,NXPH1,10,-1.8550,60,0.88914,39,0.18771,10,-1.8244,11,-1.7389,84,1.50139,27,-0.4309,33,-0.0841,24,-0.5771,51,0.60935
ENSG00000189043,NDUFA4,445,-2.1236,1885,0.08284,1833,0.03788,1822,0.02807,2000,0.17861,2984,0.84787,1630,-0.1498,1024,-0.8726,2378,0.46314,1903,0.09774
ENSG00000106443,PHF14,42,-0.6709,133,1.23115,76,0.26665,58,-0.1520,65,0.02899,43,-0.6137,46,-0.5328,68,0.08511,64,-0.0139,47,-0.4825
ENSG00000005108,THSD7A,2,-3.1163,44,1.46052,50,1.66722,4,-2.2765,1,-3.6037,6,-1.6497,5,-1.9750,36,1.05743,12,-0.6211,27,0.59817
ENSG00000106460,TMEM106B,80,-0.2655,131,0.52892,106,0.18037,88,-0.1239,90,-0.0736,91,-0.0584,53,-0.9123,104,0.15302,105,0.16957,99,0.06549
ENSG00000122644,ARL4A,12,-1.3501,45,0.66441,81,1.70953,21,-0.5432,14,-1.1861,27,-0.1431,16,-0.9931,31,0.06150,35,0.26535,17,-0.8368
ENSG00000006468,ETV1,15,-1.4047,66,0.84748,9,-2.1886,22,-0.8844,92,1.45686,84,1.28781,34,-0.2112,31,-0.3470,13,-1.7073,25,-0.6857
ENSG00000136267,DGKB,1,-5.7888,69,-0.1659,226,1.91354,103,0.48890,50,-0.6519,63,-0.3003,31,-1.3896,87,0.20518,96,0.37079,37,-1.1007
ENSG00000106524,ANKMY2,16,-1.2029,34,-0.0693,63,0.94941,45,0.36717,35,-0.0436,49,0.49900,28,-0.3831,33,-0.1084,30,-0.2591,24,-0.6465
ENSG00000136261,BZW2,7,-2.2671,31,-0.0034,39,0.35021,36,0.24046,43,0.53444,17,-0.9072,34,0.12928,20,-0.6894,41,0.45095,43,0.53085
ENSG00000106537,TSPAN13,17,-3.3195,115,-0.5081,244,0.69961,262,0.82204,207,0.42518,215,0.48808,95,-0.8095,75,-1.1582,220,0.52717,143,-0.1721
ENSG00000071189,SNX13,41,-0.0865,52,0.28849,55,0.38760,74,0.87511,50,0.20865,35,-0.3363,20,-1.2019,30,-0.5633,29,-0.6304,49,0.18168
ENSG00000048052,HDAC9,13,-1.6785,45,0.19474,17,-1.3294,37,-0.1395,40,-0.0204,26,-0.6863,46,0.22583,41,0.04541,60,0.64592,77,1.08146
ENSG00000173452,TMEM196,0,-7.0794,14,-0.2877,47,1.76176,11,-0.6280,3,-2.6324,9,-0.9729,10,-0.7196,17,-0.0140,18,0.09528,40,1.47023
ENSG00000105855,ITGB8,113,1.65410,35,-0.3158,37,-0.2480,22,-1.0600,17,-1.3912,41,-0.0986,21,-1.0785,70,0.79903,36,-0.2689,40,-0.1374
ENSG00000136237,RAPGEF5,228,0.79497,78,-0.9194,254,0.97982,194,0.51647,160,0.20647,129,-0.1468,102,-0.5137,51,-1.5460,133,-0.0969,82,-0.8466
ENSG00000196683,TOMM7,620,0.31110,702,0.51746,444,-0.2237,323,-0.7223,471,-0.1321,513,0.00530,424,-0.2969,430,-0.2745,557,0.13550,632,0.34170
ENSG00000122550,KLHL7,17,-1.2535,26,-0.6263,44,0.18379,50,0.40048,51,0.43047,54,0.50951,26,-0.6632,23,-0.8069,42,0.10389,59,0.66283
ENSG00000136243,NUP42,31,0.09820,24,-0.2508,38,0.45499,13,-1.2490,42,0.62476,33,0.23769,26,-0.1720,25,-0.2379,16,-0.9392,40,0.53559
ENSG00000136235,GPNMB,5,-2.1669,7,-1.6676,28,0.34518,11,-1.0910,4,-2.4168,14,-0.7525,21,-0.0992,36,0.74859,20,-0.2258,80,2.26726
ENSG00000156928,MALSU1,31,-0.5773,93,1.20737,48,0.08676,52,0.23261,44,-0.0346,52,0.22881,35,-0.4083,22,-1.1035,50,0.16158,25,-0.9199
ENSG00000164548,TRA2A,109,1.00727,74,0.35379,63,0.09813,54,-0.1403,70,0.26395,56,-0.0895,34,-0.8520,45,-0.4302,30,-1.0251,58,-0.0482
ENSG00000188732,FAM221A,50,1.18390,49,1.16612,24,-0.0581,17,-0.5554,11,-1.2248,32,0.43819,16,-0.6795,10,-1.3737,15,-0.7135,21,-0.2312
ENSG00000122585,NPY,88,-0.5287,0,-10.505,0,-11.375,0,-10.683,0,-11.152,1127,6.59380,0,-11.042,16,-3.0445,0,-10.732,0,-10.366
ENSG00000105926,MPP6,13,-1.7321,53,0.34535,83,1.12177,32,-0.4551,24,-0.8557,47,0.15018,24,-0.8898,45,0.09117,34,-0.3694,71,0.83101
ENSG00000105928,GSDME,11,-0.7805,13,-0.4912,50,1.72511,13,-0.5506,9,-1.1219,17,-0.0700,6,-1.6954,11,-0.7521,26,0.58178,27,0.60897
ENSG00000070882,OSBPL3,1,-4.6500,30,0.43479,20,-0.2419,21,-0.1528,16,-0.5238,24,0.05045,36,0.71425,20,-0.1901,29,0.37714,33,0.60185
ENSG00000172115,CYCS,108,-1.8709,355,-0.0528,462,0.37486,456,0.35279,439,0.29131,508,0.53292,371,0.01926,260,-0.5383,343,-0.1060,365,-0.0076
ENSG00000122566,HNRNPA2B1,455,0.50098,401,0.29509,399,0.28524,299,-0.1798,381,0.21099,275,-0.3077,225,-0.6203,243,-0.5023,308,-0.1329,358,0.11026
ENSG00000122565,CBX3,77,-0.3773,101,0.06455,102,0.07667,108,0.17161,105,0.12637,163,0.84505,66,-0.6179,83,-0.2601,95,-0.0449,75,-0.4175
ENSG00000086300,SNX10,11,-4.3345,163,-0.3918,156,-0.4552,328,0.74117,369,0.94844,362,0.91591,233,0.17811,99,-1.1618,212,0.02210,156,-0.4626
ENSG00000005020,SKAP2,14,-1.2472,13,-1.2790,42,0.49037,26,-0.2578,50,0.79903,61,1.13102,20,-0.6859,25,-0.3294,22,-0.5270,36,0.24428
ENSG00000106049,HIBADH,10,-0.9168,25,0.54792,13,-0.4939,26,0.61125,10,-0.8223,27,0.70043,21,0.28429,16,-0.1963,9,-0.9343,20,0.18071
ENSG00000106052,TAX1BP1,90,-0.7812,133,-0.1814,135,-0.1521,184,0.34590,154,0.05416,164,0.15623,122,-0.3126,128,-0.2432,208,0.54538,170,0.21615
ENSG00000153814,JAZF1,28,-1.3243,60,-0.1443,58,-0.2088,86,0.43313,97,0.62878,75,0.21281,76,0.22694,30,-1.1786,51,-0.3980,97,0.64109
ENSG00000255690,TRIL,69,0.54006,70,0.57937,29,-0.8074,31,-0.6977,29,-0.8253,22,-1.2002,51,0.04113,103,1.24838,23,-1.1761,65,0.44371
ENSG00000122574,WIPF3,11,-1.7942,21,-0.8405,69,1.08162,56,0.72451,23,-0.7141,35,-0.0224,28,-0.3616,30,-0.2868,58,0.79948,28,-0.3958
ENSG00000136193,SCRN1,99,-1.0282,204,0.10493,250,0.43250,208,0.13769,202,0.08328,193,0.01436,170,-0.1853,157,-0.3116,229,0.29312,201,0.07904
ENSG00000180354,MTURN,3400,3.44479,422,-0.6059,311,-1.0724,367,-0.8192,275,-1.2617,188,-1.8254,372,-0.8017,331,-0.9784,284,-1.2104,256,-1.3687
ENSG00000006625,GGCT,17,-1.9617,20,-1.7728,146,1.41858,113,0.95920,96,0.68177,73,0.22697,49,-0.3926,39,-0.7660,59,-0.1177,22,-1.5932
ENSG00000106105,GARS,26,-1.8086,78,-0.1470,131,0.69065,106,0.33430,102,0.27812,135,0.73560,55,-0.7038,40,-1.1775,125,0.60397,63,-0.4944
ENSG00000240583,AQP1,590,7.78878,0,-7.7799,9,-2.8476,0,-8.5713,2,-4.8046,0,-8.0327,1,-5.2759,7,-3.1339,0,-8.4534,1,-5.1832
ENSG00000078549,ADCYAP1R1,84,0.09539,130,0.81126,43,-0.9371,49,-0.7599,41,-1.0182,75,-0.0986,76,-0.0638,146,1.00508,52,-0.6657,99,0.35472
ENSG00000164600,NEUROD6,7,-3.6269,77,-0.1236,26,-1.7684,130,0.73781,269,2.10624,101,0.32120,77,-0.1207,27,-1.7309,75,-0.1576,41,-1.0950
ENSG00000154678,PDE1C,115,2.13016,24,-0.5712,20,-0.8118,41,0.25369,29,-0.2851,50,0.57865,16,-1.1760,13,-1.4980,24,-0.5845,16,-1.1689
ENSG00000106355,LSM5,37,-0.2782,26,-0.8518,48,0.11190,49,0.13837,50,0.17486,55,0.33257,50,0.16217,37,-0.3108,42,-0.1146,55,0.32051
ENSG00000105778,AVL9,29,-1.0910,67,0.21450,45,-0.4172,85,0.61619,72,0.33460,75,0.39636,58,-0.0235,42,-0.5339,46,-0.3667,67,0.21538
ENSG00000170852,KBTBD2,31,-0.2463,54,0.64975,38,0.06033,29,-0.3549,48,0.44755,52,0.60242,30,-0.2969,14,-1.4613,41,0.18236,26,-0.5067
ENSG00000122642,FKBP9,20,-1.1273,75,0.92193,26,-0.7778,28,-0.6742,33,-0.3886,35,-0.3067,51,0.28007,59,0.52367,34,-0.3395,66,0.70944
ENSG00000122643,NT5C3A,12,-0.9319,24,0.09563,29,0.41148,35,0.70554,32,0.57355,26,0.21197,16,-0.5426,14,-0.7264,19,-0.2183,18,-0.3578
ENSG00000164610,RP9,25,0.22805,27,0.31879,20,-0.1344,16,-0.4861,16,-0.4983,14,-0.6927,19,-0.2471,18,-0.3275,28,0.42657,36,0.81577
ENSG00000164619,BMPER,2,-2.9894,35,1.07580,28,0.69925,15,-0.3000,31,0.82215,28,0.69511,13,-0.4913,11,-0.7848,12,-0.6058,8,-1.3310
ENSG00000173852,DPY19L1,15,-1.9111,82,0.71913,15,-1.9060,39,-0.4592,138,1.67011,117,1.35529,29,-0.9129,27,-1.0073,35,-0.6407,29,-0.9081
ENSG00000122557,HERPUD2,16,-0.7277,53,1.20773,25,-0.0272,25,-0.0197,13,-1.0623,37,0.60761,10,-1.3689,34,0.46572,15,-0.8515,28,0.12717
ENSG00000122545,SEPTIN7,949,0.94428,534,-0.0128,427,-0.3662,442,-0.3151,768,0.58028,624,0.23771,374,-0.5721,427,-0.3677,444,-0.3079,398,-0.4791
ENSG00000011426,ANLN,324,4.72351,29,-0.6309,7,-2.7600,8,-2.4958,6,-2.8680,22,-1.0339,8,-2.4873,10,-2.1576,9,-2.3341,8,-2.4488
ENSG00000155849,ELMO1,112,-0.6935,112,-0.6982,206,0.26559,226,0.41794,202,0.23315,252,0.59625,189,0.12507,95,-0.9481,197,0.19182,157,-0.1670
ENSG00000086289,EPDR1,28,-2.3152,90,-0.5903,82,-0.7293,205,0.73326,242,1.02321,298,1.39807,102,-0.3986,62,-1.1521,135,0.04624,68,-1.0266
ENSG00000010270,STARD3NL,15,-1.8919,42,-0.3923,53,-0.0148,43,-0.3433,69,0.41116,78,0.62300,61,0.20556,36,-0.6316,79,0.63896,59,0.16014
ENSG00000078053,AMPH,20,-3.0557,147,-0.0592,162,0.09653,165,0.12496,248,0.80094,217,0.57507,122,-0.3558,81,-0.9863,217,0.57276,149,-0.0459
ENSG00000006715,VPS41,67,-0.4526,95,0.10095,71,-0.3575,97,0.14311,152,0.89176,122,0.51562,65,-0.4783,61,-0.5991,77,-0.2177,82,-0.1343
ENSG00000006451,RALA,56,0.47276,50,0.31242,38,-0.1193,33,-0.3506,44,0.10836,24,-0.8166,32,-0.4044,40,-0.0708,55,0.45355,42,0.01155
ENSG00000065883,CDK13,27,-0.2710,31,-0.0987,36,0.15981,38,0.23641,29,-0.2042,20,-0.7249,26,-0.3548,27,-0.2851,47,0.59033,45,0.52388
ENSG00000168303,MPLKIP,35,0.46621,56,1.29398,28,0.11062,15,-0.8797,10,-1.3636,21,-0.3067,8,-1.7087,26,-0.0099,38,0.61183,23,-0.2120
ENSG00000136197,C7orf25,4,-1.8096,5,-1.5755,24,0.70641,21,0.54058,31,1.14102,30,1.12588,12,-0.4013,10,-0.6894,4,-1.8187,12,-0.4306
ENSG00000106588,PSMA2,66,-0.5613,80,-0.2697,105,0.16431,142,0.65825,107,0.20041,82,-0.2248,81,-0.2417,70,-0.4742,105,0.16899,109,0.22063
ENSG00000106591,MRPL32,26,-0.6473,46,0.22689,57,0.56048,34,-0.2400,57,0.56646,42,0.06566,22,-0.9110,30,-0.4313,17,-1.2703,69,0.88743
ENSG00000002746,HECW1,3,-3.7806,58,0.27441,41,-0.2870,67,0.50314,77,0.75036,57,0.23516,62,0.37244,30,-0.7567,59,0.30504,35,-0.5029
ENSG00000106603,COA1,26,-1.1896,81,0.59213,63,0.18435,48,-0.2651,76,0.47938,80,0.57724,44,-0.3979,28,-1.0695,72,0.39833,46,-0.3296
ENSG00000106605,BLVRA,15,-1.9023,63,0.29258,44,-0.2863,77,0.63507,82,0.72855,73,0.53447,52,-0.0160,34,-0.6652,33,-0.7178,52,-0.0192
ENSG00000062582,MRPS24,64,-0.6214,108,0.19003,119,0.34683,85,-0.1844,131,0.51291,93,-0.0539,89,-0.1153,74,-0.4002,76,-0.3619,118,0.34220
ENSG00000106608,URGCP,19,-1.0926,47,0.30092,38,-0.0525,85,1.30952,33,-0.2780,49,0.36744,23,-0.8397,27,-0.5633,29,-0.4455,41,0.06685
ENSG00000078967,UBE2D4,26,-0.0668,33,0.30820,32,0.28129,22,-0.3295,27,0.02125,28,0.05444,25,-0.1068,30,0.14687,19,-0.5042,28,0.03886
ENSG00000136279,DBNL,87,0.30443,67,-0.1242,101,0.54109,74,0.03576,56,-0.3969,93,0.40842,88,0.30845,51,-0.5318,62,-0.2313,43,-0.7925
ENSG00000106628,POLD2,72,1.01357,41,0.05014,45,0.22959,20,-0.9966,32,-0.3042,36,-0.1542,43,0.14759,38,-0.0577,29,-0.4945,37,-0.1139
ENSG00000106636,YKT6,51,0.08980,28,-0.8530,49,0.04444,71,0.64800,38,-0.3482,78,0.79178,30,-0.7227,44,-0.1505,43,-0.1552,47,-0.0191
ENSG00000058404,CAMK2B,101,-1.9899,400,0.12203,564,0.68934,530,0.58451,392,0.09132,379,0.03629,330,-0.1837,324,-0.2139,368,-0.0137,320,-0.2335
ENSG00000015676,NUDCD3,95,-0.8759,145,-0.2112,190,0.21990,223,0.47730,194,0.25302,201,0.31001,156,-0.0997,127,-0.4285,147,-0.1913,183,0.15249
ENSG00000136271,DDX56,33,0.10474,28,-0.1728,49,0.76630,27,-0.2303,35,0.19640,38,0.33434,18,-0.8417,25,-0.3311,39,0.39072,17,-0.9168
ENSG00000158604,TMED4,73,0.02583,83,0.24403,79,0.15669,50,-0.5622,46,-0.6674,91,0.38583,38,-0.9810,48,-0.6066,100,0.55059,106,0.65008
ENSG00000105953,OGDH,40,-0.9992,73,-0.0835,88,0.21787,70,-0.1406,117,0.69807,80,0.06946,82,0.10008,52,-0.6132,56,-0.5019,109,0.57961
ENSG00000122515,ZMIZ2,52,-0.2508,46,-0.4313,62,0.02313,69,0.20933,42,-0.5740,58,-0.0606,55,-0.1659,76,0.36812,63,0.06081,84,0.52762
ENSG00000196262,PPIA,1153,-0.4519,1490,-0.0472,1838,0.29164,1858,0.30955,2248,0.62701,2212,0.59960,1566,0.03185,779,-1.0545,1181,-0.4139,1024,-0.6366
ENSG00000105968,H2AFV,207,0.33503,222,0.45012,150,-0.1866,168,-0.0012,132,-0.3862,121,-0.5192,148,-0.2050,158,-0.0965,158,-0.1022,219,0.43081
ENSG00000146676,PURB,35,-0.8762,92,0.66823,92,0.65234,40,-0.6531,54,-0.2143,38,-0.7294,53,-0.2270,79,0.39857,88,0.58421,43,-0.5457
ENSG00000232956,SNHG15,14,-0.8096,39,0.85544,24,0.04964,20,-0.2667,23,-0.0314,48,1.20132,13,-0.8627,17,-0.4710,15,-0.6468,20,-0.2453
ENSG00000136280,CCM2,75,0.10036,67,-0.0708,50,-0.5143,89,0.39175,91,0.42772,59,-0.2841,99,0.56457,60,-0.2443,57,-0.3207,53,-0.4285
ENSG00000136274,NACAD,119,1.11451,42,-0.5969,48,-0.3685,41,-0.6092,71,0.23552,77,0.37273,55,-0.1698,38,-0.7469,74,0.29624,47,-0.4133
ENSG00000136270,TBRG4,23,-0.4156,27,-0.1338,31,0.07235,31,0.06374,25,-0.2824,44,0.63479,33,0.15991,14,-1.1650,33,0.17561,37,0.32950
ENSG00000164742,ADCY1,36,-2.3223,158,-0.0997,312,1.03469,223,0.46086,154,-0.1391,144,-0.2407,205,0.31707,155,-0.1280,122,-0.5077,172,0.03626
ENSG00000136205,TNS3,21,-0.8727,45,0.34237,33,-0.1552,16,-1.2018,18,-1.0341,17,-1.1678,37,0.01639,102,1.79838,33,-0.1314,41,0.18365
ENSG00000183696,UPP1,32,0.57322,8,-1.5209,21,-0.1229,28,0.35101,19,-0.2728,29,0.39758,25,0.13921,15,-0.5789,26,0.21606,22,-0.0051
ENSG00000188730,VWC2,14,-1.2573,92,1.89806,14,-1.2337,23,-0.4503,17,-0.9058,30,-0.0729,25,-0.3481,13,-1.2727,42,0.47730,42,0.46144
ENSG00000106070,GRB10,50,0.48321,25,-0.6361,52,0.55110,41,0.16455,37,0.00674,30,-0.3355,34,-0.1241,30,-0.3282,35,-0.0943,37,-0.0217
ENSG00000106078,COBL,238,1.55965,80,-0.2882,83,-0.2226,118,0.33516,86,-0.1666,79,-0.2986,49,-1.0266,79,-0.2988,98,0.03077,48,-1.0606
ENSG00000170419,VSTM2A,8,-4.0602,87,-0.5775,236,1.05464,145,0.22371,62,-1.1015,142,0.19096,79,-0.7306,95,-0.4488,216,0.89701,190,0.67259
ENSG00000132432,SEC61G,92,-1.0817,211,0.20602,194,0.06812,279,0.67140,193,0.06356,222,0.28921,142,-0.4240,151,-0.3310,161,-0.2249,211,0.20874
ENSG00000146648,EGFR,18,-0.1520,25,0.33597,16,-0.3687,9,-1.1635,19,-0.0890,5,-2.0051,22,0.12437,36,0.96241,5,-1.9325,45,1.37571
ENSG00000132434,LANCL2,45,-0.6966,48,-0.6253,102,0.59449,104,0.61566,74,0.06470,92,0.41123,59,-0.3062,58,-0.3201,51,-0.5340,79,0.17142
ENSG00000154978,VOPP1,51,-0.8811,127,0.54966,98,0.13028,83,-0.1389,130,0.58939,93,0.04423,68,-0.4427,76,-0.2773,90,-0.0007,88,-0.0388
ENSG00000146729,NIPSNAP2,57,-0.6727,99,0.20156,101,0.22287,93,0.09426,101,0.23639,87,-0.0053,87,-0.0152,91,0.06062,90,0.04639,69,-0.3639
ENSG00000239789,MRPS17,22,-1.0200,50,0.26688,49,0.24161,54,0.39632,48,0.20777,44,0.08063,57,0.49123,26,-0.7764,52,0.32435,21,-1.0954
ENSG00000146731,CCT6A,101,-0.2545,116,-0.0366,120,0.00531,181,0.68753,95,-0.3487,192,0.78457,84,-0.5426,61,-1.0327,121,0.02293,119,0.00357
ENSG00000129103,SUMF2,31,-0.4878,52,0.34339,51,0.30353,31,-0.4642,44,0.08437,55,0.42695,32,-0.4414,48,0.21641,30,-0.5049,46,0.15317
ENSG00000106153,CHCHD2,352,-0.7018,664,0.30287,564,0.03851,661,0.29708,467,-0.2615,661,0.29766,436,-0.3673,449,-0.3218,663,0.30034,587,0.10409
ENSG00000173041,ZNF680,18,0.04404,10,-0.7785,26,0.66820,10,-0.8617,22,0.39341,15,-0.2543,14,-0.3381,24,0.51258,12,-0.5276,22,0.38808
ENSG00000196715,VKORC1L1,33,-0.7093,45,-0.2163,69,0.47331,74,0.57683,50,-0.0474,54,0.05786,41,-0.3584,33,-0.6901,69,0.47005,49,-0.0826
ENSG00000126522,ASL,21,0.11262,25,0.42128,18,-0.1052,29,0.65641,22,0.19075,26,0.48390,14,-0.5184,13,-0.6171,11,-0.8774,15,-0.4139
ENSG00000241258,CRCP,17,-0.3489,9,-1.1878,29,0.54006,23,0.14064,21,0.00037,22,0.08830,28,0.48895,10,-1.1471,21,-0.0176,29,0.52443
ENSG00000169902,TPST1,16,-0.5250,19,-0.2952,16,-0.5591,36,0.74702,26,0.26159,22,-0.0305,19,-0.2698,11,-1.0990,19,-0.2891,42,1.03352
ENSG00000154710,RABGEF1,24,-0.8300,69,0.83779,45,0.12815,47,0.18400,65,0.73532,52,0.37065,31,-0.4740,31,-0.4606,25,-0.7822,26,-0.7015
ENSG00000106609,TMEM248,58,-0.8764,97,-0.0787,131,0.41441,142,0.55134,102,0.01134,116,0.21401,77,-0.4358,83,-0.3137,92,-0.1484,117,0.22267
ENSG00000126524,SBDS,149,0.33561,130,0.10837,164,0.48940,102,-0.2778,142,0.25512,120,-0.0171,75,-0.7451,84,-0.5743,120,-0.0112,127,0.06691
ENSG00000158321,AUTS2,25,-0.4483,37,0.14140,18,-0.9399,28,-0.2993,61,0.99568,21,-0.6848,31,-0.1097,47,0.56668,30,-0.1436,35,0.09193
ENSG00000185274,GALNT17,13,-3.2670,104,-0.1340,149,0.44824,151,0.46996,230,1.19270,95,-0.2772,112,-0.0230,66,-0.8417,92,-0.3221,121,0.10194
ENSG00000183166,CALN1,22,-0.4776,47,0.75413,35,0.27921,36,0.30494,24,-0.3434,14,-1.0878,21,-0.5175,29,-0.0248,42,0.56718,26,-0.2266
ENSG00000196313,POM121,16,-0.8917,28,-0.0365,46,0.76504,20,-0.5996,27,-0.1088,57,1.11432,19,-0.6614,26,-0.1755,33,0.20357,18,-0.7332
ENSG00000130305,NSUN5,59,0.84283,51,0.59175,51,0.60464,31,-0.2131,33,-0.0987,41,0.22504,19,-0.9437,22,-0.7419,20,-0.9047,27,-0.4234
ENSG00000009954,BAZ1B,39,-0.2205,52,0.23329,37,-0.2906,44,-0.0504,40,-0.1711,63,0.54646,35,-0.3957,51,0.21221,43,-0.0791,45,0.01162
ENSG00000106635,BCL7B,34,-0.5760,31,-0.6858,69,0.57131,53,0.12955,58,0.29003,71,0.61073,55,0.20079,40,-0.3253,39,-0.3381,37,-0.4381
ENSG00000009950,MLXIPL,39,1.41567,10,-0.7822,18,0.07042,16,-0.0607,20,0.29032,26,0.71697,13,-0.4128,14,-0.3001,9,-1.0066,4,-2.1975
ENSG00000176410,DNAJC30,30,-0.2739,45,0.40046,45,0.40741,28,-0.3661,49,0.51831,36,0.01951,25,-0.5370,21,-0.7704,34,-0.0672,40,0.20380
ENSG00000071462,BUD23,53,0.17774,51,0.11769,65,0.50972,64,0.49530,52,0.16509,68,0.59268,36,-0.4208,34,-0.5239,24,-1.0295,25,-0.9472
ENSG00000106089,STX1A,74,-1.3401,161,-0.1402,225,0.40065,203,0.22929,420,1.49504,231,0.44325,133,-0.4377,90,-1.0416,128,-0.4954,94,-0.9780
ENSG00000106683,LIMK1,22,-1.5908,47,-0.4577,31,-1.1007,88,0.53886,82,0.41015,109,0.89348,109,0.88854,40,-0.7198,58,-0.1321,48,-0.4393
ENSG00000106682,EIF4H,208,-0.5450,392,0.46647,335,0.20605,351,0.28047,382,0.42035,299,0.02052,217,-0.4823,197,-0.6334,383,0.42682,184,-0.7386
ENSG00000106665,CLIP2,207,1.38689,67,-0.4899,63,-0.5806,77,-0.2748,94,0.03533,98,0.10838,108,0.25649,60,-0.6735,50,-0.9445,94,0.03467
ENSG00000263001,GTF2I,681,0.72167,466,0.09258,383,-0.2212,473,0.11837,422,-0.0650,450,0.03717,327,-0.4681,361,-0.3147,440,0.00154,395,-0.1721
ENSG00000274070,CASTOR2,71,0.21442,98,0.74463,45,-0.5164,45,-0.5269,78,0.35908,41,-0.6602,68,0.12658,64,0.02573,60,-0.0778,56,-0.1729
ENSG00000274523,RCC1L,32,0.71500,17,-0.3323,27,0.45044,17,-0.2726,17,-0.2792,13,-0.7129,21,0.00374,25,0.31928,19,-0.1057,18,-0.2460
ENSG00000272391,POM121C,16,-1.0227,40,0.36135,41,0.40178,23,-0.5038,40,0.38819,43,0.48274,19,-0.7767,15,-1.1399,21,-0.6445,59,1.03978
ENSG00000005486,RHBDD2,137,-1.3574,298,-0.1619,509,0.71235,346,0.07418,527,0.77263,475,0.59425,271,-0.3147,218,-0.6528,228,-0.5849,295,-0.1820
ENSG00000127948,POR,24,-0.8037,25,-0.7903,61,0.65336,47,0.21356,51,0.35412,48,0.25925,41,0.01335,54,0.42662,31,-0.4358,28,-0.5959
ENSG00000189077,TMEM120A,30,-0.2850,27,-0.4236,26,-0.5077,49,0.48455,36,0.01558,39,0.14337,19,-0.9851,39,0.11953,16,-1.2546,79,1.32091
ENSG00000146701,MDH2,78,-1.5981,365,0.83256,204,-0.1296,378,0.89211,231,0.07078,222,0.00879,141,-0.7017,129,-0.8392,240,0.12939,222,0.00673
ENSG00000177679,SRRM3,5,-2.3429,27,0.07390,34,0.40143,33,0.36368,37,0.55537,19,-0.4612,24,-0.1294,35,0.46469,25,-0.0544,22,-0.2779
ENSG00000106211,HSPB1,188,0.40372,77,-1.0004,138,-0.0976,159,0.13460,59,-1.4010,99,-0.6119,105,-0.5274,154,0.07653,119,-0.3251,367,1.58788
ENSG00000170027,YWHAG,206,-2.4885,1057,-0.0096,1011,-0.0810,1501,0.56380,1852,0.92330,1630,0.70302,781,-0.4865,631,-0.8170,948,-0.1834,1020,-0.0666
ENSG00000127947,PTPN12,34,0.52237,30,0.34291,32,0.42472,25,0.03187,25,0.06444,25,0.02479,20,-0.2987,19,-0.3705,18,-0.4774,16,-0.6643
ENSG00000187257,RSBN1L,24,-0.4074,30,-0.0391,36,0.23015,31,-0.0075,14,-1.1570,27,-0.2218,21,-0.6077,34,0.14244,32,0.05551,61,1.12552
ENSG00000135211,TMEM60,7,-1.5751,31,0.58727,22,0.01186,33,0.69843,23,0.09463,20,-0.1544,19,-0.1860,15,-0.5847,21,-0.0334,25,0.22277
ENSG00000006576,PHTF2,28,0.70335,14,-0.4369,32,0.91783,14,-0.4173,15,-0.3157,13,-0.4403,14,-0.3996,7,-1.3943,25,0.49825,20,0.14028
ENSG00000187391,MAGI2,54,-0.3532,72,0.10173,50,-0.4688,96,0.58098,55,-0.3309,59,-0.2191,59,-0.1980,56,-0.2847,67,-0.0060,106,0.74294
ENSG00000234456,MAGI2-AS3,74,1.19276,25,-0.6133,24,-0.6505,24,-0.6472,19,-1.0243,40,0.13314,39,0.08534,30,-0.3291,38,0.08331,53,0.60942
ENSG00000127955,GNAI1,162,0.80087,123,0.33904,126,0.38093,56,-0.9022,83,-0.2843,104,0.07420,62,-0.7457,58,-0.8483,101,0.01912,122,0.32627
ENSG00000075223,SEMA3C,28,0.44554,7,-1.7359,109,3.20596,2,-3.1290,0,-5.0740,1,-4.0040,5,-2.2300,31,0.59381,19,-0.2102,11,-0.9902
ENSG00000153956,CACNA2D1,27,-1.6642,83,0.04101,140,0.90896,63,-0.3857,48,-0.8023,76,-0.1013,46,-0.8796,75,-0.1265,89,0.15434,162,1.16474
ENSG00000186472,PCLO,21,-2.7142,288,1.34351,81,-0.7415,176,0.48303,181,0.53328,160,0.32759,116,-0.1911,87,-0.6380,111,-0.2570,85,-0.6676
ENSG00000198822,GRM3,98,-0.0624,100,-0.0297,73,-0.5135,69,-0.6141,152,0.65831,71,-0.5637,96,-0.0933,109,0.10381,109,0.10498,142,0.53821
ENSG00000164659,KIAA1324L,55,1.53104,12,-0.9755,19,-0.2219,26,0.25350,36,0.78777,24,0.09974,19,-0.2722,12,-0.9226,12,-0.8804,8,-1.5885
ENSG00000135164,DMTF1,37,0.42736,44,0.70663,23,-0.3547,47,0.80096,39,0.49308,29,0.04200,16,-0.8658,21,-0.4916,13,-1.1367,16,-0.8598
ENSG00000105784,RUNDC3B,2,-3.9358,34,0.15551,36,0.23631,24,-0.3780,38,0.34124,45,0.59250,32,0.06057,24,-0.4044,27,-0.2142,47,0.69644
ENSG00000075303,SLC25A40,12,-1.6359,54,0.64297,22,-0.7937,48,0.46701,50,0.51468,42,0.23138,33,-0.1488,20,-0.9102,45,0.34511,37,0.02045
ENSG00000008277,ADAM22,20,-2.3193,136,0.58358,128,0.48066,159,0.85529,101,0.10745,93,-0.0383,44,-1.1975,72,-0.4320,74,-0.3823,122,0.40818
ENSG00000075142,SRI,109,-0.8562,248,0.43757,191,0.00757,173,-0.1418,173,-0.1492,210,0.16676,206,0.13081,211,0.17324,169,-0.1789,205,0.12789
ENSG00000157214,STEAP2,3,-4.1761,53,-0.3107,89,0.53680,88,0.50797,74,0.23526,74,0.22260,64,0.00604,39,-0.7590,97,0.67176,60,-0.1055
ENSG00000157224,CLDN12,5,-2.6323,34,0.08966,42,0.42307,39,0.28034,22,-0.5775,32,-0.0228,26,-0.3434,34,0.08577,39,0.27944,51,0.72749
ENSG00000058091,CDK14,23,-2.6825,206,0.63995,74,-0.9876,199,0.58291,169,0.31505,229,0.82078,168,0.29877,91,-0.6622,175,0.36703,60,-1.3074
ENSG00000127914,AKAP9,32,-0.8260,47,-0.2237,73,0.46594,58,0.10491,76,0.54051,39,-0.5412,51,-0.1080,71,0.42157,33,-0.7820,66,0.30355
ENSG00000001630,CYP51A1,137,-0.0539,177,0.36479,123,-0.2162,147,0.06793,185,0.44040,135,-0.0678,109,-0.4145,127,-0.1639,129,-0.1439,143,0.01782
ENSG00000001629,ANKIB1,68,1.59179,14,-1.0435,36,0.44432,21,-0.3899,23,-0.2247,25,-0.1461,18,-0.6382,42,0.72053,12,-1.2352,12,-1.2736
ENSG00000157259,GATAD1,33,0.27730,39,0.57766,37,0.49762,26,-0.0733,20,-0.4537,30,0.17166,19,-0.5219,14,-1.0268,16,-0.7909,38,0.52471
ENSG00000127993,RBM48,24,0.14658,16,-0.4987,39,0.92749,31,0.54710,19,-0.1856,29,0.43501,12,-0.9392,19,-0.1852,20,-0.1720,11,-1.0695
ENSG00000234545,FAM133B,21,-0.7010,35,0.04677,42,0.35388,34,0.00135,32,-0.1023,25,-0.4381,45,0.48558,44,0.43986,36,0.12502,22,-0.6676
ENSG00000004766,VPS50,21,-1.1697,44,-0.0785,48,0.06493,60,0.41927,68,0.62254,75,0.80152,27,-0.8494,27,-0.8231,64,0.52572,28,-0.7780
ENSG00000127920,GNG11,58,0.92314,38,0.21381,19,-0.8366,16,-1.0657,10,-1.8169,12,-1.5628,31,-0.1286,48,0.61224,26,-0.3948,74,1.34948
ENSG00000127995,CASD1,65,-0.1767,106,0.61870,52,-0.5193,87,0.30009,105,0.61222,76,0.07348,63,-0.2291,57,-0.3751,54,-0.4505,59,-0.3164
ENSG00000127990,SGCE,49,0.22400,47,0.13700,51,0.26903,54,0.38037,47,0.15184,29,-0.6254,25,-0.8247,50,0.23789,30,-0.5561,47,0.14799
ENSG00000242265,PEG10,31,-1.0682,103,0.86077,123,1.17469,38,-0.7211,84,0.52297,58,-0.0808,38,-0.7486,56,-0.1425,25,-1.3518,55,-0.1651
ENSG00000158528,PPP1R9A,37,-1.0120,106,0.63598,103,0.57627,66,-0.1361,105,0.62243,48,-0.6467,66,-0.1487,50,-0.5747,90,0.35946,49,-0.5846
ENSG00000105854,PON2,171,0.68518,123,0.13730,70,-0.7395,62,-0.9181,73,-0.6808,103,-0.1435,77,-0.6033,231,1.20373,53,-1.1671,165,0.62525
ENSG00000158560,DYNC1I1,45,-1.8952,152,-0.0538,132,-0.2788,191,0.30644,290,1.01999,228,0.60426,142,-0.1709,62,-1.4331,164,0.05938,170,0.12525
ENSG00000127922,SEM1,115,0.16124,98,-0.0905,103,-0.0189,104,-0.0027,127,0.31984,97,-0.1167,93,-0.1836,78,-0.4586,126,0.31649,100,-0.0630
ENSG00000231764,DLX6-AS1,4,-2.8911,105,2.02925,24,-0.4940,16,-1.1511,6,-2.5620,11,-1.5925,22,-0.6061,39,0.24299,27,-0.3273,78,1.44979
ENSG00000006128,TAC1,3,-4.4962,125,0.77035,26,-1.6629,17,-2.3014,15,-2.4542,427,3.41740,62,-0.3652,29,-1.5229,42,-0.9623,36,-1.1848
ENSG00000164715,LMTK2,4,-4.0877,74,0.20700,119,1.01377,95,0.62265,82,0.37912,71,0.13943,49,-0.4216,40,-0.7633,58,-0.1665,56,-0.2200
ENSG00000205356,TECPR1,36,-0.0657,33,-0.1904,31,-0.3143,43,0.20239,49,0.42898,52,0.51175,46,0.33075,24,-0.7090,24,-0.7162,39,0.05429
ENSG00000164713,BRI3,80,-0.3107,98,0.01075,115,0.26913,101,0.06776,117,0.29758,91,-0.1039,86,-0.1881,85,-0.2133,69,-0.5346,130,0.46914
ENSG00000106236,NPTX2,5,-3.6043,57,-0.2003,119,1.02227,68,0.09173,166,1.63640,66,0.03805,47,-0.4867,32,-1.0720,37,-0.8738,47,-0.5009
ENSG00000166448,TMEM130,74,-2.2483,261,-0.3572,453,0.53419,565,0.91065,372,0.20861,488,0.65824,285,-0.2209,198,-0.7834,267,-0.3214,306,-0.1050
ENSG00000196367,TRRAP,23,-0.0584,27,0.20076,27,0.20946,17,-0.5212,25,0.07177,33,0.51641,16,-0.5853,23,-0.0909,18,-0.4379,30,0.34564
ENSG00000241685,ARPC1A,52,-1.4212,146,0.16354,171,0.42161,91,-0.5754,136,0.04562,231,0.93066,145,0.15577,68,-1.0326,118,-0.1794,161,0.32103
ENSG00000106244,PDAP1,65,-0.5097,109,0.32040,109,0.31635,115,0.40518,100,0.17553,98,0.13685,69,-0.4197,61,-0.6049,72,-0.3535,99,0.16578
ENSG00000106245,BUD31,56,-0.2208,100,0.71286,66,0.01942,52,-0.3488,84,0.41163,65,0.00333,47,-0.5118,46,-0.5255,48,-0.4688,84,0.42986
ENSG00000160917,CPSF4,31,0.40825,38,0.77178,32,0.45985,22,-0.1016,14,-0.8189,16,-0.6214,17,-0.4855,18,-0.4409,22,-0.1361,28,0.26831
ENSG00000241468,ATP5MF,195,-1.0283,567,0.66482,345,-0.1480,434,0.22106,514,0.49874,482,0.39401,348,-0.1360,250,-0.6511,265,-0.5586,385,0.02582
ENSG00000197343,ZNF655,29,-0.5773,54,0.41240,54,0.42071,45,0.13056,35,-0.2963,49,0.24472,28,-0.6122,41,-0.0496,35,-0.3007,49,0.25667
ENSG00000106261,ZKSCAN1,82,0.72826,77,0.61024,44,-0.2705,35,-0.6342,64,0.31048,37,-0.5341,43,-0.3142,42,-0.3534,43,-0.3057,59,0.17551
ENSG00000168090,COPS6,103,-0.0561,110,0.05864,97,-0.1482,88,-0.2998,129,0.31241,145,0.50597,99,-0.1059,67,-0.7153,95,-0.1796,130,0.32236
ENSG00000106290,TAF6,23,-0.9282,52,0.33864,50,0.28926,43,0.04940,67,0.75985,34,-0.3293,31,-0.4714,45,0.09983,39,-0.1268,36,-0.2324
ENSG00000188186,LAMTOR4,279,0.65893,159,-0.2494,184,-0.0204,217,0.24274,166,-0.1834,211,0.19710,159,-0.2555,146,-0.3836,96,-1.0318,248,0.46615
ENSG00000146826,MAP11,6,-2.4266,35,0.07693,43,0.42940,47,0.56782,31,-0.0738,64,1.09644,24,-0.4612,24,-0.4688,34,0.04873,21,-0.7065
ENSG00000239521,CASTOR3,98,1.03492,55,0.06424,34,-0.6811,54,0.03184,55,0.06880,45,-0.2558,49,-0.1002,31,-0.7985,57,0.12137,48,-0.1267
ENSG00000121716,PILRB,74,1.65535,26,-0.1289,48,0.87543,27,-0.0687,22,-0.3735,27,-0.1005,14,-1.1031,16,-0.8875,13,-1.1873,16,-0.8481
ENSG00000146834,MEPCE,25,-0.5604,22,-0.7404,51,0.59077,29,-0.2977,44,0.34737,74,1.24581,23,-0.6702,20,-0.8623,17,-1.0928,48,0.50922
ENSG00000160813,PPP1R35,16,-0.3269,42,1.26211,35,0.94969,18,-0.1081,15,-0.4008,13,-0.6074,21,0.07846,5,-2.1014,9,-1.1106,22,0.20162
ENSG00000166925,TSC22D4,931,2.57647,193,-0.3004,105,-1.2371,95,-1.3821,71,-1.8247,104,-1.2488,182,-0.3922,275,0.26616,137,-0.8260,240,0.04389
ENSG00000166924,NYAP1,7,-1.5247,30,0.60419,22,0.05972,33,0.74000,32,0.70369,27,0.41386,14,-0.6069,13,-0.7226,15,-0.5497,15,-0.4712
ENSG00000106351,AGFG2,16,-0.2762,16,-0.3450,24,0.36334,26,0.48337,17,-0.1859,12,-0.7386,16,-0.3215,22,0.16126,11,-0.8834,34,0.93909
ENSG00000077080,ACTL6B,4,-3.8552,93,0.68056,95,0.71606,80,0.42020,95,0.70618,85,0.52783,32,-1.0283,42,-0.6004,57,-0.1183,32,-0.9864
ENSG00000172354,GNB2,130,-0.1008,103,-0.4666,156,0.19491,118,-0.2585,172,0.34859,181,0.43125,119,-0.2455,97,-0.5610,109,-0.3716,201,0.60794
ENSG00000146830,GIGYF1,38,0.90634,35,0.73771,20,-0.1762,14,-0.7190,18,-0.2949,14,-0.7134,14,-0.6856,15,-0.6341,25,0.17151,29,0.41980
ENSG00000172336,POP7,16,-1.9897,83,0.54938,74,0.36491,83,0.55080,64,0.13220,80,0.48723,57,-0.0582,39,-0.6361,60,0.01241,36,-0.7864
ENSG00000087087,SRRT,49,0.87854,27,-0.1100,40,0.50618,28,-0.0753,32,0.14866,35,0.30875,12,-1.3405,18,-0.7243,24,-0.2591,24,-0.2640
ENSG00000087085,ACHE,20,-1.1525,43,0.01894,34,-0.3760,44,0.06063,38,-0.1713,107,1.58078,37,-0.2164,10,-2.1020,42,-0.0130,50,0.26150
ENSG00000227053,AC105446.1,0,-6.9491,14,-0.1733,16,0.06497,15,-0.0308,27,0.90695,29,1.01803,19,0.30012,6,-1.4517,26,0.83573,4,-2.0450
ENSG00000106367,AP1S1,39,-2.0820,168,0.15316,243,0.76343,261,0.88161,153,-0.0063,157,0.03548,135,-0.2036,77,-1.0740,130,-0.2623,170,0.16983
ENSG00000128564,VGF,22,-4.0761,287,-0.2819,294,-0.2476,569,0.83772,267,-0.3958,608,0.95197,361,0.08047,168,-1.1053,480,0.54972,376,0.14688
ENSG00000106400,ZNHIT1,139,0.57176,87,-0.1763,168,0.89719,91,-0.1168,69,-0.5530,67,-0.5914,65,-0.6440,91,-0.1187,127,0.42929,74,-0.4361
ENSG00000214253,FIS1,522,1.30282,234,-0.0561,260,0.11531,146,-0.7897,198,-0.3153,236,-0.0385,253,0.07098,147,-0.7790,237,-0.0371,188,-0.3961
ENSG00000128581,IFT22,5,-3.0369,27,-0.5214,51,0.50925,37,-0.0011,30,-0.3484,64,0.87229,40,0.08982,28,-0.4795,45,0.30798,48,0.40894
ENSG00000160963,COL26A1,0,-6.7765,8,-1.7496,79,2.04490,24,-0.0811,35,0.54702,39,0.73986,16,-0.7199,13,-1.0209,24,-0.0457,12,-1.1049
ENSG00000233123,LINC01007,1,-3.9050,6,-1.9079,54,1.40568,38,0.77821,12,-1.0507,22,-0.0782,11,-1.1025,9,-1.3784,59,1.57374,21,-0.1411
ENSG00000257923,CUX1,54,0.74393,32,-0.0963,38,0.16138,46,0.45116,8,-2.0897,18,-0.9884,21,-0.7679,65,1.04515,35,0.04180,27,-0.3997
ENSG00000128563,PRKRIP1,32,0.80612,21,0.09445,18,-0.1189,14,-0.5178,13,-0.6263,34,0.88453,10,-1.0736,13,-0.6685,5,-2.0304,37,1.05082
ENSG00000160991,ORAI2,7,-1.7756,33,0.64287,15,-0.5528,24,0.13408,32,0.61102,22,-0.0069,28,0.38366,21,-0.0917,12,-0.9093,26,0.29682
ENSG00000160993,ALKBH4,4,-2.3717,37,1.06434,29,0.64332,28,0.61894,20,0.02121,21,0.12803,23,0.24728,17,-0.2405,8,-1.2956,8,-1.3633
ENSG00000161036,LRWD1,22,0.45848,22,0.40350,20,0.31525,13,-0.3536,17,-0.0039,16,-0.0357,14,-0.3034,8,-1.1577,19,0.15554,17,0.00392
ENSG00000005075,POLR2J,111,0.68364,69,-0.1020,82,0.18921,85,0.24050,55,-0.4560,73,0.00091,52,-0.5350,99,0.48474,37,-1.0502,69,-0.0890
ENSG00000267368,UPK3BL1,44,0.54438,27,-0.2124,58,1.01046,27,-0.2295,23,-0.4624,29,-0.1182,16,-1.0175,34,0.14660,15,-1.1490,40,0.38661
ENSG00000170632,ARMC10,72,0.25269,41,-0.6268,56,-0.1567,84,0.50222,105,0.87617,66,0.10095,51,-0.3107,31,-1.0698,75,0.30991,37,-0.8014
ENSG00000161048,NAPEPLD,38,-0.6177,76,0.49235,42,-0.4649,65,0.23414,74,0.42867,81,0.58134,51,-0.1490,34,-0.7635,40,-0.5467,63,0.17382
ENSG00000105819,PMPCB,51,-0.4982,53,-0.4218,87,0.36579,86,0.34404,66,-0.0916,87,0.37055,59,-0.2462,56,-0.3399,81,0.24330,69,-0.0158
ENSG00000105821,DNAJC2,9,-1.2591,11,-0.8964,23,0.15962,39,1.06198,27,0.41051,17,-0.2672,21,0.01355,19,-0.1524,19,-0.0917,21,0.01996
ENSG00000161057,PSMC2,38,-1.1649,92,0.22537,80,0.00484,96,0.28760,115,0.58338,126,0.74033,55,-0.6009,63,-0.3748,69,-0.2318,68,-0.2547
ENSG00000189056,RELN,6,-2.6965,130,2.33370,8,-2.2986,1,-5.0579,1,-5.1120,4,-3.2609,0,-5.4413,109,1.96349,2,-3.8382,98,1.74574
ENSG00000164815,ORC5,3,-2.8894,26,0.27033,43,1.14185,25,0.19725,37,0.84644,19,-0.2385,8,-1.4962,19,-0.1907,26,0.26227,13,-0.7903
ENSG00000005483,KMT2E,62,0.21783,57,0.08738,66,0.32644,54,6.51523,43,-0.3409,38,-0.5421,58,0.12419,67,0.34540,46,-0.2352,47,-0.2005
ENSG00000135250,SRPK2,59,-1.6241,166,-0.0443,128,-0.4547,240,0.55450,311,1.00321,223,0.43205,146,-0.2526,143,-0.2851,206,0.30549,86,-1.0618
ENSG00000135249,RINT1,11,-0.6400,12,-0.4835,9,-0.9785,12,-0.5201,17,0.07227,44,1.65372,15,-0.1989,11,-0.6137,19,0.22394,17,0.00144
ENSG00000008282,SYPL1,129,2.19162,30,-0.3771,33,-0.2307,23,-0.7806,14,-1.5172,18,-1.1026,21,-0.8936,48,0.38963,35,-0.1295,28,-0.4546
ENSG00000105835,NAMPT,34,-0.1167,48,0.40432,53,0.56744,37,0.01842,45,0.30538,37,-0.0118,26,-0.5577,37,0.01780,26,-0.5487,27,-0.4663
ENSG00000005249,PRKAR2B,19,-2.4842,108,0.10037,163,0.77569,95,-0.1063,81,-0.3692,145,0.57682,66,-0.6762,72,-0.5463,149,0.61893,120,0.26584
ENSG00000105856,HBP1,41,1.36197,16,-0.2121,17,-0.1153,9,-1.0318,15,-0.3217,23,0.38918,12,-0.6578,24,0.44982,11,-0.8068,14,-0.3575
ENSG00000164597,COG5,21,0.08875,13,-0.6144,28,0.53420,23,0.24548,24,0.32190,19,-0.1010,6,-1.6954,23,0.19474,22,0.15219,20,-0.0006
ENSG00000172209,GPR22,0,-6.4788,52,0.51804,59,0.73071,42,0.18927,48,0.38921,44,0.26044,22,-0.7888,24,-0.6919,57,0.69739,27,-0.5306
ENSG00000075790,BCAP29,56,-1.1696,126,0.09826,105,-0.2015,149,0.37282,150,0.37575,196,0.82787,90,-0.4432,73,-0.7661,136,0.22247,107,-0.1613
ENSG00000233705,SLC26A4-AS1,17,-2.5198,105,0.25783,99,0.15426,98,0.14641,149,0.83738,140,0.73657,81,-0.1623,47,-0.9981,103,0.22263,58,-0.6879
ENSG00000105879,CBLL1,30,0.41026,24,0.07816,17,-0.4845,17,-0.4941,19,-0.2677,20,-0.2135,28,0.28694,17,-0.4550,34,0.60644,25,0.13421
ENSG00000091140,DLD,43,-1.1580,101,0.15467,80,-0.2145,154,0.85906,116,0.38133,115,0.36899,79,-0.2286,65,-0.5286,68,-0.4548,94,0.03717
ENSG00000091136,LAMB1,0,-7.3865,3,-2.5748,71,2.17948,17,-0.3524,10,-1.0629,18,-0.2365,9,-1.3360,14,-0.5913,30,0.58871,37,0.93755
ENSG00000091129,NRCAM,146,-1.3256,433,0.37272,383,0.17063,487,0.56639,571,0.83901,423,0.33330,290,-0.2741,234,-0.6074,197,-0.8722,280,-0.3267
ENSG00000135241,PNPLA8,41,-0.4252,86,0.79002,53,-0.0178,51,-0.0854,69,0.41210,40,-0.4477,44,-0.3033,65,0.32061,42,-0.3856,44,-0.3193
ENSG00000177683,THAP5,35,-0.4166,57,0.36958,49,0.11008,59,0.40184,49,0.11838,52,0.22348,36,-0.3786,34,-0.4648,32,-0.5518,53,0.24528
ENSG00000128590,DNAJB9,14,-2.2484,72,0.26712,57,-0.1150,79,0.41080,76,0.36278,92,0.67590,27,-1.2674,36,-0.8041,108,0.94137,50,-0.3169
ENSG00000173114,LRRN3,19,-1.1208,63,0.72778,30,-0.4498,47,0.24798,57,0.55568,47,0.26568,25,-0.7394,36,-0.1734,50,0.33561,28,-0.5421
ENSG00000128512,DOCK4,42,-0.9296,63,-0.3046,208,1.75459,69,-0.1502,47,-0.7404,52,-0.5833,57,-0.4388,71,-0.1012,85,0.18545,65,-0.2498
ENSG00000198839,ZNF277,5,-1.7582,28,0.84107,31,1.00497,17,0.01183,13,-0.3778,11,-0.6440,10,-0.7431,15,-0.1754,17,0.05846,20,0.27400
ENSG00000006652,IFRD1,41,0.37135,43,0.44460,56,0.88957,29,-0.2001,32,-0.0135,27,-0.2781,19,-0.8000,18,-0.8649,29,-0.1816,31,-0.0941
ENSG00000164603,BMT2,6,-1.4198,6,-1.3263,21,0.53171,22,0.59709,25,0.78086,10,-0.5671,17,0.18246,15,0.02704,10,-0.6826,19,0.38788
ENSG00000164604,GPR85,12,-0.9529,33,0.63934,22,-0.0322,21,-0.0835,17,-0.4007,22,0.01209,19,-0.1888,28,0.40814,31,0.53784,15,-0.5472
ENSG00000214194,SMIM30,19,-0.1702,24,0.24565,24,0.19731,19,-0.1473,27,0.39795,12,-0.8500,21,-0.0188,25,0.24973,18,-0.2133,21,0.01289
ENSG00000105976,MET,4,-2.4548,26,0.23204,6,-1.8406,47,1.24401,27,0.29876,11,-1.0925,13,-0.8618,4,-2.4772,55,1.52978,31,0.50775
ENSG00000198898,CAPZA2,50,-1.9116,162,-0.1242,222,0.38607,260,0.65477,202,0.23514,223,0.39913,195,0.17451,130,-0.4680,187,0.11103,116,-0.6355
ENSG00000004866,ST7,10,-1.2919,24,0.00635,32,0.48690,23,-0.0486,25,0.11935,29,0.31968,20,-0.2800,10,-1.3093,38,0.77509,25,0.13081
ENSG00000077063,CTTNBP2,55,1.40446,40,0.85269,20,-0.2351,12,-1.0460,20,-0.2912,18,-0.3933,14,-0.7979,10,-1.3080,30,0.37715,18,-0.3949
ENSG00000128534,LSM8,33,0.19544,43,0.64361,25,-0.2198,20,-0.5689,21,-0.5174,22,-0.4195,11,-1.5070,36,0.32837,35,0.30783,44,0.69835
ENSG00000184408,KCND2,15,-1.9113,81,0.68108,90,0.86316,59,0.17605,25,-1.1337,34,-0.6906,43,-0.3131,37,-0.5633,98,1.02095,49,-0.1361
ENSG00000196937,FAM3C,34,-2.8568,450,1.12485,246,0.10709,254,0.15843,349,0.68323,394,0.88865,133,-0.8535,118,-1.0454,179,-0.4032,148,-0.6981
ENSG00000106278,PTPRZ1,220,1.04321,164,0.53969,70,-0.8202,71,-0.7986,57,-1.1114,51,-1.2748,96,-0.3283,242,1.21558,54,-1.2158,154,0.43385
ENSG00000081803,CADPS2,9,-2.8407,36,-0.8715,42,-0.6141,126,1.16638,168,1.70294,62,-0.0342,62,-0.0343,31,-1.0913,62,-0.0333,32,-1.0394
ENSG00000128609,NDUFA5,133,-1.3778,401,0.34493,279,-0.2405,391,0.30030,448,0.52724,380,0.25627,348,0.11272,222,-0.5985,401,0.34263,242,-0.4607
ENSG00000106299,WASL,43,-1.7749,168,0.33528,194,0.57738,157,0.22302,135,-0.0122,157,0.22372,122,-0.1760,89,-0.6589,184,0.48708,115,-0.2681
ENSG00000170775,GPR37,352,3.88941,49,-0.2308,6,-3.3476,21,-1.5060,24,-1.2746,35,-0.7495,20,-1.5958,12,-2.2723,17,-1.7925,27,-1.1401
ENSG00000004059,ARF5,42,-1.5597,91,-0.3734,152,0.44069,205,0.95053,141,0.32313,147,0.38989,78,-0.6237,52,-1.2205,120,0.05617,129,0.17432
ENSG00000197157,SND1,50,-0.2117,59,0.03202,71,0.35086,62,0.11497,53,-0.1370,95,0.83637,52,-0.1569,38,-0.6254,41,-0.5106,52,-0.1427
ENSG00000128594,LRRC4,11,-2.2467,47,-0.1662,79,0.67517,61,0.25394,39,-0.4671,81,0.72861,42,-0.3349,38,-0.4820,64,0.34297,58,0.17260
ENSG00000106348,IMPDH1,6,-2.1288,29,0.25315,23,-0.0852,25,0.01079,34,0.52340,36,0.61620,29,0.24106,21,-0.2862,19,-0.4301,26,0.05991
ENSG00000128595,CALU,30,-0.6907,56,0.30848,85,1.02082,33,-0.5249,38,-0.3026,48,0.06041,27,-0.8176,55,0.29482,33,-0.5240,56,0.31615
ENSG00000128596,CCDC136,35,-1.3534,127,0.65868,77,-0.1571,89,0.07991,73,-0.2418,130,0.70124,67,-0.3712,58,-0.5843,80,-0.0875,112,0.44918
ENSG00000128524,ATP6V1F,139,-1.1111,371,0.43202,296,0.06449,394,0.53235,326,0.21916,314,0.15682,236,-0.2985,174,-0.7696,313,0.15405,283,-0.0103
ENSG00000064419,TNPO3,16,-0.3675,22,0.13166,27,0.40915,30,0.58870,17,-0.2570,14,-0.5448,19,-0.1162,11,-0.8913,22,0.09708,27,0.41315
ENSG00000158457,TSPAN33,14,-0.2577,9,-1.0068,29,0.91235,19,0.16556,10,-0.7213,11,-0.6215,17,-0.0144,28,0.82526,13,-0.3722,18,0.08875
ENSG00000158467,AHCYL2,23,-0.5437,18,-0.8900,41,0.33932,30,-0.1394,27,-0.3233,36,0.12897,25,-0.4387,57,0.91169,28,-0.2714,45,0.48880
ENSG00000128578,STRIP2,2,-2.9207,14,-0.1879,37,1.35623,19,0.25809,9,-0.8105,35,1.24897,6,-1.5564,11,-0.6510,18,0.14682,12,-0.4053
ENSG00000186591,UBE2H,66,0.18814,50,-0.2731,68,0.23264,83,0.54825,44,-0.4602,66,0.17076,48,-0.3101,64,0.13367,52,-0.1961,49,-0.2962
ENSG00000128607,KLHDC10,16,-1.5324,50,0.21485,50,0.20169,46,0.07814,72,0.82258,48,0.15186,32,-0.4711,31,-0.5414,59,0.46952,34,-0.3949
ENSG00000106477,CEP41,14,-0.9249,24,-0.0844,41,0.81679,26,0.07945,37,0.60388,30,0.26258,15,-0.7884,25,-0.0357,22,-0.1772,18,-0.5330
ENSG00000106484,MEST,6,-1.9583,28,0.31097,18,-0.3717,19,-0.3063,15,-0.6499,41,0.96843,26,0.21977,17,-0.4717,40,0.90576,19,-0.2812
ENSG00000286214,AUXG01000058.1,55,-1.9323,159,-0.3324,192,-0.0383,247,0.36531,258,0.43984,224,0.20770,264,0.48018,141,-0.5189,233,0.27348,194,-0.0237
ENSG00000231721,LINC-PINT,34,0.62556,17,-0.4219,33,0.56785,39,0.85496,15,-0.6035,24,0.05501,16,-0.5632,16,-0.5144,25,0.11041,11,-1.1561
ENSG00000128585,MKLN1,30,-0.8062,69,0.50034,41,-0.3416,63,0.34300,60,0.28237,46,-0.1413,43,-0.2613,74,0.62122,50,-0.0221,30,-0.7920
ENSG00000128567,PODXL,20,-0.4542,20,-0.4276,44,0.85042,17,-0.7126,11,-1.3601,8,-1.7831,29,0.16212,32,0.29052,26,-0.0351,58,1.32265
ENSG00000221866,PLXNA4,0,-7.0900,55,0.91913,25,-0.3464,48,0.71198,13,-1.2990,34,0.15860,35,0.20206,15,-1.1301,46,0.63454,40,0.41342
ENSG00000106554,CHCHD3,19,-0.6170,52,1.02913,35,0.33732,24,-0.2705,36,0.40138,38,0.48013,13,-1.1198,12,-1.2598,32,0.19518,20,-0.5144
ENSG00000131558,EXOC4,62,0.49185,45,-0.0242,50,0.15244,35,-0.3940,54,0.26351,46,0.02449,41,-0.1532,33,-0.5005,46,0.02773,43,-0.1010
ENSG00000205060,SLC35B4,24,-1.1594,38,-0.4512,80,0.73973,61,0.30971,53,0.07624,56,0.14674,49,-0.0567,48,-0.0707,37,-0.4914,61,0.29657
ENSG00000085662,AKR1B1,65,-1.0193,152,0.30621,135,0.11958,166,0.45567,119,-0.0826,168,0.46868,142,0.19998,85,-0.6175,107,-0.2563,117,-0.1116
ENSG00000172331,BPGM,17,-0.3134,15,-0.4824,22,0.06542,34,0.78715,17,-0.3437,43,1.22794,13,-0.7454,19,-0.1326,9,-1.2940,20,-0.0876
ENSG00000122786,CALD1,41,0.23485,35,-0.0172,11,-1.7094,11,-1.7645,19,-0.9332,14,-1.4226,19,-0.9714,30,-0.2623,12,-1.6188,160,2.89674
ENSG00000080802,CNOT4,19,-0.1316,15,-0.5576,16,-0.4643,17,-0.3463,26,0.34636,16,-0.3757,19,-0.1935,20,-0.1006,33,0.70740,30,0.60016
ENSG00000243317,STMP1,44,0.44055,28,-0.2835,24,-0.5521,34,-0.0062,28,-0.3069,30,-0.1896,32,-0.1122,33,-0.0616,44,0.42994,42,0.35533
ENSG00000105887,MTPN,120,-1.1341,192,-0.4095,344,0.52783,368,0.63916,308,0.34451,268,0.11897,213,-0.2517,229,-0.1313,249,-0.0031,200,-0.3446
ENSG00000105894,PTN,213,0.19185,179,-0.0909,153,-0.3384,109,-0.8560,79,-1.3391,95,-1.0631,161,-0.2517,434,1.42144,132,-0.5676,336,0.95560
ENSG00000157680,DGKI,3,-3.2527,28,-0.0952,51,0.84713,27,-0.1958,39,0.41010,20,-0.6414,34,0.18743,39,0.40817,30,-0.0209,32,0.07223
ENSG00000122779,TRIM24,31,0.71938,21,0.07036,21,0.05625,21,0.09192,20,-0.0139,17,-0.2494,15,-0.4616,22,0.15017,19,-0.0834,13,-0.6188
ENSG00000122778,KIAA1549,19,-0.4955,18,-0.6018,44,0.88024,35,0.47907,41,0.72368,15,-0.8228,21,-0.3608,22,-0.2869,25,-0.0629,21,-0.3254
ENSG00000157741,UBN2,22,0.41482,18,0.02308,21,0.27274,22,0.39679,20,0.23374,30,0.87199,11,-0.7153,18,0.05121,5,-1.6854,6,-1.4527
ENSG00000164898,FMC1,52,0.43123,52,0.44219,40,0.01367,34,-0.2324,34,-0.2376,43,0.11487,23,-0.8554,28,-0.5567,38,-0.0882,54,0.49068
ENSG00000146963,LUC7L2,140,1.45453,73,0.32839,50,-0.2733,40,-0.6114,59,-0.0220,46,-0.4231,38,-0.7208,58,-0.0613,21,-1.6079,73,0.32820
ENSG00000236279,CLEC2L,1,-5.6538,43,-0.4519,49,-0.2460,125,1.31018,102,0.94030,100,0.91728,53,-0.1367,17,-1.8157,57,-0.0266,29,-1.0454
ENSG00000064393,HIPK2,1174,4.47724,46,-1.9331,17,-3.4023,25,-2.8149,47,-1.9154,40,-2.1347,91,-0.9202,105,-0.7004,45,-1.9728,54,-1.6897
ENSG00000157800,SLC37A3,10,-1.1916,12,-0.8785,29,0.44816,21,-0.0587,30,0.55078,30,0.52555,13,-0.7685,23,0.12933,27,0.34310,21,-0.0389
ENSG00000133606,MKRN1,42,-0.9271,110,0.60619,96,0.36830,68,-0.1694,112,0.62403,79,0.06444,60,-0.3648,47,-0.7653,73,-0.0616,74,-0.0409
ENSG00000133597,ADCK2,29,-0.0546,42,0.55233,37,0.34729,37,0.34564,32,0.10609,17,-0.8491,26,-0.2234,20,-0.6205,24,-0.3245,34,0.22544
ENSG00000090266,NDUFB2,299,-0.3491,373,0.00067,388,0.06660,291,-0.3917,427,0.22208,440,0.26945,328,-0.2033,298,-0.3553,366,-0.0275,515,0.53126
ENSG00000157764,BRAF,17,-1.8504,89,0.74469,69,0.31474,67,0.28495,82,0.60056,36,-0.7040,40,-0.5266,39,-0.5631,97,0.89317,29,-1.0227
ENSG00000090263,MRPS33,60,-0.2021,72,0.07304,79,0.22608,72,0.07741,92,0.46788,85,0.35237,42,-0.7685,44,-0.6792,83,0.29804,57,-0.2847
ENSG00000261115,TMEM178B,1,-6.1166,36,-1.1074,110,0.63217,156,1.24256,36,-1.1097,67,-0.1736,56,-0.4604,90,0.30608,123,0.82470,71,-0.0703
ENSG00000006530,AGK,19,-1.1332,28,-0.5313,51,0.41101,47,0.27592,41,0.06359,48,0.32645,22,-0.9132,19,-1.1078,89,1.38425,30,-0.4093
ENSG00000257093,DENND11,83,1.52538,17,-1.0841,28,-0.3076,35,0.06626,26,-0.3940,30,-0.1779,21,-0.7267,27,-0.3837,41,0.28014,32,-0.1055
ENSG00000106028,SSBP1,50,-0.7078,93,0.25748,61,-0.4239,97,0.32899,147,1.03054,53,-0.6417,72,-0.1449,62,-0.3854,94,0.26571,64,-0.3326
ENSG00000270672,MTRNR2L6,33,0.74779,11,-0.8933,12,-0.8664,10,-1.1081,9,-1.2135,5,-2.1806,29,0.54447,49,1.45656,26,0.34252,24,0.20566
ENSG00000211772,TRBC2,1,-3.8031,68,1.77896,17,-0.5831,9,-1.5056,13,-0.9475,64,1.66879,16,-0.6527,16,-0.6608,17,-0.5284,22,-0.1569
ENSG00000106123,EPHB6,46,-1.8336,186,0.32233,128,-0.2730,204,0.47774,284,1.04772,144,-0.0844,156,0.03955,85,-0.8982,135,-0.1919,153,0.00851
ENSG00000197448,GSTK1,50,0.44975,44,0.21682,36,-0.0721,48,0.35438,42,0.13498,56,0.63652,24,-0.7239,21,-0.9106,27,-0.5253,33,-0.2148
ENSG00000159784,FAM131B,66,-0.1980,55,-0.4735,86,0.22515,91,0.30417,133,0.95277,104,0.52873,65,-0.2320,46,-0.7520,55,-0.4870,49,-0.6743
ENSG00000159840,ZYX,35,-0.8846,67,0.12080,45,-0.4808,73,0.27583,67,0.13319,90,0.60833,54,-0.2006,38,-0.7407,38,-0.7457,110,0.95281
ENSG00000198420,TCAF1,32,-1.6052,94,0.05392,127,0.54196,165,0.98668,93,0.03751,82,-0.1727,70,-0.4207,72,-0.3674,116,0.38929,61,-0.6393
ENSG00000174469,CNTNAP2,18,-3.4702,234,0.35301,170,-0.1651,221,0.25973,162,-0.2375,243,0.41621,203,0.11792,91,-1.1195,274,0.61702,266,0.56448
ENSG00000055130,CUL1,31,-1.1005,76,0.28489,91,0.56582,84,0.43753,50,-0.3764,84,0.44662,53,-0.3016,48,-0.4513,51,-0.3433,71,0.16453
ENSG00000155660,PDIA4,65,1.37057,13,-1.1674,32,0.15382,17,-0.8071,42,0.59088,21,-0.5163,36,0.34870,26,-0.1639,15,-0.9995,22,-0.3996
ENSG00000204946,ZNF783,40,1.34494,18,-0.0048,17,-0.1026,5,-1.7867,8,-1.1472,30,0.87790,15,-0.2272,15,-0.2552,15,-0.2205,14,-0.3742
ENSG00000181220,ZNF746,16,-0.5911,23,-0.0102,37,0.76598,30,0.43305,17,-0.4389,29,0.38620,6,-1.9798,12,-0.9658,34,0.60222,27,0.21850
ENSG00000171130,ATP6V0E2,294,-0.1341,337,0.08710,322,0.01109,300,-0.1026,436,0.50669,386,0.30589,277,-0.2263,276,-0.2338,275,-0.2358,293,-0.1395
ENSG00000106538,RARRES2,80,1.87970,21,-0.3791,10,-1.4982,11,-1.3977,13,-1.1616,5,-2.4725,24,-0.2273,43,0.75349,9,-1.6359,57,1.23095
ENSG00000214022,REPIN1,85,0.88022,50,0.01340,55,0.15336,55,0.17618,31,-0.7117,49,-0.0072,49,-0.0317,54,0.13091,25,-1.0368,43,-0.2236
ENSG00000284691,AC073111.4,7,-1.3911,21,0.26958,17,-0.0964,28,0.75186,21,0.31169,22,0.36040,24,0.51698,12,-0.6274,14,-0.3899,11,-0.7743
ENSG00000055118,KCNH2,7,-1.9534,37,0.49284,29,0.09446,32,0.28706,15,-0.8946,37,0.48917,17,-0.6640,21,-0.3851,49,0.99763,25,-0.0880
ENSG00000197150,ABCB8,44,0.66530,11,-1.4979,33,0.19510,16,-0.9101,37,0.36526,42,0.57596,28,-0.0623,27,-0.1484,9,-1.7502,47,0.74626
ENSG00000164885,CDK5,21,-2.3381,77,-0.4003,130,0.43868,128,0.41285,129,0.42928,116,0.25157,90,-0.1508,60,-0.7825,106,0.11387,134,0.49203
ENSG00000164896,FASTK,62,0.25210,37,-0.5427,35,-0.6422,69,0.43554,59,0.15703,70,0.45697,53,-0.0138,50,-0.0837,35,-0.6303,59,0.17701
ENSG00000164897,TMUB1,53,1.04707,17,-0.7848,30,0.10874,28,-0.0287,38,0.48331,23,-0.2996,18,-0.7317,14,-1.0333,34,0.31589,27,-0.0898
ENSG00000133612,AGAP3,180,-0.0961,180,-0.0969,217,0.20012,192,0.00447,205,0.11321,163,-0.2570,238,0.34926,166,-0.2221,166,-0.2219,207,0.12317
ENSG00000033050,ABCF2,24,-1.2811,72,0.42044,67,0.30623,86,0.71735,52,-0.1054,59,0.09332,56,0.02460,44,-0.3805,44,-0.3702,51,-0.1220
ENSG00000033100,CHPF2,8,-1.5038,29,0.55403,29,0.54760,17,-0.3054,25,0.31280,20,-0.0617,18,-0.2160,12,-0.8151,29,0.54154,20,-0.0580
ENSG00000082014,SMARCD3,80,-0.0532,156,1.06675,53,-0.6918,65,-0.3814,138,0.84894,67,-0.3162,64,-0.4060,63,-0.4322,30,-1.5599,110,0.46620
ENSG00000013374,NUB1,45,0.23882,65,0.82573,42,0.11862,43,0.13804,42,0.11827,41,0.06282,35,-0.1819,16,-1.3883,22,-0.8752,41,0.06769
ENSG00000106615,RHEB,94,-1.3767,200,-0.2142,207,-0.1588,328,0.58845,272,0.28113,369,0.78871,196,-0.2456,135,-0.8254,305,0.46737,183,-0.3527
ENSG00000106617,PRKAG2,21,-1.3740,36,-0.5189,55,0.12206,53,0.07362,78,0.70448,103,1.18010,44,-0.2360,37,-0.4820,41,-0.3370,40,-0.3696
ENSG00000239911,PRKAG2-AS1,5,-3.2229,77,0.73633,50,0.03114,75,0.68873,71,0.59355,70,0.57444,33,-0.6292,26,-0.9566,41,-0.2964,43,-0.1944
ENSG00000178234,GALNT11,7,-3.3745,75,0.11740,112,0.77093,87,0.35762,77,0.14970,115,0.81220,46,-0.6445,59,-0.2659,86,0.33568,35,-1.0501
ENSG00000055609,KMT2C,61,0.82544,40,0.11685,48,0.43734,18,-1.0761,31,-0.2539,31,-0.2938,27,-0.4823,35,-0.0653,35,-0.0821,42,0.21337
ENSG00000133627,ACTR3B,20,-1.9013,47,-0.6679,178,1.57315,100,0.54377,62,-0.2149,64,-0.1796,41,-0.8672,50,-0.5542,75,0.06694,78,0.14129
ENSG00000130226,DPP6,39,-2.4856,179,-0.1879,439,1.31840,222,0.14909,149,-0.4775,164,-0.3312,120,-0.8070,197,-0.0386,267,0.45677,243,0.29969
ENSG00000220575,HTR5A-AS1,0,-7.3975,21,-0.0375,37,0.91998,35,0.81563,22,0.02697,28,0.45932,9,-1.3088,9,-1.3085,36,0.85071,16,-0.4059
ENSG00000157219,HTR5A,3,-3.2722,29,-0.1580,36,0.16934,62,1.07062,36,0.17771,45,0.54475,18,-0.8674,7,-2.2681,33,0.01935,54,0.83578
ENSG00000186480,INSIG1,100,0.55979,117,0.83510,42,-0.8099,59,-0.2878,88,0.36113,64,-0.1520,55,-0.3914,50,-0.5263,34,-1.1173,97,0.50961
ENSG00000184863,RBM33,36,0.62750,27,0.17915,38,0.71501,14,-0.8289,23,-0.0817,19,-0.3768,21,-0.2511,23,-0.1174,28,0.23275,15,-0.7740
ENSG00000105983,LMBR1,14,-2.1852,34,-0.8810,65,0.10517,67,0.15784,77,0.39871,93,0.70959,63,0.06249,62,0.03949,73,0.30275,57,-0.1041
ENSG00000009335,UBE3C,15,-1.8108,57,0.17004,79,0.71369,54,0.09691,55,0.12808,59,0.24466,52,0.03742,34,-0.6076,45,-0.1880,58,0.21223
ENSG00000105993,DNAJB6,162,-0.7737,284,0.10861,380,0.58649,342,0.41267,357,0.48333,293,0.15726,241,-0.1539,152,-0.8654,237,-0.1817,207,-0.3938
ENSG00000155093,PTPRN2,57,-2.1446,332,0.55803,332,0.56201,242,0.04425,285,0.30778,269,0.21509,180,-0.4245,182,-0.4102,299,0.38610,178,-0.4415
ENSG00000117868,ESYT2,35,-0.6581,48,-0.1409,74,0.53587,72,0.50700,72,0.49412,41,-0.4031,45,-0.2518,46,-0.2353,43,-0.3112,53,0.01531
ENSG00000126870,WDR60,13,-0.9516,19,-0.3848,32,0.46262,26,0.09662,21,-0.2521,27,0.16975,16,-0.6089,33,0.48140,26,0.09534,30,0.34319
ENSG00000147364,FBXO25,13,-1.0634,11,-1.2780,41,0.71354,30,0.20397,34,0.38394,25,-0.0683,22,-0.3066,26,-0.0189,27,0.01952,35,0.46785
ENSG00000180190,TDRP,24,0.28254,33,0.82154,21,0.09558,29,0.60549,11,-0.8480,18,-0.1899,11,-0.9803,9,-1.1453,19,-0.1007,25,0.35127
ENSG00000104714,ERICH1,8,-1.2627,14,-0.3428,25,0.54323,23,0.39918,25,0.57753,28,0.70950,17,-0.0395,13,-0.4955,15,-0.2125,9,-0.9625
ENSG00000198010,DLGAP2,0,-5.7635,35,-0.1014,77,1.20718,49,0.42000,34,-0.1616,32,-0.2510,32,-0.2687,38,0.02908,54,0.59179,24,-0.6748
ENSG00000253982,AC100810.1,45,1.22210,10,-1.1811,16,-0.5104,19,-0.1806,26,0.30689,16,-0.5142,29,0.49181,22,0.00034,11,-1.0230,23,0.09051
ENSG00000176595,KBTBD11,120,-0.0677,95,-0.4330,168,0.48228,139,0.16962,124,-0.0097,80,-0.6964,110,-0.2036,137,0.14833,132,0.09355,144,0.23263
ENSG00000036448,MYOM2,15,-0.3824,18,-0.0971,40,1.16786,15,-0.4573,11,-0.8116,24,0.34835,9,-1.1694,17,-0.2371,18,-0.1223,28,0.59140
ENSG00000183117,CSMD1,18,-0.6431,27,0.00987,55,1.18866,45,0.84279,35,0.43432,17,-0.6713,16,-0.8194,19,-0.5238,21,-0.3994,16,-0.7923
ENSG00000155189,AGPAT5,52,0.11884,43,-0.1847,30,-0.7111,71,0.64558,54,0.19857,46,-0.0665,28,-0.8321,54,0.19477,48,0.00028,53,0.16910
ENSG00000275342,PRAG1,0,-7.8547,15,-1.0555,79,1.71680,37,0.38688,7,-2.1365,8,-1.8682,24,-0.3059,27,-0.1023,52,0.94753,43,0.63880
ENSG00000173273,TNKS,58,0.12529,105,1.11240,63,0.25903,37,-0.5848,51,-0.0890,51,-0.0861,34,-0.6956,44,-0.3330,50,-0.1300,46,-0.2560
ENSG00000253230,LINC00599,23,-1.8440,106,0.48155,120,0.68926,94,0.28375,86,0.13657,106,0.48269,57,-0.4978,57,-0.5104,84,0.10106,54,-0.5715
ENSG00000175806,MSRA,22,-0.9078,43,0.12211,46,0.22995,69,0.92574,47,0.25696,52,0.44110,30,-0.4373,24,-0.7595,32,-0.3130,31,-0.3766
ENSG00000104643,MTMR9,33,-0.9624,108,0.93228,46,-0.4548,66,0.11171,94,0.68170,65,0.07068,41,-0.6227,38,-0.7637,67,0.11880,60,-0.0520
ENSG00000154319,FAM167A,28,0.40928,29,0.48482,11,-1.0291,7,-1.7109,4,-2.4081,9,-1.2936,18,-0.3271,51,1.42603,10,-1.2115,51,1.43860
ENSG00000154328,NEIL2,57,0.43531,36,-0.2907,38,-0.2071,45,0.04673,76,0.91684,43,-0.0403,38,-0.2223,40,-0.1241,35,-0.3685,29,-0.6592
ENSG00000079459,FDFT1,154,0.37698,106,-0.2237,127,0.06529,148,0.31574,196,0.77640,100,-0.3206,87,-0.5269,101,-0.2963,107,-0.2158,95,-0.3950
ENSG00000164733,CTSB,211,-0.8924,232,-0.7470,603,0.78550,515,0.51994,388,0.05595,475,0.38372,352,-0.1001,275,-0.4879,461,0.33516,235,-0.7286
ENSG00000154359,LONRF1,14,-0.9662,17,-0.6369,43,0.82062,23,-0.2171,32,0.29906,17,-0.6642,14,-0.9471,23,-0.1926,37,0.54911,42,0.77212
ENSG00000250305,TRMT9B,8,-1.5038,55,1.50743,7,-1.7612,18,-0.3368,42,0.99833,23,0.04980,12,-0.9750,15,-0.5853,16,-0.5529,30,0.45278
ENSG00000164741,DLC1,34,0.71811,23,0.10450,19,-0.2298,15,-0.5549,20,-0.1390,12,-0.8481,30,0.49020,17,-0.3697,12,-0.9268,36,0.80638
ENSG00000104723,TUSC3,8,-3.6831,133,0.44690,181,0.97334,91,-0.1581,164,0.80403,156,0.72375,66,-0.6714,55,-0.9483,100,-0.0098,54,-0.9700
ENSG00000155970,MICU3,26,-2.1024,116,0.16762,154,0.64510,171,0.81453,119,0.22069,125,0.30074,69,-0.6512,61,-0.8372,129,0.34400,72,-0.5825
ENSG00000104219,ZDHHC2,47,0.65992,28,-0.1931,39,0.34640,34,0.13165,25,-0.3666,19,-0.7395,32,0.01612,39,0.34491,22,-0.5564,29,-0.1136
ENSG00000198791,CNOT7,32,-1.3555,93,0.29569,119,0.70250,62,-0.3516,92,0.26509,76,-0.0353,68,-0.2161,78,-0.0020,95,0.32123,62,-0.3447
ENSG00000155975,VPS37A,24,0.05845,22,-0.1132,30,0.41467,41,0.90794,32,0.51067,27,0.24894,8,-1.6358,17,-0.4529,22,-0.1154,10,-1.2144
ENSG00000003987,MTMR7,23,-0.6237,52,0.67189,32,-0.1290,54,0.72951,20,-0.8236,56,0.79019,20,-0.8225,29,-0.2744,17,-1.0504,42,0.29728
ENSG00000129422,MTUS1,188,2.57225,50,0.09350,37,-0.3825,23,-1.0826,7,-2.8103,18,-1.4123,20,-1.3065,47,-0.0116,28,-0.7965,51,0.14901
ENSG00000078674,PCM1,92,0.37951,70,-0.0735,62,-0.2648,88,0.30422,79,0.12875,61,-0.2819,65,-0.1799,67,-0.1313,71,-0.0453,75,0.03537
ENSG00000104763,ASAH1,100,-0.5549,204,0.58291,159,0.17689,159,0.17348,189,0.45757,187,0.43624,122,-0.2533,100,-0.5536,117,-0.3104,90,-0.7218
ENSG00000156011,PSD3,100,-1.5079,205,-0.4103,502,1.06306,326,0.33028,238,-0.1815,245,-0.1355,220,-0.3019,199,-0.4594,348,0.43746,279,0.07753
ENSG00000147408,CSGALNACT1,25,-0.4665,39,0.19730,49,0.56835,36,0.09161,21,-0.7254,29,-0.2654,39,0.22299,38,0.14603,32,-0.1095,34,0.00037
ENSG00000104613,INTS10,35,-0.3013,51,0.27863,68,0.78015,48,0.20582,37,-0.1992,74,0.90819,23,-0.9580,37,-0.2242,25,-0.8029,27,-0.7227
ENSG00000175445,LPL,15,-1.0465,8,-1.9235,50,0.84960,66,1.34024,9,-1.7135,20,-0.6188,32,0.12065,13,-1.2246,58,1.13140,25,-0.2593
ENSG00000147416,ATP6V1B2,77,-2.3729,463,0.37615,315,-0.2406,642,0.92987,617,0.86252,447,0.31927,332,-0.1597,172,-1.1703,357,-0.0437,248,-0.6143
ENSG00000061337,LZTS1,0,-8.3198,27,-0.8032,137,1.91121,55,0.28200,13,-1.8829,24,-0.9930,39,-0.2724,45,-0.0402,51,0.16987,70,0.67934
ENSG00000168546,GFRA2,5,-3.2904,31,-0.6103,59,0.39560,44,-0.0850,98,1.26507,67,0.61074,46,0.00424,21,-1.1927,41,-0.1916,50,0.11612
ENSG00000130227,XPO7,32,-0.2789,33,-0.2542,43,0.19002,60,0.72921,37,-0.0524,45,0.24148,40,0.06375,32,-0.2872,33,-0.2571,30,-0.4051
ENSG00000158806,NPM2,6,-2.9486,41,-0.1876,60,0.42494,30,-0.6688,50,0.13343,74,0.76347,35,-0.4437,30,-0.6896,64,0.52089,73,0.74509
ENSG00000158856,DMTN,63,-2.5090,350,0.09977,404,0.33429,490,0.65466,304,-0.1246,369,0.18458,323,-0.0320,304,-0.1244,354,0.11765,329,6.65255
ENSG00000158863,FAM160B2,31,0.48769,24,0.03834,31,0.49316,9,-1.3282,33,0.58798,18,-0.3526,22,-0.0657,26,0.20619,16,-0.5805,19,-0.2911
ENSG00000168453,HR,31,0.08906,25,-0.2520,24,-0.3007,29,-0.0087,35,0.25523,32,0.10647,51,0.89329,17,-0.8483,30,0.03174,21,-0.5257
ENSG00000168481,LGI3,173,0.31128,101,-0.5420,164,0.22122,280,1.12719,150,0.08184,177,0.34537,96,-0.6190,69,-1.1332,141,-0.0192,78,-0.9451
ENSG00000168490,PHYHIP,74,-2.6636,443,0.04885,854,1.15643,588,0.51122,448,0.06796,416,-0.0522,320,-0.4671,346,-0.3441,472,0.14975,338,-0.3787
ENSG00000104635,SLC39A14,20,-0.3469,14,-0.8561,28,0.20787,24,-0.0158,29,0.28445,34,0.52757,19,-0.3635,10,-1.3610,36,0.61844,31,0.36445
ENSG00000120896,SORBS3,52,1.54017,36,0.89326,12,-0.8571,5,-2.0150,12,-0.8557,8,-1.5045,13,-0.6864,30,0.56281,6,-1.8619,36,0.87620
ENSG00000120913,PDLIM2,22,-0.2182,18,-0.5104,30,0.27585,21,-0.3285,37,0.60901,19,-0.4546,27,0.10674,30,0.27399,31,0.34279,18,-0.5205
ENSG00000158941,CCAR2,41,-0.4412,62,0.19261,61,0.15797,52,-0.0746,71,0.42374,59,0.10697,41,-0.4721,33,-0.7789,58,0.09301,71,0.40735
ENSG00000179388,EGR3,0,-9.1436,52,-0.5268,209,1.85074,75,0.05304,63,-0.2198,50,-0.5865,64,-0.2070,59,-0.3183,90,0.35010,65,-0.1843
ENSG00000008853,RHOBTB2,11,-2.5771,41,-0.5761,73,0.31886,96,0.78580,48,-0.3502,72,0.30059,69,0.23335,54,-0.1661,67,0.19200,66,0.16924
ENSG00000147457,CHMP7,26,-0.5297,30,-0.3063,36,-0.0191,43,0.27352,43,0.25444,38,0.06838,41,0.19344,24,-0.6349,38,0.05466,46,0.35636
ENSG00000104679,R3HCC1,61,0.88349,57,0.77610,23,-0.6499,40,0.17468,37,0.07205,34,-0.0672,30,-0.2852,17,-1.1294,22,-0.7435,35,-0.0345
ENSG00000197217,ENTPD4,9,-2.6107,64,0.32360,47,-0.1916,64,0.31999,69,0.43636,83,0.74608,57,0.13362,30,-0.8428,66,0.37265,36,-0.5830
ENSG00000147454,SLC25A37,19,-0.2908,21,-0.1609,19,-0.2701,24,0.09708,21,-0.1524,31,0.48216,17,-0.4606,25,0.15021,17,-0.4291,35,0.66522
ENSG00000272163,AF106564.1,0,-5.9626,34,0.95501,26,0.51192,22,0.20683,17,-0.2064,19,0.02930,17,-0.1349,10,-0.9021,29,0.67873,15,-0.3173
ENSG00000104722,NEFM,21,-4.2979,120,-1.7558,158,-1.3469,878,1.44156,590,0.73033,701,1.03102,423,0.17730,166,-1.2754,432,0.21210,298,-0.3806
ENSG00000277586,NEFL,67,-4.0210,534,-0.9563,810,-0.3146,1704,0.90823,1484,0.67121,1863,1.06577,911,-0.1277,459,-1.1880,1062,0.11690,978,-0.0143
ENSG00000221914,PPP2R2A,65,0.10842,60,-0.0187,56,-0.1221,53,-0.2068,113,1.03746,68,0.17491,53,-0.2213,42,-0.5710,37,-0.7583,60,-0.0267
ENSG00000104765,BNIP3L,176,-0.0103,183,0.05067,178,0.00933,212,0.29384,202,0.21731,203,0.21824,164,-0.1248,130,-0.4897,132,-0.4616,191,0.11867
ENSG00000240694,PNMA2,41,-3.4577,675,0.79462,527,0.37833,415,-0.0106,540,0.41632,669,0.77843,262,-0.7301,227,-0.9482,402,-0.0629,419,0.00445
ENSG00000092964,DPYSL2,1166,0.07509,1290,0.23912,962,-0.2324,1320,0.27599,1456,0.43743,1132,0.02758,855,-0.4176,838,-0.4481,1092,-0.0305,1019,-0.1406
ENSG00000015592,STMN4,615,1.58667,217,-0.1918,292,0.28117,235,-0.0684,247,0.01125,273,0.17173,101,-1.3684,112,-1.2105,169,-0.5852,192,-0.3854
ENSG00000120899,PTK2B,20,-3.2135,67,-1.4874,355,1.17839,200,0.20641,147,-0.2913,218,0.34408,126,-0.5298,188,0.10261,269,0.69366,173,-0.0282
ENSG00000120885,CLU,3131,-0.0517,3358,0.06055,2269,-0.5584,3722,0.22723,2354,-0.5012,2981,-0.1302,2479,-0.4206,4821,0.65666,2949,-0.1469,4277,0.45580
ENSG00000168077,SCARA3,16,-1.2336,66,1.04004,21,-0.7848,20,-0.9056,14,-1.4118,23,-0.6341,61,0.89301,39,0.16304,21,-0.7751,72,1.19486
ENSG00000147419,CCDC25,65,-0.1991,109,0.64128,88,0.27819,46,-0.7461,60,-0.3213,90,0.32286,81,0.14484,44,-0.7959,94,0.38785,61,-0.2954
ENSG00000134014,ELP3,34,-0.2973,36,-0.2076,52,0.38049,48,0.23206,36,-0.2029,48,0.25357,50,0.31225,24,-0.8313,43,0.06067,41,-0.0217
ENSG00000168081,PNOC,0,-5.4918,106,2.39356,10,-1.5508,11,-1.3702,8,-1.9297,52,0.99691,22,-0.3659,13,-1.1623,26,-0.1227,35,0.32348
ENSG00000104290,FZD3,17,-2.0439,76,0.20580,102,0.68236,70,0.06349,70,0.07651,43,-0.6925,48,-0.5146,73,0.13450,109,0.79500,62,-0.1139
ENSG00000012232,EXTL3,35,-0.5399,51,0.02757,57,0.19477,55,0.13906,76,0.68191,58,0.23896,46,-0.1382,40,-0.3693,28,-0.8943,56,0.16709
ENSG00000120875,DUSP4,0,-7.3258,27,0.45130,36,0.94811,27,0.48827,10,-1.0760,30,0.62159,15,-0.4340,15,-0.4108,15,-0.4361,26,0.43985
ENSG00000133872,SARAF,422,-1.0359,845,0.04619,906,0.15793,1161,0.56748,1239,0.67744,1094,0.46735,459,-0.9076,615,-0.4561,762,-0.1184,708,-0.2350
ENSG00000104660,LEPROTL1,21,-1.4225,73,0.53732,54,0.06348,65,0.34581,60,0.20947,72,0.50602,51,-0.0266,33,-0.7272,43,-0.2962,52,-0.0126
ENSG00000104671,DCTN6,67,-0.1742,81,0.12938,82,0.15903,84,0.19163,103,0.53103,96,0.40431,54,-0.4925,69,-0.1279,61,-0.3119,48,-0.6805
ENSG00000104687,GSR,26,-0.8800,31,-0.6118,66,0.60462,56,0.32937,60,0.45249,36,-0.3719,36,-0.3456,35,-0.4071,48,0.09626,61,0.46921
ENSG00000104695,PPP2CB,248,-0.3833,305,-0.0565,326,0.05484,218,-0.5839,351,0.17348,330,0.07175,323,0.03645,240,-0.4338,480,0.69227,335,0.09455
ENSG00000198042,MAK16,14,-0.2924,19,0.18289,21,0.29954,34,1.12439,24,0.55107,9,-1.0247,21,0.31798,12,-0.5471,9,-1.0440,9,-0.9531
ENSG00000133878,DUSP26,21,-1.6519,95,0.72569,87,0.58001,55,-0.1676,68,0.18012,79,0.42098,63,0.04680,48,-0.3661,44,-0.4985,50,-0.3218
ENSG00000156687,UNC5D,3,-3.2839,16,-1.0510,65,1.15655,46,0.56415,28,-0.2385,24,-0.4640,36,0.16326,22,-0.6157,53,0.80050,31,-0.0457
ENSG00000183779,ZNF703,37,0.71500,13,-0.9182,30,0.34385,12,-1.1018,14,-0.7758,21,-0.1888,20,-0.2966,28,0.25632,15,-0.6696,49,1.19000
ENSG00000147475,ERLIN2,8,-1.2862,32,0.75003,14,-0.5708,14,-0.5738,22,0.14060,10,-1.0368,19,-0.1173,41,1.18304,12,-0.8269,30,0.62292
ENSG00000147471,PLPBP,20,-1.1413,45,0.07908,31,-0.4805,40,-0.0753,59,0.52646,50,0.26850,45,0.08514,29,-0.6176,46,0.13084,60,0.55598
ENSG00000129691,ASH2L,31,-0.6134,46,0.02479,73,0.75730,48,0.06266,50,0.15844,63,0.52317,38,-0.2835,25,-0.9522,27,-0.8110,56,0.33741
ENSG00000175324,LSM1,17,-1.0360,46,0.45836,36,0.05519,31,-0.1803,45,0.43809,40,0.23520,38,0.15952,23,-0.6445,38,0.13923,31,-0.1491
ENSG00000156735,BAG4,24,-2.3484,172,0.69715,124,0.16061,123,0.14727,148,0.44448,111,-0.0245,111,-0.0174,105,-0.1090,101,-0.1660,105,-0.1038
ENSG00000085788,DDHD2,88,-0.1608,109,0.18629,115,0.28135,113,0.24854,91,-0.1002,112,0.22842,68,-0.5441,68,-0.5604,131,0.48455,75,-0.4080
ENSG00000147548,NSD3,54,-0.7541,98,0.17721,153,0.91001,101,0.22066,94,0.09493,83,-0.0913,57,-0.6767,76,-0.2316,87,-0.0149,78,-0.2001
ENSG00000077782,FGFR1,38,-0.0595,47,0.24318,13,-1.6666,16,-1.3718,62,0.70651,69,0.90610,34,-0.2358,36,-0.1670,28,-0.5490,56,0.54826
ENSG00000147526,TACC1,148,-0.3441,246,0.46689,220,0.28435,185,0.00701,171,-0.1151,177,-0.0661,168,-0.1491,189,0.03649,181,-0.0260,158,-0.2396
ENSG00000169499,PLEKHA2,13,-1.8256,21,-1.1019,109,1.56656,62,0.56707,18,-1.3205,26,-0.7998,29,-0.6166,41,-0.0972,61,0.54182,56,0.40096
ENSG00000169490,TM2D2,16,-1.5820,35,-0.4213,50,0.13351,74,0.79583,54,0.27075,53,0.22744,45,-0.0330,34,-0.4763,40,-0.2241,57,0.36467
ENSG00000168615,ADAM9,34,0.00125,40,0.26734,62,1.00648,36,0.08368,39,0.21546,33,-0.0565,22,-0.6740,20,-0.8262,34,0.00926,20,-0.8337
ENSG00000165061,ZMAT4,1,-4.5339,37,0.48569,30,0.13253,31,0.23085,25,-0.1570,63,1.42528,28,0.04411,20,-0.4674,24,-0.2028,14,-1.0476
ENSG00000147533,GOLGA7,286,2.16967,67,-0.3811,42,-1.1017,46,-0.9619,86,0.00376,78,-0.1439,44,-1.0365,73,-0.2552,61,-0.5380,73,-0.2458
ENSG00000158669,GPAT4,43,0.11361,50,0.38342,43,0.12550,43,0.12460,28,-0.5592,34,-0.2401,42,0.08020,26,-0.6413,30,-0.4520,59,0.63443
ENSG00000029534,ANK1,5,-1.9025,34,1.14631,2,-3.2351,17,0.02066,12,-0.5842,20,0.21861,24,0.50896,15,-0.2344,11,-0.6177,32,1.04929
ENSG00000083168,KAT6A,40,0.88853,43,1.02846,25,0.10070,17,-0.5075,17,-0.5027,14,-0.7268,17,-0.4474,31,0.46547,17,-0.5265,11,-1.0756
ENSG00000070718,AP3M2,44,-1.1037,169,1.06167,83,-0.1166,112,0.35558,135,0.67100,82,-0.1472,74,-0.3025,50,-0.8968,78,-0.2214,70,-0.3997
ENSG00000070501,POLB,22,0.03541,34,0.73430,30,0.49841,31,0.53210,20,-0.1735,25,0.21879,12,-0.9276,10,-1.1309,19,-0.2322,16,-0.4840
ENSG00000078668,VDAC3,69,-1.6724,301,0.60964,219,0.09118,294,0.57284,289,0.54186,286,0.52559,142,-0.5976,129,-0.7438,200,-0.0546,143,-0.5776
ENSG00000168575,SLC20A2,69,0.54015,43,-0.2184,55,0.16859,34,-0.5681,28,-0.8965,53,0.11727,26,-1.0075,50,0.00911,46,-0.1256,91,1.01852
ENSG00000176209,SMIM19,31,-0.5882,59,0.39559,77,0.85748,41,-0.1971,53,0.22559,51,0.17510,25,-0.9413,40,-0.2329,46,0.01140,36,-0.3637
ENSG00000120925,RNF170,31,-0.2810,45,0.33509,25,-0.5887,53,0.60156,30,-0.3452,50,0.49676,35,-0.0936,25,-0.6106,52,0.55463,23,-0.7539
ENSG00000168172,HOOK3,33,-0.5672,52,0.17958,56,0.27667,33,-0.5354,53,0.20264,28,-0.8043,42,-0.1565,56,0.29787,63,0.46638,52,0.17615
ENSG00000168522,FNTA,111,1.10369,77,0.47579,48,-0.2803,31,-0.9498,49,-0.2393,73,0.38555,58,0.00749,46,-0.3364,40,-0.5801,41,-0.5207
ENSG00000165102,HGSNAT,22,-0.5057,32,0.03388,52,0.84516,29,-0.0770,43,0.53991,27,-0.2105,30,-0.0350,14,-1.2101,23,-0.4800,37,0.28821
ENSG00000164808,SPIDR,19,-0.8257,43,0.47840,35,0.11788,28,-0.2374,38,0.25325,31,-0.0445,21,-0.6250,25,-0.4042,36,0.18139,46,0.58045
ENSG00000221869,CEBPD,27,0.04145,25,-0.1037,81,1.97187,31,0.25034,6,-2.2014,11,-1.2607,12,-1.2234,23,-0.1813,23,-0.1995,24,-0.1228
ENSG00000253729,PRKDC,43,-1.0101,58,-0.5419,193,1.45189,72,-0.2106,55,-0.6392,77,-0.1019,55,-0.6386,73,-0.1836,116,0.55499,82,-0.0057
ENSG00000104738,MCM4,7,-1.9075,32,0.35181,46,0.94688,44,0.89480,23,-0.1711,15,-0.8218,12,-1.2007,16,-0.6885,23,-0.1631,39,0.66267
ENSG00000169139,UBE2V2,64,-1.6515,158,-0.2731,238,0.38179,223,0.27583,277,0.63437,233,0.34741,166,-0.2003,119,-0.7125,216,0.22393,186,-0.0143
ENSG00000147481,SNTG1,0,-7.6150,43,0.89678,12,-1.0358,18,-0.4471,30,0.29269,33,0.48313,17,-0.5746,17,-0.5925,43,0.92696,33,0.48473
ENSG00000168300,PCMTD1,30,-0.3819,56,0.61304,24,-0.7049,48,0.38397,40,0.06323,23,-0.8100,32,-0.2590,31,-0.3086,53,0.52130,45,0.25806
ENSG00000023287,RB1CC1,97,0.06469,110,0.25797,89,-0.0873,78,-0.2874,117,0.35632,76,-0.3320,104,0.16904,97,0.05260,107,0.20972,62,-0.6389
ENSG00000047249,ATP6V1H,81,-1.9320,252,-0.2055,388,0.49656,390,0.50492,371,0.42347,386,0.48576,187,-0.6663,177,-0.7478,311,0.13172,320,0.17936
ENSG00000147509,RGS20,5,-1.5447,21,0.44717,23,0.64100,8,-0.9399,4,-2.0939,10,-0.7077,8,-1.0633,54,2.20239,15,-0.0445,8,-0.9561
ENSG00000187735,TCEA1,68,0.37500,40,-0.4404,54,0.00109,48,-0.1658,54,0.01575,45,-0.2849,40,-0.4743,65,0.31894,64,0.27857,59,0.13995
ENSG00000120992,LYPLA1,14,-1.2183,58,1.03066,30,-0.0497,19,-0.7322,31,-0.0161,48,0.70345,20,-0.7012,17,-0.8867,28,-0.1424,45,0.61554
ENSG00000137547,MRPL15,15,-2.0588,58,-0.0062,58,-0.0221,82,0.55139,68,0.23777,90,0.71250,55,-0.0995,40,-0.6004,61,0.07773,58,-0.0210
ENSG00000206579,XKR4,0,-4.7773,32,0.85474,38,1.11630,18,-0.1249,22,0.19595,21,0.16868,17,-0.1921,16,-0.2512,20,0.04252,8,-1.3624
ENSG00000167904,TMEM68,16,-0.5182,41,0.97914,32,0.53044,17,-0.4781,22,-0.0372,30,0.47117,12,-0.9983,17,-0.4003,19,-0.2981,21,-0.1368
ENSG00000008988,RPS20,736,1.33043,389,0.23211,279,-0.3013,242,-0.5195,249,-0.4778,229,-0.6072,366,0.13087,303,-0.1684,253,-0.4548,324,-0.0615
ENSG00000170791,CHCHD7,13,-1.4200,56,0.80689,30,-0.2057,31,-0.1505,50,0.59892,31,-0.1741,21,-0.7263,33,-0.0602,46,0.48327,31,-0.1478
ENSG00000170786,SDR16C5,2,-2.8926,8,-1.2428,22,0.36590,39,1.32785,15,-0.2484,33,0.99787,21,0.22216,9,-0.9598,14,-0.3504,14,-0.3340
ENSG00000104331,IMPAD1,83,-0.2726,88,-0.1761,86,-0.2071,111,0.18946,149,0.67758,125,0.37793,70,-0.5440,84,-0.2622,79,-0.3431,111,0.19410
ENSG00000169122,FAM110B,13,-1.5843,60,0.75066,62,0.81625,22,-0.8562,16,-1.3101,46,0.32385,32,-0.2849,35,-0.1419,46,0.30371,47,0.35801
ENSG00000215114,UBXN2B,29,-0.5943,34,-0.3442,38,-0.1459,57,0.51152,46,0.15999,42,-0.0059,59,0.54627,32,-0.4141,54,0.41367,28,-0.6200
ENSG00000137575,SDCBP,72,-1.2443,149,-0.1235,165,0.04319,265,0.82618,118,-0.4888,197,0.33426,149,-0.1165,137,-0.2557,135,-0.2759,220,0.51414
ENSG00000198846,TOX,17,-0.9897,80,1.50684,2,-3.7726,33,0.01751,64,1.09223,58,0.91410,25,-0.4205,9,-1.9211,23,-0.5497,19,-0.8646
ENSG00000104388,RAB2A,93,-1.7609,328,0.16981,291,-0.0245,394,0.47019,311,0.08325,421,0.58050,180,-0.7748,176,-0.8087,455,0.71293,304,0.04428
ENSG00000177182,CLVS1,6,-2.3871,34,0.21392,30,0.03304,37,0.37180,26,-0.1732,54,1.01155,23,-0.3602,14,-1.1725,42,0.59475,28,-0.0951
ENSG00000198363,ASPH,72,-1.1979,298,1.08438,74,-1.1511,128,-0.3179,276,0.94561,170,0.13505,106,-0.6052,139,-0.1836,108,-0.5749,191,0.32281
ENSG00000274956,NKAIN3-IT1,44,0.82158,12,-1.2442,13,-1.1084,9,-1.5385,11,-1.3366,23,-0.2451,44,0.82238,57,1.27333,23,-0.2195,31,0.21611
ENSG00000137563,GGH,3,-3.5620,46,0.36047,47,0.38942,61,0.82499,74,1.16638,43,0.22410,15,-1.3459,27,-0.5001,34,-0.1534,20,-0.9524
ENSG00000185728,YTHDF3,37,-0.5599,60,0.16700,80,0.65767,44,-0.2964,66,0.33616,46,-0.2507,56,0.07035,47,-0.2145,57,0.10941,43,-0.3619
ENSG00000254377,MIR124-2HG,3,-3.6225,60,0.73946,64,0.86558,35,-0.1503,37,-0.0389,66,0.89889,20,-0.9594,19,-1.0579,25,-0.6326,51,0.48279
ENSG00000172817,CYP7B1,46,1.44857,20,0.03558,17,-0.2526,13,-0.5740,23,0.27010,13,-0.5741,5,-1.9754,21,0.14068,8,-1.3475,28,0.60146
ENSG00000104442,ARMC1,43,-0.1415,66,0.52498,52,0.13090,41,-0.2281,67,0.57055,69,0.61016,35,-0.4725,30,-0.6951,31,-0.6575,40,-0.2633
ENSG00000147571,CRH,0,-8.3546,87,1.24380,42,0.00731,37,-0.1941,20,-1.1325,41,-0.0075,35,-0.2691,33,-0.3369,31,-0.4736,90,1.30353
ENSG00000169085,VXN,127,-0.4967,130,-0.4515,386,1.35940,136,-0.3847,184,0.09061,194,0.18105,122,-0.5555,107,-0.7622,211,0.31981,139,-0.3467
ENSG00000175073,VCPIP1,27,-0.8638,51,0.09099,68,0.57814,64,0.46262,40,-0.2698,58,0.30035,38,-0.3728,38,-0.3487,52,0.13328,43,-0.1868
ENSG00000245910,SNHG6,676,1.85000,148,-0.7311,185,-0.3815,176,-0.4609,159,-0.6241,167,-0.5415,193,-0.3148,210,-0.1815,243,0.04760,202,-0.2475
ENSG00000121022,COPS5,74,0.04475,70,-0.0550,74,0.03735,106,0.62474,74,0.05290,93,0.40998,46,-0.6987,44,-0.7559,58,-0.3441,82,0.20668
ENSG00000066777,ARFGEF1,19,-0.7389,17,-0.8516,47,0.71734,35,0.26137,38,0.36595,48,0.76707,28,-0.1133,23,-0.4419,21,-0.5397,25,-0.2855
ENSG00000046889,PREX2,36,-0.3707,38,-0.2732,32,-0.5501,18,-1.4189,17,-1.4607,31,-0.6067,32,-0.5314,126,1.76792,24,-0.9788,101,1.34533
ENSG00000140396,NCOA2,25,-0.8289,94,1.32285,48,0.18504,60,0.53857,29,-0.6047,34,-0.3754,31,-0.5088,27,-0.7374,41,-0.0699,41,-0.0835
ENSG00000067167,TRAM1,46,0.65520,60,1.12936,33,0.11006,12,-1.4111,25,-0.3172,16,-0.9757,16,-1.0017,36,0.28133,27,-0.1867,34,0.19037
ENSG00000147601,TERF1,22,-0.6986,49,0.54797,18,-1.0053,47,0.44881,53,0.67882,31,-0.1841,29,-0.3042,25,-0.5576,35,-0.0289,43,0.30908
ENSG00000147604,RPL7,771,0.83305,672,0.59984,356,-0.4260,306,-0.6590,401,-0.2386,358,-0.4190,449,-0.0614,474,0.02709,467,0.00232,409,-0.2098
ENSG00000040341,STAU2,23,-2.2188,116,0.22070,67,-0.6340,142,0.55458,135,0.47547,178,0.94446,80,-0.3692,85,-0.2710,74,-0.4774,108,0.11695
ENSG00000104343,UBE2W,17,-1.7937,65,0.23268,79,0.54814,87,0.72335,48,-0.2641,51,-0.1530,54,-0.0710,37,-0.6447,78,0.53808,46,-0.3105
ENSG00000154582,ELOC,99,-0.6877,133,-0.2380,170,0.15191,265,0.89742,165,0.11080,171,0.16292,122,-0.3739,123,-0.3601,142,-0.1374,154,-0.0020
ENSG00000175606,TMEM70,15,-2.3615,69,-0.0888,94,0.40025,130,0.95114,151,1.22396,75,0.03590,46,-0.7262,41,-0.8832,62,-0.2583,48,-0.6423
ENSG00000104369,JPH1,6,-1.6608,10,-0.9550,53,1.85276,14,-0.4144,19,0.07416,18,0.00788,11,-0.6962,16,-0.1595,26,0.55432,9,-1.1285
ENSG00000104381,GDAP1,47,-1.0922,98,0.05981,118,0.35344,127,0.46985,134,0.56619,101,0.10760,75,-0.3601,50,-0.9863,90,-0.0882,108,0.20315
ENSG00000164751,PEX2,33,0.62536,26,0.24174,20,-0.1938,14,-0.6716,20,-0.2057,22,-0.0195,22,-0.0092,44,1.09815,11,-1.0342,12,-0.9580
ENSG00000171033,PKIA,50,-1.2210,261,1.47682,142,0.41528,100,-0.1574,150,0.50141,66,-0.7888,73,-0.6393,113,0.04674,70,-0.7058,76,-0.5843
ENSG00000104427,ZC2HC1A,13,-1.7202,55,0.48505,47,0.21693,35,-0.2423,69,0.86433,61,0.66280,36,-0.1868,28,-0.5605,34,-0.3031,30,-0.4942
ENSG00000104435,STMN2,82,-3.1607,380,-0.8829,298,-1.2502,1197,0.97000,1349,1.18320,1285,1.09593,729,0.13801,331,-1.0950,623,-0.1140,419,-0.7335
ENSG00000164683,HEY1,11,-1.3361,21,-0.3183,38,0.62121,21,-0.2814,20,-0.3749,18,-0.5244,22,-0.2698,35,0.47827,34,0.47337,37,0.59384
ENSG00000147586,MRPS28,38,-0.3694,61,0.35916,43,-0.1814,51,0.07562,52,0.10044,47,-0.0317,55,0.19798,48,-0.0047,47,-0.0607,43,-0.1945
ENSG00000076554,TPD52,95,-0.6965,148,0.00808,147,-0.0078,190,0.41284,226,0.69920,157,0.09889,140,-0.0811,95,-0.6934,169,0.22090,109,-0.4798
ENSG00000164684,ZNF704,56,1.13814,25,-0.1641,31,0.14721,11,-1.3921,27,-0.0778,23,-0.3382,22,-0.3764,21,-0.4867,43,0.68891,23,-0.2986
ENSG00000076641,PAG1,16,-0.0967,18,0.11519,13,-0.4351,30,0.95329,18,0.09106,15,-0.1366,12,-0.4977,19,0.22312,11,-0.6259,15,-0.1170
ENSG00000164687,FABP5,87,-0.0777,93,0.01798,65,-0.5458,96,0.07390,109,0.27105,136,0.64210,46,-1.0775,92,-0.0016,87,-0.0832,108,0.25894
ENSG00000147588,PMP2,366,1.97587,74,-0.7622,80,-0.6339,46,-1.4615,43,-1.5587,51,-1.3253,134,0.18259,169,0.55577,101,-0.2799,137,0.20823
ENSG00000133731,IMPA1,22,-1.1965,44,-0.1285,58,0.33217,59,0.35599,61,0.41571,72,0.68975,45,-0.0651,31,-0.6534,54,0.21710,27,-0.8824
ENSG00000104231,ZFAND1,31,-0.0027,47,0.66480,32,0.06105,50,0.77229,37,0.28348,45,0.62344,21,-0.6149,16,-1.0426,16,-0.9639,15,-1.1077
ENSG00000184672,RALYL,35,-1.0101,55,-0.3173,73,0.11832,72,0.09989,111,0.81339,103,0.68479,70,0.04789,40,-0.8112,83,0.32313,35,-1.0098
ENSG00000176731,RBIS,77,-0.0267,103,0.43873,85,0.11621,102,0.42478,88,0.17299,77,-0.0365,38,-1.1036,56,-0.5431,81,0.05076,80,0.01902
ENSG00000104267,CA2,210,2.13006,67,0.07902,28,-1.2643,31,-1.1042,39,-0.7822,46,-0.5179,38,-0.8169,52,-0.3187,36,-0.8937,92,0.59999
ENSG00000123124,WWP1,31,-0.1009,46,0.52554,24,-0.4788,38,0.21386,45,0.51621,47,0.58472,25,-0.4333,23,-0.5540,24,-0.4871,26,-0.3447
ENSG00000176623,RMDN1,43,1.46613,10,-0.8964,8,-1.2596,19,0.09144,16,-0.1567,11,-0.6906,8,-1.1594,23,0.37766,11,-0.7708,31,0.87085
ENSG00000085719,CPNE3,39,0.85608,34,0.60817,14,-0.7952,11,-1.0582,14,-0.7777,22,-0.1025,20,-0.2192,38,0.78397,22,-0.0510,18,-0.4001
ENSG00000156103,MMP16,28,0.41923,27,0.32416,23,0.10002,16,-0.5051,22,0.00116,22,0.04082,29,0.44242,16,-0.4398,14,-0.6719,20,-0.0857
ENSG00000164823,OSGIN2,44,0.44282,36,0.12344,32,-0.0643,27,-0.3288,36,0.08737,21,-0.7341,14,-1.3727,40,0.28483,29,-0.2534,58,0.87893
ENSG00000104320,NBN,22,-0.4109,29,-0.0011,50,0.91550,28,-0.0173,28,-0.0310,29,0.03674,20,-0.5863,25,-0.2072,21,-0.4592,34,0.28013
ENSG00000104325,DECR1,28,-0.5258,65,0.80099,29,-0.4983,36,-0.1762,18,-1.1937,45,0.20241,40,0.00384,41,0.06032,53,0.46277,43,0.11153
ENSG00000104327,CALB1,0,-8.9592,19,-1.8066,195,1.98773,75,0.26345,14,-2.2589,28,-1.2707,38,-0.8065,43,-0.5902,128,1.17881,95,0.65915
ENSG00000123119,NECAB1,139,-1.5248,160,-1.3189,663,0.94788,572,0.69239,360,-0.0665,384,0.03660,436,0.24020,280,-0.4619,484,0.41224,277,-0.4807
ENSG00000155099,PIP4P2,35,-0.8831,50,-0.3159,57,-0.1197,70,0.21890,78,0.38909,68,0.17625,45,-0.4845,48,-0.3725,100,0.81491,61,-0.0117
ENSG00000253738,OTUD6B-AS1,73,-0.1687,108,0.45751,105,0.41423,69,-0.2585,82,0.01076,76,-0.0985,53,-0.6676,65,-0.3409,124,0.69745,57,-0.5546
ENSG00000155100,OTUD6B,24,0.26610,24,0.23055,23,0.16389,23,0.20035,12,-0.8532,16,-0.3452,21,0.02508,8,-1.3484,20,-0.0341,34,0.81220
ENSG00000079102,RUNX1T1,10,-1.7018,38,0.33776,42,0.53165,42,0.51676,20,-0.6442,51,0.82969,11,-1.4859,26,-0.2567,42,0.52996,23,-0.4440
ENSG00000205133,TRIQK,20,-0.8308,39,0.25311,40,0.29729,42,0.35744,37,0.16614,42,0.37477,25,-0.4608,30,-0.1793,32,-0.0543,27,-0.3142
ENSG00000188343,FAM92A,10,-2.2262,62,0.55160,60,0.47336,29,-0.6794,78,0.92902,45,0.01825,24,-0.9652,25,-0.8902,49,0.16617,63,0.56551
ENSG00000164951,PDP1,19,-3.7415,167,-0.5813,345,0.57936,375,0.72271,360,0.65116,339,0.54865,205,-0.2611,152,-0.7258,244,0.01028,214,-0.1947
ENSG00000164944,VIRMA,30,0.69672,35,0.96829,24,0.32683,13,-0.6018,26,0.49418,14,-0.5281,17,-0.1926,16,-0.3026,11,-0.8319,8,-1.3622
ENSG00000156162,DPY19L4,31,0.84604,26,0.58902,18,-0.0414,18,-0.0321,7,-1.4561,12,-0.5868,13,-0.5722,11,-0.7668,18,-0.0300,29,0.75697
ENSG00000156170,NDUFAF6,14,-0.9217,21,-0.2591,42,0.84950,31,0.32126,27,0.14013,41,0.81723,11,-1.1932,10,-1.3788,35,0.56153,17,-0.5636
ENSG00000156467,UQCRB,853,0.30378,745,0.08346,698,-0.0203,527,-0.4636,743,0.07867,841,0.28091,692,-0.0340,605,-0.2482,702,-0.0109,665,-0.0979
ENSG00000156471,PTDSS1,12,-2.0614,60,0.34004,60,0.34415,45,-0.1259,69,0.56194,75,0.70976,53,0.12777,31,-0.7030,34,-0.5537,47,-0.0399
ENSG00000169439,SDC2,26,-0.6404,71,0.95869,34,-0.2671,18,-1.2333,21,-0.9692,20,-1.0727,40,-0.0204,72,0.96407,40,-0.0170,59,0.62761
ENSG00000180543,TSPYL5,25,-1.1557,94,0.97431,75,0.57648,42,-0.3503,72,0.51737,45,-0.2510,53,0.00512,33,-0.7310,38,-0.4986,48,-0.1257
ENSG00000147649,MTDH,104,0.15803,71,-0.4445,129,0.50031,121,0.40128,56,-0.8208,103,0.13369,89,-0.0984,79,-0.2894,78,-0.3113,116,0.33669
ENSG00000104341,LAPTM4B,60,-0.7888,154,0.70918,81,-0.3353,107,0.11188,93,-0.1070,141,0.56833,76,-0.4249,79,-0.3755,102,0.03151,105,0.08505
ENSG00000156482,RPL30,1789,1.81600,738,0.24163,643,0.01732,443,-0.5686,293,-1.1987,351,-0.9243,596,-0.1032,460,-0.5106,373,-0.8349,672,0.08902
ENSG00000132541,RIDA,75,0.19896,66,0.00848,74,0.17411,49,-0.4656,53,-0.3503,49,-0.4593,76,0.22647,105,0.76200,70,0.08577,44,-0.6419
ENSG00000104361,NIPAL2,1,-4.5823,30,0.12247,38,0.50262,54,1.10162,36,0.41446,33,0.30255,26,-0.1075,23,-0.3071,19,-0.6009,18,-0.6699
ENSG00000253948,VPS13B-DT,22,0.29811,6,-1.5597,31,0.81580,6,-1.6767,17,-0.1451,13,-0.5503,25,0.48555,18,-0.0367,16,-0.2057,31,0.82272
ENSG00000164919,COX6C,439,-1.2069,1201,0.36850,1099,0.22274,1208,0.37745,1273,0.46430,777,-0.3300,807,-0.2713,650,-0.6085,1103,0.22967,1016,0.09513
ENSG00000147669,POLR2K,53,-1.3024,148,0.28826,120,-0.0402,174,0.56079,178,0.60084,132,0.11161,105,-0.2612,74,-0.7894,123,-0.0065,127,0.04529
ENSG00000034677,RNF19A,41,0.16205,42,0.19087,31,-0.3044,50,0.47495,45,0.31875,25,-0.6401,22,-0.7780,32,-0.2307,36,-0.0401,48,0.39414
ENSG00000186106,ANKRD46,35,-1.5730,108,0.15544,103,0.08755,116,0.28051,136,0.53797,132,0.49015,82,-0.2771,64,-0.6631,122,0.36317,79,-0.3369
ENSG00000070756,PABPC1,187,0.79700,123,0.10960,140,0.31279,84,-0.4906,84,-0.4965,59,-1.0363,82,-0.5346,157,0.49967,97,-0.2787,140,0.31269
ENSG00000164924,YWHAZ,296,-1.9475,841,-0.3659,1310,0.34345,1358,0.40347,1604,0.68262,1298,0.32867,779,-0.4861,674,-0.7107,1321,0.35797,1117,0.08480
ENSG00000261087,AP003469.4,21,-0.3974,35,0.42281,22,-0.3060,42,0.71473,28,0.09659,13,-1.1081,32,0.25923,21,-0.3965,35,0.42007,20,-0.4332
ENSG00000120963,ZNF706,137,0.49086,68,-0.6185,163,0.78977,89,-0.2067,123,0.31721,106,0.08167,70,-0.5688,67,-0.6538,84,-0.2897,104,0.04311
ENSG00000104490,NCALD,80,-2.0613,239,-0.4188,230,-0.4722,389,0.36223,586,1.06300,416,0.47366,424,0.50500,161,-1.0247,300,-0.0566,285,-0.1396
ENSG00000048392,RRM2B,21,-1.2347,71,0.65072,60,0.39156,53,0.16451,35,-0.4606,67,0.57450,50,0.07428,33,-0.5839,45,-0.0715,39,-0.3075
ENSG00000104517,UBR5,33,-0.3771,51,0.31060,60,0.58181,29,-0.5896,45,0.11026,52,0.32212,22,-1.0178,46,0.14330,32,-0.4427,52,0.33313
ENSG00000155090,KLF10,8,-1.1745,29,0.86595,35,1.20230,11,-0.7005,21,0.31310,19,0.19854,10,-0.8630,10,-0.7332,11,-0.6095,16,-0.0889
ENSG00000155096,AZIN1,105,-0.7693,206,0.30267,224,0.43807,144,-0.2749,233,0.49956,213,0.35767,107,-0.7330,145,-0.2587,204,0.28697,130,-0.4354
ENSG00000155097,ATP6V1C1,55,-2.0751,163,-0.4445,240,0.17126,223,0.05497,415,1.09974,296,0.51493,167,-0.4069,136,-0.7215,251,0.24497,211,-0.0324
ENSG00000164929,BAALC,250,-0.6494,530,0.55294,301,-0.3590,312,-0.3039,410,0.13081,441,0.24855,431,0.21187,386,0.03541,314,-0.2922,404,0.10716
ENSG00000164933,SLC25A32,7,-2.3068,39,0.29761,41,0.38384,35,0.10395,56,0.89365,46,0.54965,27,-0.2584,23,-0.5606,30,-0.1014,21,-0.6837
ENSG00000176406,RIMS2,49,-0.1974,55,-0.0284,59,0.08270,70,0.36596,60,0.10381,36,-0.7032,49,-0.2031,53,-0.0853,59,0.07255,70,0.36116
ENSG00000147650,LRP12,7,-1.8845,21,-0.2924,41,0.78461,26,-0.0028,26,-0.0024,56,1.30258,12,-1.1101,25,-0.0383,16,-0.7657,27,0.06667
ENSG00000169946,ZFPM2,8,-1.3371,8,-1.3920,45,1.39368,24,0.33949,14,-0.5193,13,-0.6127,9,-1.0842,17,-0.2250,41,1.22335,17,-0.2444
ENSG00000254615,AC027031.2,0,-7.2509,21,0.08368,24,0.33752,25,0.36357,22,0.16169,25,0.36528,18,-0.1139,16,-0.3347,17,-0.2236,29,0.65622
ENSG00000164830,OXR1,20,-3.7698,242,-0.1046,218,-0.2683,251,-0.0400,440,0.88567,466,0.98936,247,-0.0709,107,-1.3506,421,0.81028,167,-0.6825
ENSG00000147655,RSPO2,0,-7.4177,28,0.44004,36,0.86342,15,-0.5548,36,0.85555,20,-0.0746,17,-0.3881,7,-1.7493,34,0.72412,22,0.02739
ENSG00000104408,EIF3E,86,0.22159,133,0.94534,91,0.30641,46,-0.7521,61,-0.3347,60,-0.3472,66,-0.2020,69,-0.1287,78,0.06470,60,-0.3415
ENSG00000104412,EMC2,97,1.34120,60,0.50265,37,-0.2593,40,-0.1683,30,-0.5966,53,0.29874,37,-0.2590,38,-0.2143,29,-0.6278,18,-1.3681
ENSG00000120533,ENY2,44,-0.8963,102,0.43401,99,0.38367,102,0.43409,86,0.15429,66,-0.2707,76,-0.0485,54,-0.5648,63,-0.3249,88,0.20138
ENSG00000147654,EBAG9,20,-0.8909,49,0.50271,61,0.86795,50,0.54972,25,-0.5831,51,0.58753,24,-0.6429,20,-0.9093,40,0.17336,19,-0.9832
ENSG00000147642,SYBU,16,-3.1699,150,0.20196,200,0.67763,180,0.50557,147,0.16916,159,0.29601,115,-0.2128,69,-1.0056,197,0.65940,88,-0.6293
ENSG00000164794,KCNV1,0,-7.5622,47,-0.6922,133,0.99957,129,0.94335,114,0.74077,65,-0.1676,52,-0.5310,45,-0.7543,108,0.64838,35,-1.1053
ENSG00000147677,EIF3H,128,0.20730,137,0.32115,123,0.14847,85,-0.4362,101,-0.1623,115,0.03364,107,-0.0765,81,-0.5098,130,0.23291,116,0.05100
ENSG00000164754,RAD21,159,0.27002,186,0.52986,149,0.17087,75,-0.9004,159,0.27681,147,0.14667,98,-0.4986,97,-0.5128,160,0.27980,113,-0.2757
ENSG00000177570,SAMD12,19,-1.4050,27,-0.8810,54,0.19599,63,0.43845,67,0.56027,47,-0.0197,60,0.36206,39,-0.3146,47,-0.0137,54,0.20308
ENSG00000147676,MAL2,3,-5.5538,104,-0.4765,260,1.02848,208,0.63952,187,0.46360,159,0.19778,94,-0.6281,80,-0.8765,207,0.63306,105,-0.4681
ENSG00000136999,CCN3,3,-3.4052,58,0.80812,28,-0.3685,33,-0.1240,91,1.63279,38,0.10697,16,-1.1638,13,-1.4793,41,0.22506,32,-0.1444
ENSG00000136960,ENPP2,642,4.50736,41,-1.1998,19,-2.3130,16,-2.5933,48,-0.9613,41,-1.1927,27,-1.7885,18,-2.4228,19,-2.2973,21,-2.2050
ENSG00000172172,MRPL13,25,-0.2718,26,-0.2079,44,0.63274,24,-0.3342,28,-0.0845,44,0.66502,24,-0.3425,31,0.06936,30,0.02517,20,-0.5882
ENSG00000136986,DERL1,41,-0.0206,47,0.21170,54,0.42524,54,0.44208,38,-0.1258,41,-0.0010,36,-0.2079,21,-1.0498,28,-0.6105,53,0.39419
ENSG00000189376,C8orf76,3,-2.3734,10,-0.7571,30,0.92687,30,0.92961,13,-0.4394,29,0.90814,10,-0.8077,15,-0.1933,7,-1.2684,22,0.39697
ENSG00000165156,ZHX1,31,-0.8075,92,0.93327,72,0.51349,72,0.50663,37,-0.5384,16,-1.7946,42,-0.3500,74,0.55626,54,0.04279,35,-0.6387
ENSG00000156804,FBXO32,35,-0.1923,58,0.59811,68,0.86822,30,-0.4385,38,-0.0712,33,-0.3081,30,-0.4392,20,-1.0428,39,-0.0281,48,0.29329
ENSG00000176853,FAM91A1,32,0.06433,35,0.21757,43,0.57879,30,-0.0344,33,0.14290,42,0.54363,25,-0.3070,24,-0.3304,17,-0.8590,21,-0.5330
ENSG00000164983,TMEM65,23,-1.4822,47,-0.3982,115,1.07491,55,-0.1540,31,-1.0116,44,-0.5012,47,-0.3931,56,-0.1195,107,0.93547,80,0.45868
ENSG00000170881,RNF139,23,-0.5979,45,0.48947,28,-0.2889,21,-0.7073,29,-0.2011,25,-0.4442,41,0.32614,18,-0.9237,71,1.26977,32,-0.0478
ENSG00000147687,TATDN1,39,0.55708,21,-0.4243,29,0.07021,39,0.56502,33,0.27176,49,0.93338,13,-1.1261,15,-0.9465,19,-0.5816,20,-0.5180
ENSG00000147684,NDUFB9,239,-0.2527,401,0.58670,214,-0.4217,316,0.19548,266,-0.0798,348,0.35407,294,0.07838,211,-0.4481,248,-0.1931,263,-0.1011
ENSG00000170873,MTSS1,73,1.29740,57,0.85433,18,-0.9957,22,-0.6480,30,-0.1867,21,-0.7596,32,-0.0772,33,-0.0189,12,-1.5925,40,0.28254
ENSG00000104549,SQLE,75,1.11106,26,-0.5999,30,-0.3925,52,0.48843,39,-0.0076,58,0.64377,19,-1.0626,39,0.02488,26,-0.5976,22,-0.8693
ENSG00000164961,WASHC5,46,0.73572,37,0.40677,41,0.54329,22,-0.4414,33,0.21550,20,-0.5730,19,-0.6249,21,-0.4910,23,-0.3342,28,-0.0777
ENSG00000153310,FAM49B,54,-1.3100,172,0.50525,220,0.91765,97,-0.4121,159,0.37556,142,0.18798,109,-0.2386,62,-1.0987,187,0.64523,61,-1.1223
ENSG00000153317,ASAP1,35,-1.0122,47,-0.5674,87,0.41379,64,-0.0836,67,-0.0065,77,0.22366,72,0.10693,64,-0.0719,73,0.13791,87,0.40633
ENSG00000132294,EFR3A,51,-1.7082,292,1.05379,180,0.23279,167,0.10724,204,0.43833,191,0.33353,158,0.02438,105,-0.6135,130,-0.2872,79,-1.0497
ENSG00000184156,KCNQ3,13,-2.4640,109,0.79886,50,-0.4534,63,-0.0939,116,0.91049,62,-0.1128,83,0.34844,46,-0.6002,76,0.20545,52,-0.4096
ENSG00000129292,PHF20L1,32,-0.3888,43,0.06267,72,0.91170,43,0.06178,27,-0.6364,44,0.10176,28,-0.6107,40,-0.0520,42,0.02500,42,0.02469
ENSG00000104419,NDRG1,744,3.67897,68,-0.9535,72,-0.8641,44,-1.6220,40,-1.7602,67,-0.9763,63,-1.0764,55,-1.2880,56,-1.2408,53,-1.3282
ENSG00000131773,KHDRBS3,85,-0.8857,147,-0.0274,175,0.25947,153,0.03296,221,0.64533,202,0.48757,109,-0.4951,88,-0.8316,221,0.63989,94,-0.7188
ENSG00000167632,TRAPPC9,19,-0.9550,43,0.32835,29,-0.2919,36,0.04765,49,0.53453,47,0.45279,44,0.35451,30,-0.2444,28,-0.3626,27,-0.4169
ENSG00000282164,PEG13,4,-2.3634,41,1.16039,22,0.11208,32,0.75289,27,0.47311,24,0.24284,16,-0.3556,15,-0.4713,9,-1.1596,13,-0.7078
ENSG00000123908,AGO2,30,0.24590,26,0.01224,36,0.54539,23,-0.1726,18,-0.5631,23,-0.1308,13,-0.9785,29,0.18148,29,0.20457,29,0.19281
ENSG00000169398,PTK2,257,1.65910,63,-0.6919,104,0.09256,106,0.11484,78,-0.3714,81,-0.3135,43,-1.2765,78,-0.3611,87,-0.1898,88,-0.1826
ENSG00000105339,DENND3,15,-0.1240,13,-0.4312,40,1.44537,22,0.42226,12,-0.5117,19,0.22953,12,-0.5300,18,0.14025,10,-0.8255,7,-1.3290
ENSG00000022567,SLC45A4,6,-1.8915,17,-0.4116,19,-0.2239,38,0.90369,36,0.81252,19,-0.2119,25,0.19775,21,-0.0647,19,-0.2045,19,-0.2207
ENSG00000184489,PTP4A3,9,-1.0072,34,0.99495,11,-0.8480,13,-0.5609,20,0.14857,10,-0.8651,10,-0.9530,16,-0.2468,5,-1.7718,56,1.94463
ENSG00000181790,ADGRB1,31,-1.6482,91,-0.0189,140,0.69148,91,-0.0174,81,-0.2014,107,0.23314,77,-0.2782,76,-0.3072,100,0.13567,127,0.51646
ENSG00000198576,ARC,6,-1.6333,6,-1.5117,28,0.72790,31,0.84576,29,0.73929,28,0.71409,12,-0.6177,20,0.14401,13,-0.4815,8,-1.2433
ENSG00000130193,THEM6,19,-0.2363,14,-0.6872,23,0.03883,28,0.35379,19,-0.2702,20,-0.1219,33,0.66735,17,-0.3577,18,-0.3351,30,0.48692
ENSG00000180155,LYNX1,71,-1.2881,110,-0.6276,131,-0.3534,271,0.82931,202,0.33366,228,0.53665,158,-0.0572,152,-0.1222,163,-0.0112,155,-0.0910
ENSG00000160932,LY6E,85,-1.5133,278,0.32393,377,0.83908,321,0.56478,233,0.03778,278,0.32698,132,-0.8450,154,-0.6142,163,-0.5244,253,0.17026
ENSG00000176956,LY6H,116,-1.4647,284,-0.0895,563,1.05359,313,0.06904,401,0.47348,330,0.15214,171,-0.8723,174,-0.8526,281,-0.1040,368,0.32956
ENSG00000250571,GLI4,50,1.37360,38,0.92027,26,0.28515,11,-1.0532,15,-0.5971,31,0.57317,11,-1.1026,15,-0.6197,8,-1.5207,15,-0.5965
ENSG00000158106,RHPN1,71,0.89019,27,-0.6332,74,0.95815,43,0.06473,46,0.15936,36,-0.1984,18,-1.2513,33,-0.3488,28,-0.5738,36,-0.2078
ENSG00000147813,NAPRT,21,-0.0704,11,-1.0981,30,0.49128,14,-0.7020,28,0.34804,38,0.87924,22,0.00214,30,0.49173,9,-1.3139,19,-0.2712
ENSG00000104529,EEF1D,528,2.89944,84,-0.5044,61,-0.9990,57,-1.0936,64,-0.9318,35,-1.8044,82,-0.5399,102,-0.2037,40,-1.6286,107,-0.1259
ENSG00000104524,PYCR3,12,-0.3439,5,-1.5661,23,0.59059,12,-0.3741,28,0.96512,25,0.78937,15,-0.0849,10,-0.7059,10,-0.6768,15,-0.0304
ENSG00000104522,TSTA3,10,-1.5381,37,0.50787,40,0.64767,39,0.59486,28,0.06551,23,-0.2177,30,0.21168,24,-0.1659,21,-0.3726,16,-0.7939
ENSG00000183309,ZNF623,9,-1.2669,26,0.31197,23,0.15506,16,-0.4295,40,1.07163,20,-0.0668,24,0.21393,18,-0.2652,14,-0.6009,20,-0.0641
ENSG00000180900,SCRIB,78,1.83707,29,0.09782,15,-0.8872,12,-1.2300,26,-0.0330,26,-0.0704,26,-0.0602,21,-0.4085,13,-1.0917,24,-0.1517
ENSG00000179950,PUF60,127,0.32112,97,-0.1216,97,-0.1120,103,-0.0178,109,0.06698,126,0.31246,100,-0.0654,73,-0.5517,76,-0.4924,134,0.40404
ENSG00000185189,NRBP2,146,1.48191,45,-0.4950,47,-0.4204,51,-0.2994,57,-0.1150,51,-0.2893,38,-0.7208,57,-0.1098,61,0.00642,60,-0.0436
ENSG00000178209,PLEC,157,0.93637,85,-0.0740,91,0.02363,75,-0.2826,102,0.21493,74,-0.3037,70,-0.3818,103,0.22361,51,-0.8562,86,-0.0662
ENSG00000178719,GRINA,174,-1.0066,406,0.31893,394,0.27280,343,0.04661,386,0.23640,458,0.51790,203,-0.7742,199,-0.8085,412,0.34389,358,0.11363
ENSG00000178896,EXOSC4,20,-0.0848,40,1.07135,26,0.35489,25,0.26323,24,0.17789,28,0.46056,9,-1.2131,14,-0.5851,14,-0.6739,10,-1.0865
ENSG00000197858,GPAA1,75,-0.2601,78,-0.1961,119,0.48268,98,0.17255,72,-0.3136,88,-0.0084,78,-0.1903,78,-0.1989,94,0.10017,102,0.24063
ENSG00000179091,CYC1,99,-0.9431,251,0.52166,217,0.28014,177,-0.0504,264,0.60263,157,-0.2411,154,-0.2734,109,-0.8011,202,0.16313,195,0.10810
ENSG00000179526,SHARPIN,20,-0.3129,59,1.45732,23,-0.1174,17,-0.6205,22,-0.1637,18,-0.4787,32,0.38961,15,-0.8054,19,-0.4328,24,-0.0513
ENSG00000179632,MAF1,100,0.96858,41,-0.4824,55,-0.0298,56,-0.0001,54,-0.0597,48,-0.2379,41,-0.4719,33,-0.8284,38,-0.5963,93,0.83722
ENSG00000179832,MROH1,18,-1.3366,31,-0.5244,44,0.02164,56,0.41153,52,0.28469,57,0.42022,58,0.46889,32,-0.4895,52,0.28873,35,-0.3292
ENSG00000261236,BOP1,18,-0.9577,50,0.66943,44,0.45096,32,-0.0785,38,0.22722,36,0.12597,17,-1.0174,36,0.13448,24,-0.5202,37,0.19409
ENSG00000185122,HSF1,50,0.17806,49,0.14088,41,-0.1281,48,0.11488,52,0.24979,34,-0.4490,30,-0.5945,38,-0.2736,36,-0.3473,69,0.71775
ENSG00000185000,DGAT1,31,-0.2633,39,0.06504,50,0.47333,40,0.10203,48,0.40972,46,0.35521,26,-0.5438,24,-0.7047,23,-0.7190,45,0.29572
ENSG00000261678,SCRT1,1,-5.4804,74,0.30792,34,-0.8833,67,0.13985,52,-0.2515,97,0.75837,87,0.56994,48,-0.3871,75,0.33107,76,0.35750
ENSG00000071894,CPSF1,22,-0.4777,41,0.50192,38,0.35413,37,0.34616,33,0.15566,21,-0.5601,26,-0.2305,22,-0.4602,26,-0.2385,35,0.21895
ENSG00000160948,VPS28,121,-0.0884,153,0.28706,124,-0.0515,113,-0.1991,165,0.41545,147,0.22625,81,-0.7085,118,-0.1220,135,0.09373,121,-0.0899
ENSG00000187954,CYHR1,121,0.72447,64,-0.3131,84,0.11679,43,-0.9237,83,0.09947,94,0.30019,48,-0.7675,56,-0.5115,67,-0.2478,120,0.71303
ENSG00000167702,KIFC2,81,-0.4912,129,0.25467,147,0.46967,146,0.46063,101,-0.1362,118,0.10801,78,-0.5436,116,0.08265,69,-0.7333,117,0.09696
ENSG00000160972,PPP1R16A,31,0.25891,39,0.60636,21,-0.3821,17,-0.6772,15,-0.8380,31,0.22063,27,0.03027,28,0.09923,21,-0.3890,36,0.48782
ENSG00000167700,MFSD3,13,-1.5711,46,0.37575,41,0.18756,49,0.47400,59,0.77904,44,0.27991,20,-0.9025,30,-0.3145,29,-0.3744,35,-0.0675
ENSG00000160959,LRRC14,16,-0.8443,26,-0.0909,49,0.94147,38,0.49959,33,0.27108,30,0.11715,20,-0.4647,26,-0.0737,15,-0.9528,23,-0.2478
ENSG00000254402,LRRC24,21,-0.3787,29,0.08306,31,0.18016,27,-0.0126,19,-0.5920,45,0.80295,42,0.70145,25,-0.1389,9,-1.6175,26,-0.0940
ENSG00000213563,C8orf82,25,0.21535,23,0.12410,21,-0.0715,35,0.76680,20,-0.1250,39,0.96762,9,-1.3507,16,-0.4989,7,-1.6283,22,0.04445
ENSG00000147799,ARHGAP39,22,-0.0713,19,-0.2729,24,0.03136,17,-0.4613,30,0.41243,41,0.95854,19,-0.3244,18,-0.3733,22,-0.0862,19,-0.3180
ENSG00000161016,RPL8,1121,1.34051,545,0.10744,459,-0.1696,351,-0.5870,328,-0.6903,551,0.12338,457,-0.1753,392,-0.4172,388,-0.4326,510,-0.0017
ENSG00000170619,COMMD5,16,-0.5642,23,-0.0645,35,0.60426,32,0.45726,23,-0.0355,20,-0.2736,15,-0.7467,24,0.01185,34,0.57582,17,-0.5553
ENSG00000182307,C8orf33,44,0.20212,38,-0.0371,28,-0.5120,60,0.70251,28,-0.5299,60,0.70148,43,0.15378,34,-0.2125,30,-0.3959,25,-0.7082
ENSG00000181404,WASHC1,154,1.39454,70,0.05062,77,0.19642,48,-0.5353,42,-0.7599,86,0.37369,55,-0.3258,50,-0.4933,52,-0.4097,46,-0.6208
ENSG00000107104,KANK1,58,2.00732,50,1.70623,3,-2.4971,3,-2.4102,6,-1.7298,3,-2.4387,15,-0.3579,21,0.22832,3,-2.5973,22,0.29387
ENSG00000080503,SMARCA2,49,-1.9797,220,0.30853,234,0.41018,142,-0.3876,147,-0.3326,252,0.54006,128,-0.5510,178,-0.0259,195,0.11383,269,0.64838
ENSG00000147852,VLDLR,30,-0.0069,17,-0.8364,68,1.36818,26,-0.2160,12,-1.3418,18,-0.8252,13,-1.2225,23,-0.4215,60,1.13535,34,0.18862
ENSG00000080298,RFX3,5,-2.4708,12,-1.3343,71,1.54778,39,0.51534,13,-1.1849,13,-1.2343,15,-0.9671,32,0.16758,51,0.95198,35,0.33015
ENSG00000106688,SLC1A1,7,-2.9923,78,0.61862,83,0.72513,79,0.64533,57,0.11039,47,-0.1955,25,-1.1347,40,-0.4284,72,0.48440,44,-0.3005
ENSG00000106993,CDC37L1,29,-0.6650,48,0.13382,59,0.47570,48,0.12357,32,-0.5227,50,0.18010,43,-0.0504,34,-0.4032,59,0.45338,42,-0.0989
ENSG00000147853,AK3,59,0.08404,74,0.43240,31,-0.9291,59,0.06995,47,-0.2919,49,-0.2213,42,-0.4708,87,0.71265,53,-0.0878,63,0.17597
ENSG00000099219,ERMP1,50,1.65660,23,0.33375,9,-1.1249,18,-0.0941,14,-0.4642,29,0.71486,12,-0.6849,11,-0.8054,12,-0.6593,10,-0.9037
ENSG00000183354,KIAA2026,37,0.13322,33,-0.0234,27,-0.3491,49,0.60046,30,-0.2075,29,-0.2680,33,-0.0262,46,0.50537,31,-0.1343,23,-0.5700
ENSG00000137040,RANBP6,14,-2.0366,49,-0.1695,43,-0.3522,76,0.55571,70,0.40555,84,0.70857,37,-0.5734,52,-0.0776,64,0.27014,53,-0.0258
ENSG00000147854,UHRF2,37,0.66262,39,0.74203,20,-0.2904,35,0.59098,37,0.66712,24,-0.0320,16,-0.6541,7,-1.8131,17,-0.5241,12,-1.0554
ENSG00000137038,DMAC1,97,-0.1726,152,0.54913,147,0.49987,65,-0.8034,96,-0.1869,161,0.64934,116,0.11125,90,-0.2923,71,-0.6612,88,-0.3253
ENSG00000153707,PTPRD,185,0.95338,75,-0.5197,58,-0.9182,156,0.66557,112,0.11482,132,0.37982,107,0.04967,57,-0.9417,83,-0.3531,77,-0.4736
ENSG00000107186,MPDZ,113,1.23213,51,-0.0995,51,-0.0988,64,0.25916,42,-0.3886,58,0.11486,40,-0.4829,35,-0.6585,40,-0.4574,48,-0.2074
ENSG00000147862,NFIB,75,0.14265,72,0.09356,99,0.61323,38,-0.9236,23,-1.6390,47,-0.5949,50,-0.4937,114,0.83997,46,-0.6252,120,0.93239
ENSG00000175893,ZDHHC21,6,-3.0592,78,0.71230,63,0.35368,45,-0.1907,62,0.33000,47,-0.1045,35,-0.5767,52,0.03173,73,0.60138,44,-0.2036
ENSG00000155158,TTC39B,0,-7.5231,22,-0.0980,31,0.45576,30,0.40055,23,-0.0074,59,1.61433,21,-0.1802,13,-0.8236,12,-0.9755,21,-0.1685
ENSG00000164975,SNAPC3,18,-0.7542,40,0.47191,44,0.60331,20,-0.6246,24,-0.3569,25,-0.3003,18,-0.7807,30,-0.0055,38,0.36965,44,0.60425
ENSG00000164985,PSIP1,77,-1.0551,205,0.47641,222,0.61263,174,0.20329,135,-0.1926,99,-0.6870,124,-0.3301,117,-0.4201,206,0.48208,170,0.17298
ENSG00000107295,SH3GL2,70,-2.1751,252,-0.2434,260,-0.1919,535,1.00367,501,0.88701,449,0.70091,172,-0.8342,104,-1.5872,361,0.33626,230,-0.3822
ENSG00000155876,RRAGA,60,-1.6826,147,-0.3194,175,-0.0405,321,0.96671,247,0.51443,226,0.37117,106,-0.8278,91,-1.0629,214,0.27703,213,0.27047
ENSG00000137154,RPS6,2166,2.39912,366,-0.7368,389,-0.6448,426,-0.5018,451,-0.4130,335,-0.8709,417,-0.5347,473,-0.3401,376,-0.6948,459,-0.3849
ENSG00000155886,SLC24A2,203,-0.0484,375,0.97636,93,-1.2504,240,0.22108,414,1.14912,269,0.41043,204,-0.0404,69,-1.6973,124,-0.8192,100,-1.1380
ENSG00000171843,MLLT3,9,-1.5285,33,0.42884,29,0.25555,30,0.26919,24,-0.0983,37,0.61474,13,-1.0264,26,0.05801,17,-0.5851,34,0.47539
ENSG00000188352,FOCAD,18,-1.3165,23,-0.9536,37,-0.2398,51,0.26643,44,0.05275,107,1.56698,27,-0.7015,32,-0.4399,41,-0.0642,48,0.18891
ENSG00000198642,KLHL9,16,-1.2668,47,0.43810,31,-0.2189,30,-0.2640,66,1.00511,43,0.28653,30,-0.2870,29,-0.3453,33,-0.1259,34,-0.0788
ENSG00000107105,ELAVL2,23,-2.5837,208,0.76615,83,-0.7123,134,0.03853,154,0.26791,305,1.45071,111,-0.2630,90,-0.5882,97,-0.4614,101,-0.3985
ENSG00000198680,TUSC1,30,0.10104,32,0.19421,34,0.32320,17,-0.7393,28,-0.0077,48,0.90181,19,-0.5600,12,-1.2265,27,-0.0529,32,0.19287
ENSG00000137055,PLAA,13,-0.7085,26,0.30705,34,0.75608,24,0.17219,29,0.50586,23,0.10779,15,-0.5007,8,-1.4940,32,0.64007,9,-1.2492
ENSG00000120162,MOB3B,48,1.64994,16,-0.2482,33,0.97539,16,-0.1716,13,-0.5632,10,-0.8960,10,-0.9077,8,-1.1939,15,-0.3019,14,-0.4413
ENSG00000147894,C9orf72,9,-1.7795,28,-0.0043,35,0.32620,29,0.03462,30,0.08112,59,1.22457,19,-0.6608,16,-0.8636,31,0.15180,29,0.00127
ENSG00000122729,ACO1,27,0.65320,36,1.12806,20,0.15403,7,-1.4355,6,-1.6642,18,-0.0299,15,-0.2732,21,0.26592,11,-0.8102,20,0.19317
ENSG00000197579,TOPORS,7,-1.1933,18,0.15750,24,0.57775,14,-0.2274,10,-0.7787,17,0.07119,12,-0.5463,17,0.08074,26,0.70800,20,0.29055
ENSG00000235453,SMIM27,59,1.14460,30,0.01603,41,0.50410,19,-0.6877,28,-0.0795,32,0.12916,27,-0.1336,24,-0.3049,17,-0.8100,19,-0.7113
ENSG00000165264,NDUFB6,71,-1.4828,217,0.23464,231,0.33845,272,0.61406,197,0.08035,275,0.63221,141,-0.4424,122,-0.6665,191,0.03481,154,-0.3075
ENSG00000137074,APTX,42,0.92990,37,0.68612,21,-0.1724,30,0.34675,26,0.13911,26,0.09633,19,-0.3491,16,-0.5982,11,-1.2090,12,-1.0648
ENSG00000086061,DNAJA1,137,-1.2880,324,0.04072,331,0.07466,502,0.76312,378,0.28730,480,0.68590,221,-0.5622,175,-0.9207,342,0.12754,271,-0.2437
ENSG00000122692,SMU1,43,-0.3020,50,-0.0695,56,0.13417,63,0.31235,55,0.08927,58,0.18844,27,-1.0298,55,0.09159,69,0.46614,43,-0.2953
ENSG00000107262,BAG1,166,0.84863,80,-0.3382,71,-0.5308,82,-0.3059,105,0.08880,107,0.12037,101,0.01848,61,-0.7607,110,0.15813,112,0.18513
ENSG00000086065,CHMP5,89,-0.6161,178,0.49492,129,-0.0239,117,-0.1800,166,0.37673,150,0.21808,127,-0.0600,90,-0.5938,139,0.09557,128,-0.0379
ENSG00000086102,NFX1,40,0.57963,21,-0.4037,45,0.77599,33,0.27326,30,0.10145,30,0.13729,19,-0.5733,16,-0.8233,15,-0.9154,28,0.03608
ENSG00000165271,NOL6,6,-1.5427,48,1.61521,25,0.46747,16,-0.2582,19,0.02147,22,0.29316,16,-0.2081,7,-1.3562,22,0.26854,4,-2.2663
ENSG00000010438,PRSS3,6,-2.9095,24,-0.9489,33,-0.4377,68,0.72219,70,0.76637,64,0.62654,49,0.17450,23,-0.9737,66,0.67572,35,-0.3694
ENSG00000107341,UBE2R2,82,0.33542,92,0.52577,89,0.45842,69,0.05652,79,0.26102,66,-0.0072,43,-0.7000,49,-0.4988,41,-0.7562,58,-0.2140
ENSG00000137073,UBAP2,26,0.36408,19,-0.1484,10,-1.1352,10,-1.0988,23,0.17411,6,-1.8180,30,0.59640,21,-0.0047,28,0.46596,35,0.85949
ENSG00000165006,UBAP1,53,-0.0853,94,0.86695,35,-0.7242,56,0.01351,67,0.30483,37,-0.6440,47,-0.2701,47,-0.2671,41,-0.4724,80,0.58350
ENSG00000164978,NUDT2,25,-0.1206,33,0.31942,30,0.16383,20,-0.4161,44,0.81348,16,-0.7917,17,-0.7316,16,-0.8198,33,0.32201,35,0.43220
ENSG00000164976,MYORG,34,0.15023,55,0.92223,12,-1.4022,23,-0.4943,11,-1.5111,10,-1.7296,29,-0.1406,60,1.07056,20,-0.6925,59,1.05739
ENSG00000164972,C9orf24,6,-2.5538,40,0.32705,31,-0.0786,45,0.50273,14,-1.2865,31,-0.1005,40,0.31309,39,0.27361,54,0.82069,28,-0.2279
ENSG00000164970,FAM219A,80,0.05912,82,0.09540,53,-0.5714,103,0.46819,84,0.14564,120,0.72568,53,-0.5811,63,-0.3147,52,-0.6235,80,0.06687
ENSG00000168913,ENHO,281,0.31850,257,0.17428,190,-0.3057,178,-0.4075,161,-0.5629,142,-0.7540,234,0.02297,397,0.89938,199,-0.2319,267,0.23734
ENSG00000122756,CNTFR,36,-0.2547,46,0.12030,32,-0.4264,18,-1.2700,31,-0.5189,28,-0.6496,33,-0.4127,79,1.03217,33,-0.3793,89,1.23787
ENSG00000164967,RPP25L,10,-0.9815,20,-0.0136,15,-0.4748,29,0.58835,20,0.01648,29,0.60719,23,0.25839,22,0.17991,21,0.09462,10,-1.0951
ENSG00000137100,DCTN3,57,-1.2884,140,0.09254,178,0.48055,179,0.49518,187,0.56652,166,0.36433,98,-0.4764,88,-0.6372,102,-0.4130,128,-0.0510
ENSG00000147955,SIGMAR1,39,0.11536,34,-0.1033,46,0.37150,56,0.68090,31,-0.2519,45,0.32900,34,-0.1145,34,-0.1188,16,-1.2911,31,-0.2619
ENSG00000213930,GALT,10,-0.6965,10,-0.7524,23,0.59902,9,-0.8398,32,1.13674,8,-1.0063,13,-0.3400,12,-0.4173,27,0.85402,16,-0.0332
ENSG00000187186,AL162231.1,36,-1.2185,108,0.47146,91,0.20619,122,0.68503,79,-0.0356,113,0.54731,55,-0.6024,39,-1.1160,76,-0.0996,86,0.11427
ENSG00000122733,PHF24,14,-2.9538,130,0.41191,82,-0.3251,186,1.01373,121,0.29400,113,0.17346,130,0.41215,66,-0.6607,90,-0.1931,79,-0.3920
ENSG00000137094,DNAJB5,13,-0.5218,13,-0.5118,33,0.98449,19,0.03886,16,-0.1634,22,0.25726,15,-0.2788,13,-0.5448,12,-0.6540,27,0.61110
ENSG00000165280,VCP,92,-0.4102,97,-0.3253,92,-0.4043,109,-0.1425,226,1.07493,144,0.30923,125,0.08132,76,-0.6898,84,-0.5386,144,0.31057
ENSG00000165283,STOML2,44,-0.7939,72,-0.0066,82,0.20133,74,0.02122,75,0.04895,117,0.78542,59,-0.3284,66,-0.1551,81,0.17568,57,-0.3888
ENSG00000005238,FAM214B,39,0.64396,29,0.16137,23,-0.1752,36,0.49905,30,0.18964,21,-0.3488,19,-0.4647,8,-1.7012,30,0.19292,27,0.05169
ENSG00000198722,UNC13B,18,-0.6735,31,0.19386,32,0.26405,53,1.07388,25,-0.1408,25,-0.1318,23,-0.2620,20,-0.4908,27,-0.0395,21,-0.4424
ENSG00000198853,RUSC2,43,-1.0938,141,0.77337,107,0.30518,98,0.17286,83,-0.1011,102,0.22817,86,-0.0485,63,-0.5386,74,-0.2850,87,-0.0287
ENSG00000107140,TESK1,43,-0.1112,58,0.37584,56,0.32347,34,-0.4724,45,-0.0489,42,-0.1586,49,0.09817,35,-0.4344,35,-0.4471,65,0.54344
ENSG00000159884,CCDC107,40,0.28386,29,-0.2170,41,0.33703,43,0.41240,38,0.23473,38,0.21802,18,-0.9462,17,-1.0579,30,-0.1843,39,0.25906
ENSG00000198467,TPM2,45,0.85653,23,-0.2151,14,-0.9470,4,-2.8346,7,-1.8769,2,-3.8379,3,-2.9177,20,-0.4140,1,-4.5637,146,3.41351
ENSG00000137076,TLN1,74,1.99780,23,-0.0625,7,-1.8786,11,-1.2286,10,-1.3480,6,-2.0962,19,-0.3759,23,-0.0783,7,-1.7357,60,1.57223
ENSG00000107175,CREB3,60,0.37854,38,-0.3666,35,-0.4844,42,-0.2098,42,-0.2070,61,0.39647,44,-0.1081,65,0.49685,38,-0.3693,52,0.14817
ENSG00000070610,GBA2,48,-0.5651,79,0.20534,63,-0.1566,72,0.04869,75,0.12240,115,0.83832,71,0.04379,42,-0.7673,60,-0.2366,69,-0.0160
ENSG00000137133,HINT2,31,-0.2170,22,-0.7234,38,0.07622,43,0.28330,38,0.08588,38,0.09939,30,-0.2650,41,0.20538,29,-0.3367,48,0.48771
ENSG00000137103,TMEM8B,81,0.48291,76,0.38928,38,-0.7107,67,0.18746,47,-0.3657,82,0.50306,62,0.04278,44,-0.4995,49,-0.3119,54,-0.1766
ENSG00000122705,CLTA,184,-0.5696,227,-0.2483,217,-0.3187,419,0.75811,370,0.54519,379,0.58711,169,-0.7083,185,-0.5667,230,-0.2238,270,0.03088
ENSG00000159921,GNE,40,1.22553,11,-0.8907,15,-0.3486,23,0.26514,18,-0.1299,8,-1.2544,15,-0.4190,11,-0.8643,19,0.01174,33,0.85669
ENSG00000137075,RNF38,30,-0.6117,37,-0.2988,33,-0.4553,59,0.43176,70,0.73766,54,0.30309,38,-0.2673,43,-0.0784,43,-0.0759,41,-0.1310
ENSG00000281649,EBLN3P,31,-0.5226,55,0.40632,62,0.60459,39,-0.1464,54,0.38817,36,-0.2838,26,-0.7931,35,-0.2930,59,0.52935,31,-0.5202
ENSG00000137106,GRHPR,133,0.75749,95,0.20272,60,-0.5384,113,0.48469,71,-0.2683,98,0.24924,48,-0.8540,76,-0.1520,68,-0.3332,77,-0.1350
ENSG00000175768,TOMM5,51,-0.9862,139,0.60254,124,0.40579,110,0.21269,139,0.59105,95,-0.0320,80,-0.3022,60,-0.7305,84,-0.2229,83,-0.2323
ENSG00000122741,DCAF10,12,-1.2804,46,0.81058,49,0.91178,20,-0.5449,14,-1.0125,27,-0.0455,29,0.02167,28,0.01044,21,-0.4887,35,0.35882
ENSG00000107242,PIP5K1B,0,-7.4071,29,-0.3546,71,1.09925,34,-0.1166,15,-1.3349,41,0.17593,24,-0.6300,51,0.53283,33,-0.1540,68,1.02288
ENSG00000187866,FAM122A,17,-0.7428,35,0.39799,34,0.35490,24,-0.1811,25,-0.1696,31,0.21715,24,-0.2336,17,-0.7073,38,0.52575,28,0.06469
ENSG00000119139,TJP2,176,4.02104,10,-1.5371,8,-1.7616,7,-2.0389,7,-1.9834,5,-2.4455,2,-3.7797,43,0.76704,3,-3.0565,9,-1.6508
ENSG00000107282,APBA1,29,-0.9318,56,0.07393,33,-0.7242,73,0.52049,63,0.27124,44,-0.3151,68,0.38962,41,-0.3894,70,0.45565,54,0.03261
ENSG00000188647,PTAR1,21,-0.4233,22,-0.3633,25,-0.1804,17,-0.7318,19,-0.5966,13,-1.1110,23,-0.2680,45,0.78842,28,-0.0014,64,1.42018
ENSG00000119138,KLF9,19,-2.2975,87,-0.0198,127,0.59180,89,0.00799,112,0.39140,97,0.15714,96,0.13886,57,-0.6821,103,0.25364,95,0.10898
ENSG00000107362,ABHD17B,88,1.38340,30,-0.3762,37,-0.0676,33,-0.2303,68,0.93564,34,-0.2259,15,-1.4392,23,-0.7779,21,-0.9441,38,-0.0456
ENSG00000119125,GDA,47,-1.7192,142,-0.0401,266,0.99940,120,-0.3105,209,0.58129,211,0.59871,97,-0.6421,123,-0.2678,124,-0.2598,122,-0.2881
ENSG00000107372,ZFAND5,127,-1.4255,331,0.05435,437,0.50988,323,0.01520,412,0.41052,391,0.32575,256,-0.3508,228,-0.5315,349,0.14191,344,0.11839
ENSG00000165092,ALDH1A1,61,0.85598,33,-0.1453,12,-1.6380,15,-1.3564,21,-0.8206,24,-0.6347,37,0.03155,57,0.74003,29,-0.3721,73,1.18492
ENSG00000198963,RORB,5,-3.9950,135,0.83563,15,-2.5035,92,0.19220,199,1.53732,106,0.42300,118,0.61033,39,-1.1158,72,-0.1895,32,-1.4282
ENSG00000135045,C9orf40,8,-1.1673,21,0.21037,28,0.67798,23,0.35436,28,0.68334,22,0.31744,16,-0.1838,8,-1.2154,14,-0.4526,15,-0.3389
ENSG00000156017,CARNMT1,0,-5.6591,32,1.18405,20,0.38809,4,-2.0156,18,0.23668,5,-1.6194,6,-1.4954,17,0.16576,22,0.55731,32,1.19337
ENSG00000106733,NMRK1,17,-0.6587,31,0.23264,25,-0.0843,56,1.25387,27,0.05537,29,0.12955,12,-1.2194,11,-1.3303,33,0.33174,24,-0.1329
ENSG00000134996,OSTF1,18,-1.3397,27,-0.7275,40,-0.1066,62,0.62168,53,0.36799,45,0.09198,40,-0.0964,23,-0.9706,72,0.85506,46,0.13997
ENSG00000135002,RFK,25,-2.3492,163,0.52787,115,-0.0382,136,0.22634,133,0.19631,243,1.22313,92,-0.3952,63,-0.9825,108,-0.1376,101,-0.2373
ENSG00000106772,PRUNE2,129,0.18496,125,0.13697,41,-1.5907,123,0.10585,252,1.33581,226,1.13770,96,-0.2902,52,-1.2072,49,-1.3221,56,-1.0973
ENSG00000197969,VPS13A,13,-1.3416,35,0.16623,40,0.38203,34,0.12287,47,0.67768,28,-0.1958,30,-0.0702,26,-0.2572,44,0.55464,16,-1.0088
ENSG00000156052,GNAQ,154,-0.3294,150,-0.3712,216,0.20981,165,-0.2255,195,0.04155,200,0.08808,173,-0.1453,201,0.09125,244,0.40963,199,0.07849
ENSG00000135069,PSAT1,245,1.99801,53,-0.6161,32,-1.3854,46,-0.8538,23,-1.8708,39,-1.1090,68,-0.2466,149,1.05009,50,-0.7066,88,0.17426
ENSG00000106829,TLE4,113,2.05105,34,-0.0479,34,-0.0760,26,-0.4864,33,-0.1020,35,-0.0201,20,-0.8383,18,-1.0706,30,-0.2357,11,-1.7819
ENSG00000196781,TLE1,21,-1.2077,57,0.34775,64,0.54201,53,0.22948,29,-0.6909,20,-1.2606,38,-0.3026,64,0.53310,39,-0.2420,74,0.77728
ENSG00000135018,UBQLN1,72,-1.2319,212,0.45963,182,0.20585,211,0.45168,188,0.26158,135,-0.2743,100,-0.7309,92,-0.8583,209,0.42955,199,0.35503
ENSG00000165119,HNRNPK,342,-0.1498,514,0.51056,437,0.24337,372,-0.0162,404,0.11434,374,-0.0113,330,-0.2069,288,-0.4220,314,-0.2873,386,0.04096
ENSG00000148053,NTRK2,287,-1.0664,680,0.28381,519,-0.1519,535,-0.1045,511,-0.1773,466,-0.3217,482,-0.2689,927,0.80184,545,-0.0742,757,0.46053
ENSG00000135049,AGTPBP1,64,0.52829,50,0.14251,38,-0.3165,77,0.83906,73,0.76730,39,-0.2484,27,-0.8196,31,-0.5994,30,-0.6814,31,-0.6067
ENSG00000135040,NAA35,22,0.41928,26,0.67195,25,0.60240,16,-0.1246,9,-0.9494,17,-0.0175,14,-0.2754,16,-0.1115,11,-0.6709,15,-0.2121
ENSG00000135052,GOLM1,82,-0.3886,136,0.42616,115,0.15658,78,-0.4664,128,0.32766,95,-0.1567,65,-0.7466,123,0.25542,118,0.19059,107,0.03926
ENSG00000135070,ISCA1,40,-1.7862,152,0.26961,139,0.12261,158,0.32848,140,0.13335,155,0.30061,158,0.33314,77,-0.8033,121,-0.0963,147,0.21906
ENSG00000196730,DAPK1,5,-3.3559,52,-0.0648,133,1.52945,51,-0.0902,41,-0.4285,46,-0.2769,46,-0.2488,41,-0.4374,72,0.45124,56,0.03804
ENSG00000135047,CTSL,73,0.20422,72,0.19220,66,0.04664,49,-0.4106,55,-0.2398,89,0.53724,41,-0.6960,38,-0.8049,73,0.20319,84,0.44703
ENSG00000156345,CDK20,3,-2.8141,13,-0.5263,46,1.49458,25,0.47993,9,-1.1016,30,0.75576,12,-0.7472,20,0.07258,19,-0.0207,13,-0.6159
ENSG00000106723,SPIN1,80,-0.9310,111,-0.4215,200,0.51743,168,0.23065,243,0.84914,144,-0.0137,129,-0.1923,86,-0.8239,190,0.44027,103,-0.5363
ENSG00000148082,SHC3,41,-1.5321,182,0.78472,143,0.38829,104,-0.1338,97,-0.2337,88,-0.3849,94,-0.2947,124,0.15696,107,-0.0876,148,0.43665
ENSG00000187742,SECISBP2,20,-0.2221,22,-0.0579,29,0.38418,42,1.02266,26,0.22787,16,-0.5091,26,0.19794,15,-0.6579,16,-0.5498,15,-0.5879
ENSG00000187764,SEMA4D,268,2.48893,54,-0.3815,50,-0.5090,55,-0.3623,52,-0.4597,66,-0.0667,37,-0.9764,32,-1.1798,53,-0.4239,26,-1.4942
ENSG00000165023,DIRAS2,120,-1.0403,327,0.53963,319,0.49590,286,0.31655,445,1.06906,307,0.43473,127,-0.9596,123,-1.0108,171,-0.5056,127,-0.9559
ENSG00000148090,AUH,19,-1.0277,42,0.16372,44,0.23580,51,0.47980,39,0.06625,46,0.31976,24,-0.7183,27,-0.5425,65,0.88930,21,-0.8796
ENSG00000090054,SPTLC1,28,-0.7337,43,-0.0522,39,-0.2110,63,0.55303,43,-0.0436,46,0.03804,29,-0.6707,34,-0.4083,43,-0.0730,78,0.93387
ENSG00000196305,IARS,32,-1.4040,76,-0.0702,89,0.17833,89,0.17547,98,0.33933,138,0.90438,56,-0.5570,41,-1.0371,120,0.66867,59,-0.4814
ENSG00000185963,BICD2,23,-0.3995,39,0.46193,37,0.38871,35,0.28186,29,-0.0303,26,-0.1620,15,-0.9754,27,-0.1035,22,-0.4540,39,0.46393
ENSG00000165233,CARD19,17,-0.8461,40,0.43710,40,0.43741,52,0.89838,39,0.40973,41,0.48095,16,-0.9705,14,-1.1319,11,-1.5639,33,0.11886
ENSG00000131669,NINJ1,56,0.85973,41,0.32947,30,-0.1830,19,-0.8873,25,-0.4462,21,-0.7160,33,-0.0093,19,-0.8529,25,-0.4492,65,1.10132
ENSG00000165238,WNK2,25,-1.6206,104,0.58640,69,-0.0754,132,0.99565,80,0.15198,71,-0.0311,62,-0.2607,59,-0.3385,66,-0.1470,58,-0.3421
ENSG00000188938,FAM120AOS,41,0.41948,47,0.64119,42,0.44756,33,0.08179,22,-0.5397,19,-0.7813,18,-0.8321,31,-0.0093,43,0.51061,19,-0.8108
ENSG00000048828,FAM120A,56,0.09096,48,-0.1434,54,0.02324,57,0.11706,34,-0.6758,54,0.03032,50,-0.1013,45,-0.2692,72,0.49990,60,0.19416
ENSG00000197724,PHF2,49,1.21016,29,0.33314,19,-0.3457,19,-0.3677,14,-0.7641,8,-1.5658,12,-1.0300,26,0.15075,27,0.19236,34,0.56755
ENSG00000148110,MFSD14B,61,0.91187,38,0.11801,46,0.43639,41,0.27350,25,-0.5003,30,-0.2356,34,-0.0521,38,0.14164,13,-1.5112,23,-0.6107
ENSG00000148120,AOPEP,90,2.47974,11,-1.0716,26,0.20225,16,-0.5670,22,-0.0646,26,0.19847,10,-1.2609,7,-1.7804,11,-1.1510,12,-1.0289
ENSG00000182150,ERCC6L2,13,-0.6729,22,0.21305,35,0.93802,22,0.16574,17,-0.2285,18,-0.1239,16,-0.3323,22,0.18872,17,-0.2085,14,-0.4745
ENSG00000130956,HABP4,161,0.02745,173,0.13835,134,-0.2643,213,0.47795,218,0.51549,166,0.07109,196,0.34303,112,-0.5509,86,-0.9449,128,-0.3448
ENSG00000081377,CDC14B,47,1.63306,12,-0.5842,17,-0.0588,11,-0.8049,9,-1.0947,10,-0.9140,5,-1.7607,20,0.13315,13,-0.5507,37,1.19248
ENSG00000196312,MFSD14C,15,-0.2328,12,-0.5522,22,0.40249,13,-0.3737,10,-0.7300,27,0.72750,14,-0.3416,23,0.45854,15,-0.1657,19,0.22273
ENSG00000136842,TMOD1,19,-1.5394,38,-0.5158,101,1.09312,57,0.13718,25,-1.1440,48,-0.1524,26,-1.0918,38,-0.5165,100,1.07542,74,0.55672
ENSG00000136937,NCBP1,9,-1.6144,37,0.46325,45,0.81774,35,0.36289,28,0.05095,34,0.35702,14,-1.0507,28,0.03411,13,-1.0801,31,0.19102
ENSG00000136936,XPA,26,0.38093,24,0.24039,23,0.20738,8,-1.3625,29,0.57896,27,0.47270,19,-0.1341,23,0.18326,13,-0.6318,11,-0.9152
ENSG00000136938,ANP32B,315,3.41607,40,-0.5519,26,-1.2245,23,-1.4064,24,-1.3433,23,-1.4196,17,-1.8477,48,-0.2945,26,-1.2076,35,-0.7833
ENSG00000095380,NANS,6,-2.3719,64,1.39148,16,-0.8235,44,0.74205,23,-0.2924,36,0.38785,21,-0.4604,12,-1.2348,28,0.00965,30,0.10854
ENSG00000136928,GABBR2,15,-4.2862,275,0.05976,356,0.48179,368,0.53907,311,0.26079,331,0.36233,220,-0.2933,157,-0.8153,284,0.11202,331,0.36279
ENSG00000119523,ALG2,4,-2.0745,14,-0.3707,29,0.82732,26,0.65217,22,0.38000,22,0.37241,19,0.12105,22,0.38484,9,-1.0395,7,-1.2729
ENSG00000106803,SEC61B,40,-1.0088,80,0.04374,119,0.70892,92,0.27784,82,0.08907,72,-0.1142,49,-0.7111,74,-0.0732,76,-0.0336,90,0.24988
ENSG00000136874,STX17,10,-0.9863,23,0.34248,24,0.40057,49,1.66907,16,-0.2271,12,-0.6949,12,-0.6529,14,-0.4019,17,-0.1621,9,-1.0904
ENSG00000023318,ERP44,22,0.17876,23,0.24890,19,-0.0149,20,0.07942,27,0.50435,25,0.43616,7,-1.4502,17,-0.1733,11,-0.9084,23,0.24027
ENSG00000241697,TMEFF1,92,-0.1245,124,0.34871,95,-0.0747,103,0.05942,148,0.65109,148,0.64612,80,-0.3497,57,-0.8607,111,0.17802,38,-1.4864
ENSG00000148123,PLPPR1,69,1.88596,58,1.54294,11,-1.1674,13,-0.9339,10,-1.3014,15,-0.6431,8,-1.5502,32,0.52248,11,-1.1050,7,-1.8778
ENSG00000136897,MRPL50,26,-0.3140,39,0.30103,28,-0.1990,33,0.04690,24,-0.4629,21,-0.6273,30,-0.1343,29,-0.1610,42,0.42558,49,0.69502
ENSG00000136870,ZNF189,38,0.46880,49,0.87133,45,0.74616,29,0.04663,29,0.00717,16,-0.9286,12,-1.3114,16,-0.8463,26,-0.1427,26,-0.1739
ENSG00000165152,TMEM246,51,-1.0352,76,-0.4217,127,0.41147,95,-0.0600,135,0.50368,145,0.63053,72,-0.4961,68,-0.5951,97,-0.0269,123,0.35165
ENSG00000155827,RNF20,48,0.68098,33,0.05913,24,-0.4060,14,-1.2760,38,0.30167,25,-0.3346,31,-0.0337,43,0.50105,23,-0.4640,36,0.21224
ENSG00000136824,SMC2,34,1.00889,31,0.84664,20,0.16708,13,-0.5338,22,0.25774,9,-1.0075,11,-0.7468,19,0.07503,11,-0.7832,13,-0.5317
ENSG00000136783,NIPSNAP3A,42,0.51298,51,0.85832,20,-0.6664,25,-0.2989,42,0.52252,35,0.22523,26,-0.2678,15,-1.1244,24,-0.3969,25,-0.2801
ENSG00000070214,SLC44A1,436,2.81470,77,-0.3881,59,-0.7988,60,-0.7695,48,-1.1295,58,-0.8220,43,-1.2778,57,-0.8582,49,-1.0836,102,0.04623
ENSG00000106701,FSD1L,14,-1.2465,18,-0.8252,29,-0.1507,43,0.49737,54,0.89969,34,0.10759,29,-0.1291,19,-0.7992,32,0.00405,44,0.53388
ENSG00000119318,RAD23B,79,-0.8045,102,-0.4118,132,0.00173,156,0.27077,167,0.37429,240,0.99474,99,-0.4556,83,-0.7213,133,0.00338,131,-0.0107
ENSG00000070061,ELP1,28,-0.7317,51,0.20386,69,0.68516,49,0.11424,42,-0.1374,60,0.46255,27,-0.7731,29,-0.6779,37,-0.3329,61,0.46938
ENSG00000106771,TMEM245,56,-0.6534,117,0.52348,76,-0.1711,94,0.17486,80,-0.0948,65,-0.4159,55,-0.6804,57,-0.6063,113,0.46741,134,0.75495
ENSG00000260230,FRRS1L,14,-3.6425,198,0.31771,413,1.60639,150,-0.1345,200,0.33318,122,-0.4565,108,-0.6420,151,-0.1187,188,0.22691,86,-0.9959
ENSG00000095203,EPB41L4B,18,-1.3084,45,0.03775,97,1.34321,32,-0.5064,38,-0.2213,48,0.15947,36,-0.3169,34,-0.3861,57,0.44197,32,-0.4875
ENSG00000070159,PTPN3,0,-7.2380,12,-0.7099,19,0.00958,30,0.75033,23,0.29159,24,0.35926,11,-0.7871,15,-0.3340,48,1.57236,8,-1.2974
ENSG00000157654,PALM2-AKAP2,57,-0.0991,71,0.25403,67,0.15296,64,0.07211,46,-0.4503,62,0.04002,42,-0.5650,48,-0.3725,111,0.99096,41,-0.6307
ENSG00000136810,TXN,117,-1.0986,294,0.34137,321,0.48775,346,0.61453,310,0.42816,226,-0.0811,197,-0.3017,152,-0.7057,237,-0.0052,180,-0.4372
ENSG00000198121,LPAR1,554,5.24490,30,-1.2606,7,-3.4198,4,-4.1421,9,-3.0400,5,-3.7158,36,-0.9984,14,-2.3997,13,-2.4284,10,-2.7981
ENSG00000136813,ECPAS,111,0.53362,56,-0.5576,81,0.01720,82,0.05442,55,-0.5858,119,0.65056,55,-0.5755,60,-0.4394,93,0.25226,86,0.11336
ENSG00000173258,ZNF483,120,-1.6485,626,0.96687,425,0.30860,301,-0.2434,508,0.60530,364,0.05879,221,-0.7241,291,-0.2978,381,0.13106,273,-0.3960
ENSG00000106853,PTGR1,5,-2.4283,11,-1.2148,41,0.76380,44,0.88162,43,0.83160,33,0.39690,25,-0.0455,22,-0.2696,21,-0.3441,13,-1.0583
ENSG00000242616,GNG10,55,-0.4330,85,0.25896,140,1.10849,64,-0.2014,64,-0.1976,78,0.11922,44,-0.7827,61,-0.2749,52,-0.5129,81,0.18550
ENSG00000148154,UGCG,4,-3.8657,97,0.79476,63,0.07441,53,-0.1981,68,0.20392,88,0.64020,51,-0.2549,29,-1.1067,84,0.56051,61,0.02673
ENSG00000119314,PTBP3,6,-1.5787,19,0.08767,25,0.51801,20,0.12405,20,0.12450,12,-0.6034,16,-0.2591,18,-0.0562,41,1.34093,6,-1.5760
ENSG00000119471,HSDL2,39,0.90819,17,-0.3796,9,-1.4223,19,-0.2506,12,-0.8837,18,-0.2984,17,-0.4235,47,1.26425,17,-0.4560,27,0.31982
ENSG00000148153,INIP,19,-0.6925,32,0.14780,43,0.58754,22,-0.4584,30,0.03564,37,0.36344,34,0.24283,18,-0.7566,26,-0.2283,34,0.24456
ENSG00000148158,SNX30,44,0.23561,49,0.42612,44,0.25560,57,0.65937,49,0.40283,27,-0.5324,19,-1.0367,17,-1.1825,31,-0.2945,41,0.11600
ENSG00000176386,CDC26,34,0.57897,24,0.01215,21,-0.2096,21,-0.1795,21,-0.2268,27,0.18786,19,-0.3555,14,-0.8481,24,-0.0035,35,0.58682
ENSG00000136875,PRPF4,19,-0.0277,23,0.30199,26,0.49353,14,-0.5042,25,0.43198,30,0.74089,10,-0.9401,15,-0.3494,8,-1.2321,20,0.09739
ENSG00000119431,HDHD3,11,-0.5117,10,-0.5932,26,0.90268,19,0.41235,17,0.22619,17,0.18866,12,-0.3297,13,-0.1582,9,-0.7921,15,-0.0195
ENSG00000148218,ALAD,144,1.96424,34,-0.5109,48,0.03906,24,-1.0670,45,-0.0607,40,-0.2717,25,-0.9798,36,-0.4445,48,0.01878,29,-0.7528
ENSG00000148229,POLE3,52,0.42176,54,0.48966,60,0.66208,27,-0.6177,35,-0.2106,38,-0.0697,25,-0.7046,27,-0.6133,41,0.03574,41,0.02080
ENSG00000136888,ATP6V1G1,66,-1.3380,147,-0.1028,146,-0.1096,206,0.45093,180,0.22868,228,0.61291,155,-0.0105,96,-0.7551,136,-0.2187,204,0.43004
ENSG00000157693,TMEM268,17,-1.8817,50,-0.2128,67,0.24391,133,1.41289,52,-0.1579,60,0.06923,30,-0.9888,38,-0.6378,64,0.16984,65,0.19610
ENSG00000148219,ASTN2,34,0.02147,73,1.33830,15,-1.1763,14,-1.3036,47,0.56620,37,0.15963,30,-0.1759,31,-0.1045,19,-0.8197,32,-0.0773
ENSG00000119401,TRIM32,2,-2.8527,43,1.40300,20,0.10219,16,-0.2842,12,-0.7008,13,-0.5808,11,-0.8309,16,-0.2680,30,0.76322,25,0.45923
ENSG00000078725,BRINP1,15,-2.3679,90,0.35664,117,0.80643,109,0.67633,63,-0.2227,90,0.35197,47,-0.6613,41,-0.8629,84,0.25650,64,-0.1794
ENSG00000136861,CDK5RAP2,66,2.41191,3,-2.5006,11,-0.6683,7,-1.3476,16,-0.1323,16,-0.1716,23,0.40023,12,-0.5390,12,-0.6237,9,-0.9617
ENSG00000106780,MEGF9,79,0.43324,49,-0.3444,52,-0.2468,59,-0.0367,58,-0.0584,64,0.09172,54,-0.1794,62,0.03924,65,0.11454,63,0.06662
ENSG00000119402,FBXW2,41,0.11292,31,-0.3361,56,0.62245,52,0.49092,37,-0.0782,29,-0.4460,29,-0.4375,38,-0.0313,43,0.17268,29,-0.4568
ENSG00000095261,PSMD5,4,-2.4456,44,1.18215,28,0.43883,31,0.58629,24,0.17769,17,-0.3246,18,-0.2438,10,-1.1637,30,0.56062,8,-1.4996
ENSG00000119396,RAB14,102,-0.6430,155,0.00996,190,0.33678,173,0.18724,210,0.50334,206,0.46650,119,-0.4039,120,-0.3955,138,-0.1803,129,-0.2812
ENSG00000148180,GSN,832,2.89088,124,-0.6115,73,-1.4126,45,-2.1360,72,-1.4318,60,-1.7044,91,-1.0872,237,0.41561,58,-1.7644,244,0.46185
ENSG00000148175,STOM,110,0.93951,56,-0.1866,33,-0.9741,21,-1.6448,23,-1.5099,13,-2.3034,42,-0.6291,133,1.27225,60,-0.0768,135,1.29353
ENSG00000136848,DAB2IP,18,-1.4420,81,0.88877,42,-0.1613,59,0.35990,30,-0.7130,50,0.10941,50,0.09894,40,-0.2503,48,0.02758,52,0.16669
ENSG00000119421,NDUFA8,115,-0.8404,224,0.21115,244,0.34749,215,0.14406,211,0.10878,215,0.14409,158,-0.3451,138,-0.5541,237,0.30241,210,0.10506
ENSG00000106852,LHX6,4,-2.8188,48,0.99874,17,-0.7059,10,-1.3748,17,-0.6853,47,0.95041,36,0.50235,19,-0.4651,46,0.91100,19,-0.4910
ENSG00000119446,RBM18,21,-1.0745,51,0.31550,34,-0.3540,66,0.74060,53,0.36837,63,0.66680,39,-0.1284,29,-0.5705,26,-0.7316,39,-0.1352
ENSG00000056586,RC3H2,41,-0.4142,53,-0.0041,69,0.43511,54,0.01890,81,0.69011,44,-0.2856,44,-0.2747,39,-0.4760,46,-0.2314,59,0.17425
ENSG00000011454,RABGAP1,47,-0.7525,88,0.23444,85,0.17072,73,-0.0830,103,0.47881,79,0.04872,70,-0.1454,62,-0.3326,69,-0.1693,90,0.25373
ENSG00000165209,STRBP,12,-2.0421,29,-0.7639,45,-0.0623,72,0.70679,60,0.39803,72,0.69632,61,0.43642,32,-0.5887,47,0.00831,38,-0.3087
ENSG00000119522,DENND1A,12,-1.3192,24,-0.2290,19,-0.5884,49,0.89261,19,-0.5924,27,-0.0707,34,0.29991,43,0.66890,26,-0.1140,29,0.04892
ENSG00000106689,LHX2,13,-2.3164,112,1.00043,65,0.10779,49,-0.3341,58,-0.0847,38,-0.7224,46,-0.4541,93,0.68977,53,-0.2155,83,0.50399
ENSG00000119408,NEK6,9,-0.7143,11,-0.4114,17,0.26982,13,-0.2210,14,-0.0109,8,-0.8191,16,0.13134,26,0.93417,9,-0.7027,22,0.64709
ENSG00000136930,PSMB7,141,-0.2189,136,-0.2761,138,-0.2612,252,0.72307,153,-0.0911,184,0.20069,153,-0.0971,100,-0.7543,200,0.33895,166,0.03451
ENSG00000136942,RPL35,1393,1.31972,803,0.36438,440,-0.5909,557,-0.2240,445,-0.5750,521,-0.3295,593,-0.1259,587,-0.1401,595,-0.1205,480,-0.4588
ENSG00000136950,ARPC5L,25,-2.4286,108,-0.2597,189,0.64801,187,0.63653,137,0.12171,201,0.75564,80,-0.7301,68,-0.9760,161,0.38167,115,-0.1546
ENSG00000173611,SCAI,9,-2.9306,113,0.90779,92,0.55246,73,0.17292,82,0.37162,60,-0.1239,39,-0.8022,54,-0.2920,92,0.54817,39,-0.7840
ENSG00000119414,PPP6C,88,0.34388,74,0.05092,94,0.43702,56,-0.3701,87,0.31720,90,0.37461,53,-0.4701,65,-0.1471,56,-0.3865,51,-0.5185
ENSG00000136933,RABEPK,19,-0.8373,37,0.20271,32,-0.0006,52,0.77837,48,0.65108,30,-0.1436,21,-0.6344,23,-0.5083,23,-0.5213,38,0.25400
ENSG00000044574,HSPA5,119,-0.3916,150,-0.0260,218,0.58046,140,-0.1410,202,0.45472,157,0.04358,115,-0.4446,103,-0.6226,144,-0.0917,179,0.25969
ENSG00000165219,GAPVD1,13,-1.2639,48,0.72234,23,-0.4817,32,0.06736,34,0.14629,32,0.05631,31,0.02493,37,0.29613,24,-0.3758,34,0.14346
ENSG00000119487,MAPKAP1,18,-1.1250,31,-0.3230,44,0.21537,46,0.26910,28,-0.5125,35,-0.1745,46,0.27764,36,-0.1217,79,1.19900,23,-0.7714
ENSG00000196814,MVB12B,154,2.91340,11,-1.6947,14,-1.2817,16,-1.1591,21,-0.6941,14,-1.3078,28,-0.2926,25,-0.4609,17,-1.0008,34,0.03771
ENSG00000169155,ZBTB43,14,-0.5054,10,-1.0435,42,1.29820,17,-0.2153,23,0.28443,29,0.67087,18,-0.1000,18,-0.0941,11,-0.8190,11,-0.8687
ENSG00000136828,RALGPS1,16,-0.9903,46,0.66163,38,0.34825,25,-0.2923,28,-0.1136,44,0.61793,27,-0.1564,16,-0.9683,38,0.34336,25,-0.2827
ENSG00000136895,GARNL3,17,-0.9711,52,0.80356,69,1.30715,29,-0.1551,14,-1.2438,20,-0.7343,20,-0.7301,22,-0.5608,34,0.08967,42,0.44726
ENSG00000136856,SLC2A8,30,0.25874,25,-0.0635,50,1.10090,34,0.43964,12,-1.1128,24,-0.1436,10,-1.4681,21,-0.3225,26,0.01352,26,0.02910
ENSG00000197958,RPL12,1034,1.84072,364,0.00657,301,-0.2936,189,-1.0095,216,-0.8121,296,-0.3214,230,-0.7165,338,-0.1104,350,-0.0581,309,-0.2539
ENSG00000148356,LRSAM1,20,-0.5397,20,-0.5593,36,0.39894,36,0.38886,40,0.57171,38,0.46131,14,-1.0378,27,-0.0756,19,-0.6083,33,0.22621
ENSG00000136854,STXBP1,146,-2.5089,935,0.32725,938,0.33266,1158,0.68502,1376,0.98192,807,0.08830,666,-0.2191,432,-0.8916,620,-0.3313,564,-0.4796
ENSG00000187024,PTRH1,11,-0.7789,21,0.27509,17,-0.1179,21,0.27170,14,-0.3746,26,0.57111,19,0.09905,14,-0.3412,27,0.63289,10,-0.9348
ENSG00000095370,SH2D3C,7,-1.4441,27,0.70668,22,0.37905,15,-0.2481,21,0.25956,15,-0.2835,20,0.22249,13,-0.5118,23,0.45196,13,-0.4457
ENSG00000136807,CDK9,38,-0.2207,55,0.40256,54,0.35036,40,-0.1061,30,-0.5629,38,-0.2070,34,-0.3617,29,-0.6127,53,0.31667,61,0.55814
ENSG00000106991,ENG,33,0.75660,20,-0.0204,12,-0.8439,5,-2.1362,11,-0.9862,10,-1.0797,13,-0.6974,30,0.61810,6,-1.8256,66,2.06259
ENSG00000106992,AK1,146,0.35298,139,0.27626,105,-0.1785,125,0.11039,77,-0.6485,139,0.28140,99,-0.2708,118,0.01249,80,-0.5925,143,0.31882
ENSG00000160408,ST6GALNAC6,100,0.28588,75,-0.1705,76,-0.1574,71,-0.2701,70,-0.2807,97,0.23908,83,-0.0089,96,0.22036,56,-0.6337,114,0.49360
ENSG00000136908,DPM2,45,0.05559,30,-0.5884,33,-0.4223,62,0.55329,44,0.00144,45,0.03855,34,-0.3840,25,-0.8417,51,0.23560,69,0.73274
ENSG00000167106,FAM102A,160,1.58258,74,0.25246,64,0.02053,44,-0.5586,46,-0.5208,52,-0.3214,41,-0.6799,55,-0.2271,38,-0.7889,61,-0.0573
ENSG00000148339,SLC25A25,23,-1.0070,49,0.15617,52,0.28043,67,0.67987,45,0.05056,42,-0.0870,34,-0.3838,25,-0.8737,48,0.14125,55,0.35890
ENSG00000148334,PTGES2,42,-1.2808,107,0.15321,115,0.26584,97,-0.0180,126,0.41181,125,0.40031,101,0.06212,69,-0.5396,83,-0.2564,110,0.19506
ENSG00000171159,C9orf16,147,-1.2731,208,-0.7440,402,0.29964,400,0.28995,423,0.38303,372,0.17390,298,-0.1822,252,-0.4458,319,-0.0743,521,0.73332
ENSG00000148337,CIZ1,71,0.61552,32,-0.6343,62,0.39517,43,-0.1826,71,0.60743,31,-0.7149,54,0.14880,40,-0.3116,38,-0.3763,45,-0.1295
ENSG00000106976,DNM1,199,-2.0865,778,-0.0075,870,0.17270,1027,0.44542,1123,0.59553,1178,0.67651,566,-0.5090,458,-0.8350,1062,0.50143,552,-0.5458
ENSG00000167110,GOLGA2,30,-0.1950,43,0.38486,37,0.12420,27,-0.3726,32,-0.1151,40,0.25285,47,0.50146,33,-0.0455,29,-0.2364,23,-0.5952
ENSG00000167112,TRUB2,48,-0.1547,55,0.07863,54,0.04063,57,0.12960,74,0.56963,54,0.05243,69,0.43591,27,-1.0013,45,-0.2397,41,-0.3702
ENSG00000167113,COQ4,66,0.24359,91,0.76594,57,0.01369,44,-0.4038,46,-0.3279,82,0.59825,60,0.09047,40,-0.5622,44,-0.3884,38,-0.6256
ENSG00000167114,SLC27A4,43,-0.3022,59,0.18992,48,-0.1503,79,0.65564,76,0.60054,50,-0.0831,46,-0.2054,25,-1.1435,51,-0.0367,49,-0.1286
ENSG00000167118,URM1,58,0.94149,23,-0.5287,24,-0.4726,29,-0.1542,34,0.06368,45,0.53592,25,-0.4011,27,-0.2767,24,-0.4674,35,0.13768
ENSG00000207955,AL359091.1,342,5.48723,4,-3.1862,11,-1.9967,6,-2.7988,1,-4.5595,7,-2.5348,15,-1.5528,6,-2.6981,2,-4.3427,12,-1.8459
ENSG00000167123,CERCAM,520,5.71914,4,-3.8900,7,-3.2387,7,-3.1897,13,-2.3273,14,-2.1562,20,-1.6484,3,-4.4277,5,-3.6064,12,-2.4133
ENSG00000197694,SPTAN1,222,-1.1258,572,0.36012,555,0.30824,574,0.36359,627,0.51201,367,-0.3509,439,-0.0699,339,-0.4756,336,-0.4899,554,0.30609
ENSG00000119333,WDR34,21,0.23639,25,0.50125,16,-0.2200,10,-0.9656,16,-0.2060,20,0.11296,22,0.26315,23,0.37244,14,-0.4693,17,-0.0885
ENSG00000119335,SET,291,0.29135,249,0.03798,283,0.24456,190,-0.3948,273,0.18675,246,0.01452,186,-0.4263,165,-0.6093,287,0.26688,264,0.12839
ENSG00000160445,ZER1,75,-0.4124,70,-0.5303,171,0.91856,97,-0.0138,128,0.43172,80,-0.3118,90,-0.1301,61,-0.7467,88,-0.1772,120,0.33024
ENSG00000107021,TBC1D13,52,0.55588,32,-0.2302,35,-0.0767,33,-0.1732,40,0.11191,37,-0.0203,28,-0.4557,35,-0.0886,41,0.14742,38,0.04726
ENSG00000167136,ENDOG,37,-0.7094,92,0.75920,46,-0.3510,77,0.46406,34,-0.8292,90,0.72180,45,-0.3880,46,-0.3603,73,0.36896,39,-0.6087
ENSG00000198917,SPOUT1,38,1.18455,26,0.51745,12,-0.6204,15,-0.2951,18,-0.0481,8,-1.3265,15,-0.3502,11,-0.7251,10,-0.9408,32,0.91669
ENSG00000136802,LRRC8A,75,-0.1739,101,0.29387,72,-0.2411,87,0.04764,71,-0.2741,66,-0.3689,65,-0.4014,100,0.27988,71,-0.2725,133,0.75005
ENSG00000148341,SH3GLB2,204,0.58413,113,-0.3668,174,0.32248,196,0.51856,104,-0.4942,102,-0.5260,144,0.01951,122,-0.2540,160,0.18547,107,-0.4505
ENSG00000148343,MIGA2,35,0.23810,23,-0.4060,31,0.05173,34,0.17447,30,-0.0339,39,0.39500,29,-0.0620,21,-0.5678,34,0.17583,27,-0.1812
ENSG00000095321,CRAT,68,0.67834,46,0.03952,40,-0.1622,37,-0.3171,45,0.00430,58,0.40486,36,-0.3257,25,-0.9264,58,0.41506,36,-0.3512
ENSG00000119383,PTPA,143,-0.0288,173,0.28721,119,-0.3204,213,0.63137,126,-0.2199,149,0.04207,96,-0.6547,126,-0.2279,131,-0.1642,176,0.31326
ENSG00000188483,IER5L,18,-0.5210,23,-0.1793,39,0.69553,24,-0.0957,23,-0.1776,19,-0.4434,17,-0.6573,15,-0.8615,31,0.31792,47,1.00195
ENSG00000148335,NTMT1,11,-1.5667,30,-0.0704,38,0.29391,59,1.05657,20,-0.7284,45,0.58412,32,0.04267,18,-0.8294,22,-0.5472,39,0.33219
ENSG00000148331,ASB6,9,-1.6238,25,-0.1789,39,0.54502,28,0.01067,34,0.29681,32,0.22582,36,0.37866,20,-0.5335,25,-0.1980,32,0.22219
ENSG00000136827,TOR1A,41,-0.0249,50,0.29912,57,0.50046,31,-0.4521,43,0.04862,73,0.91788,27,-0.6706,20,-1.1468,41,-0.0218,34,-0.3135
ENSG00000136819,C9orf78,63,-0.0367,69,0.09979,66,0.04320,55,-0.2412,61,-0.0859,77,0.28516,50,-0.4152,62,-0.0691,66,0.04322,76,0.26512
ENSG00000136878,USP20,50,0.60898,26,-0.4165,37,0.12466,22,-0.6571,33,-0.0313,36,0.08222,44,0.40352,19,-0.9263,24,-0.5311,50,0.62504
ENSG00000187239,FNBP1,175,2.57905,32,-0.4681,20,-1.1758,26,-0.8039,24,-0.9193,24,-0.9393,34,-0.3923,38,-0.2206,19,-1.2479,43,-0.0019
ENSG00000148358,GPR107,53,1.06559,25,-0.1447,29,0.06883,12,-1.2981,31,0.15840,26,-0.1005,24,-0.2017,25,-0.1521,13,-1.1605,40,0.57265
ENSG00000107130,NCS1,73,-2.0022,252,-0.1244,319,0.25671,241,-0.1968,208,-0.4232,312,0.21941,401,0.63386,304,0.17424,255,-0.1074,360,0.45176
ENSG00000130707,ASS1,19,-1.4284,48,-0.0142,62,0.40685,76,0.75319,45,-0.1088,59,0.31239,45,-0.0939,34,-0.5206,46,-0.0646,47,-0.0284
ENSG00000107164,FUBP3,57,0.90965,38,0.24427,31,-0.0578,53,0.79817,15,-1.1447,10,-1.7762,23,-0.5493,38,0.24784,19,-0.8490,42,0.40357
ENSG00000130713,EXOSC2,13,-0.3367,13,-0.3335,20,0.25814,19,0.17654,9,-0.9027,12,-0.5230,24,0.58652,11,-0.5993,22,0.45615,23,0.52429
ENSG00000097007,ABL1,69,1.56406,45,0.79142,17,-0.7537,13,-1.1054,22,-0.3263,17,-0.7269,17,-0.7610,20,-0.4723,18,-0.6467,37,0.48067
ENSG00000126878,AIF1L,541,4.92857,22,-1.7353,6,-3.6639,14,-2.4001,9,-3.0303,9,-3.0922,30,-1.2694,41,-0.8346,6,-3.5129,19,-1.9533
ENSG00000126883,NUP214,35,0.83517,20,-0.0537,21,-0.0183,23,0.18058,12,-0.8702,11,-0.9900,16,-0.4204,11,-1.0340,30,0.57518,31,0.63009
ENSG00000160539,PLPP7,14,-0.8146,16,-0.5763,37,0.72331,29,0.33463,38,0.79656,40,0.87748,15,-0.6587,11,-1.1556,21,-0.1350,13,-0.8814
ENSG00000130723,PRRC2B,116,-0.2671,206,0.65899,143,0.06399,90,-0.6583,136,-0.0138,104,-0.4444,125,-0.1529,138,0.00932,153,0.17395,164,0.28079
ENSG00000130714,POMT1,39,0.62938,44,0.81340,33,0.34828,28,0.11276,14,-0.9199,36,0.51349,16,-0.8040,23,-0.2225,15,-0.8652,16,-0.7453
ENSG00000130717,UCK1,54,1.03562,23,-0.3449,23,-0.3959,28,-0.0347,36,0.31863,27,-0.1027,29,0.01278,21,-0.4960,31,0.08053,18,-0.7035
ENSG00000107263,RAPGEF1,41,-0.2882,30,-0.7785,38,-0.4211,39,-0.3700,41,-0.3121,73,0.63302,54,0.13745,48,-0.0643,66,0.46835,66,0.46090
ENSG00000160563,MED27,26,0.79374,14,-0.1893,19,0.29200,23,0.60013,22,0.51665,22,0.47581,9,-0.7898,16,0.03553,2,-3.1727,6,-1.4147
ENSG00000196358,NTNG2,41,1.01798,22,0.00727,7,-1.6191,18,-0.3594,34,0.65754,20,-0.1844,18,-0.3665,29,0.42414,10,-1.2499,24,0.14387
ENSG00000107290,SETX,57,0.64014,47,0.31258,41,0.12052,33,-0.2473,42,0.14158,26,-0.6119,20,-0.9686,40,0.07125,37,-0.0437,40,0.08219
ENSG00000125484,GTF3C4,13,-0.8912,31,0.49736,32,0.50524,25,0.12768,21,-0.1143,25,0.14853,16,-0.6033,21,-0.1073,24,0.05923,22,-0.0774
ENSG00000165698,SPACA9,18,-0.5233,27,0.14746,30,0.29413,21,-0.2346,22,-0.1629,41,0.81131,23,-0.1614,19,-0.3984,24,-0.0665,24,-0.0821
ENSG00000165699,TSC1,33,-0.3562,40,-0.0482,60,0.61311,43,0.07775,60,0.62101,57,0.54042,38,-0.1238,30,-0.4639,23,-0.9136,26,-0.6757
ENSG00000148308,GTF3C5,60,1.57220,39,0.78481,34,0.54369,20,-0.2721,13,-0.8851,11,-1.1964,16,-0.6004,20,-0.2886,16,-0.6229,11,-1.2242
ENSG00000160271,RALGDS,140,2.15112,35,-0.2958,34,-0.3210,24,-0.8568,38,-0.1443,30,-0.5184,32,-0.4369,26,-0.7528,32,-0.4306,29,-0.5646
ENSG00000148296,SURF6,74,1.28839,37,0.13777,23,-0.6188,32,-0.0993,31,-0.1381,25,-0.4811,33,-0.0789,23,-0.6059,29,-0.2517,35,0.03429
ENSG00000148297,MED22,21,-0.1254,36,0.76599,29,0.41992,23,0.01831,23,0.03625,13,-0.8091,24,0.07946,16,-0.5323,18,-0.3438,22,-0.0120
ENSG00000148303,RPL7A,841,0.79130,476,-0.1441,576,0.16000,376,-0.5148,488,-0.1035,551,0.09047,452,-0.2274,411,-0.3773,415,-0.3611,626,0.29778
ENSG00000148290,SURF1,70,0.13280,99,0.69825,38,-0.8055,61,-0.0790,66,0.04023,51,-0.3560,48,-0.4597,71,0.14634,59,-0.1315,81,0.36195
ENSG00000148291,SURF2,14,-0.8729,27,0.11056,33,0.41509,23,-0.1443,28,0.12311,31,0.33649,25,-0.0255,17,-0.5768,36,0.57213,19,-0.4586
ENSG00000148248,SURF4,95,0.33157,75,-0.0544,126,0.80904,96,0.34660,75,-0.0532,52,-0.6238,46,-0.8043,70,-0.1459,70,-0.1539,68,-0.2021
ENSG00000148300,REXO4,18,0.08676,17,-0.0246,22,0.41906,15,-0.1961,30,0.89349,13,-0.4389,17,-0.0430,5,-1.6873,9,-1.0542,26,0.66622
ENSG00000160326,SLC2A6,10,-1.5627,36,0.33858,22,-0.4278,58,1.13744,50,0.85455,33,0.19093,22,-0.4369,16,-0.8855,21,-0.5569,25,-0.2550
ENSG00000235106,BRD3OS,30,-0.8066,66,0.43712,36,-0.5529,32,-0.7078,67,0.44081,70,0.51966,47,-0.1303,36,-0.5463,65,0.40136,59,0.24175
ENSG00000169925,BRD3,71,1.19420,31,-0.1555,35,0.01288,25,-0.5112,29,-0.2960,28,-0.3170,29,-0.2788,44,0.36922,36,0.07365,19,-0.9469
ENSG00000196363,WDR5,24,0.07215,17,-0.4892,30,0.44531,28,0.32585,38,0.79403,28,0.29611,13,-0.8348,22,-0.0980,14,-0.7467,16,-0.5174
ENSG00000186350,RXRA,55,0.76238,43,0.37884,30,-0.2321,27,-0.3790,25,-0.4624,18,-0.9840,35,0.02260,50,0.61775,24,-0.5434,36,0.06786
ENSG00000130558,OLFM1,164,-3.0297,1167,-0.0737,1738,0.57777,1927,0.75234,1569,0.40687,1226,0.00587,930,-0.4306,706,-0.8579,1760,0.59858,1032,-0.2680
ENSG00000196422,PPP1R26,14,-0.7594,13,-0.8580,25,0.13787,29,0.39302,25,0.12373,25,0.15725,23,-0.0162,27,0.24769,16,-0.5678,32,0.56147
ENSG00000122140,MRPS2,17,-1.4032,52,0.35553,39,-0.1293,34,-0.3033,34,-0.3028,52,0.34336,44,0.09507,31,-0.4811,51,0.30323,65,0.71029
ENSG00000107147,KCNT1,24,-1.3358,64,0.17798,101,0.94535,52,-0.1555,83,0.61499,61,0.10422,33,-0.8306,34,-0.8195,59,0.05831,60,0.08417
ENSG00000130559,CAMSAP1,26,-0.8800,34,-0.4290,50,0.15603,63,0.53446,45,-0.0121,47,0.05194,23,-1.0677,37,-0.3110,68,0.66979,60,0.46237
ENSG00000130560,UBAC1,33,-0.8055,48,-0.2200,45,-0.3396,90,0.78638,48,-0.2343,83,0.66441,25,-1.2222,50,-0.1770,69,0.35530,65,0.24250
ENSG00000148411,NACC2,148,1.43395,62,-0.0488,38,-0.7921,31,-1.0950,25,-1.3995,32,-1.0539,77,0.29446,88,0.52180,41,-0.6871,95,0.65728
ENSG00000238227,TMEM250,16,-1.3342,43,0.16674,53,0.51966,36,-0.1001,38,-0.0115,47,0.32082,32,-0.2874,43,0.18102,44,0.20749,33,-0.2509
ENSG00000160360,GPSM1,53,0.61609,25,-0.5670,35,-0.0734,42,0.24638,40,0.14579,37,0.02284,36,0.01230,39,0.11805,20,-0.9274,36,-0.0279
ENSG00000165684,SNAPC4,8,-1.0626,19,0.18670,17,0.05830,37,1.33967,10,-0.7260,25,0.68533,8,-1.0273,16,-0.0491,15,-0.1118,9,-0.8625
ENSG00000165688,PMPCA,33,-0.4195,61,0.56115,52,0.31984,51,0.28143,74,0.89484,26,-0.7976,28,-0.6724,38,-0.2095,43,0.00271,24,-0.8686
ENSG00000148384,INPP5E,17,-0.3932,16,-0.5353,15,-0.5702,27,0.29109,37,0.85497,18,-0.3231,13,-0.8188,17,-0.3948,22,-0.0361,40,0.95896
ENSG00000148396,SEC16A,30,-0.7806,46,-0.0848,70,0.59145,66,0.47380,58,0.26818,41,-0.2889,34,-0.5702,43,-0.1930,58,0.27781,44,-0.1851
ENSG00000148400,NOTCH1,106,3.15892,18,-0.1854,9,-1.3047,7,-1.6047,11,-0.9303,4,-2.4957,11,-0.9669,32,0.68429,1,-4.3785,10,-1.0900
ENSG00000172889,EGFL7,69,-0.6595,99,-0.1113,113,0.10228,177,0.84856,135,0.39808,118,0.17879,115,0.12976,79,-0.4527,81,-0.4211,72,-0.6023
ENSG00000169692,AGPAT2,5,-1.8000,13,-0.3540,15,-0.1546,19,0.25824,29,0.94037,11,-0.5751,11,-0.5903,13,-0.3707,18,0.13094,29,0.97801
ENSG00000165716,DIPK1B,37,-0.8048,74,0.30028,62,0.01796,63,0.03112,67,0.14047,135,1.32518,52,-0.2589,36,-0.8248,49,-0.3583,41,-0.6500
ENSG00000233016,SNHG7,32,0.37857,44,0.93880,27,0.14482,25,0.00525,23,-0.1102,20,-0.3580,15,-0.8043,14,-0.8303,22,-0.1729,27,0.10888
ENSG00000244187,TMEM141,29,-1.2943,76,0.17116,56,-0.3209,85,0.35139,103,0.67507,125,1.00847,40,-0.8204,32,-1.1506,80,0.26071,56,-0.3164
ENSG00000196642,RABL6,161,0.75260,53,-1.0042,134,0.43529,73,-0.5319,58,-0.8663,115,0.19318,61,-0.7916,101,-0.0235,137,0.48137,127,0.35654
ENSG00000232434,AJM1,24,-0.8528,48,0.23841,39,-0.1178,36,-0.2393,28,-0.6082,35,-0.2556,58,0.53336,46,0.15370,31,-0.4468,71,0.88492
ENSG00000054148,PHPT1,256,0.58587,179,0.00152,214,0.29510,128,-0.5194,134,-0.4513,195,0.13661,169,-0.0881,159,-0.1888,147,-0.3064,206,0.22797
ENSG00000107223,EDF1,314,0.11785,317,0.13359,346,0.27495,288,-0.0220,252,-0.2297,416,0.58269,222,-0.4275,177,-0.7833,270,-0.1204,314,0.11961
ENSG00000159069,FBXW5,97,0.05949,100,0.11226,112,0.29943,86,-0.1370,65,-0.5641,107,0.21636,98,0.08036,80,-0.2483,76,-0.3273,113,0.30492
ENSG00000107317,PTGDS,4373,2.27496,1110,-0.1888,593,-1.1560,357,-1.9176,547,-1.2799,711,-0.8804,749,-0.8020,1713,0.51447,800,-0.7001,1548,0.34727
ENSG00000148362,PAXX,95,0.73378,83,0.50755,63,0.05861,59,-0.0379,55,-0.1523,59,-0.0377,36,-0.8021,37,-0.7510,39,-0.6705,79,0.43519
ENSG00000107331,ABCA2,721,2.92388,115,-0.4900,140,-0.1824,102,-0.6805,109,-0.5804,96,-0.7705,74,-1.1702,66,-1.3319,62,-1.4351,88,-0.9023
ENSG00000107281,NPDC1,183,-0.4755,321,0.41880,272,0.14759,337,0.50232,272,0.15010,332,0.47501,172,-0.5715,116,-1.1725,227,-0.1434,247,-0.0061
ENSG00000177239,MAN1B1,41,-0.1566,47,0.05066,47,0.04221,47,0.05334,64,0.55492,58,0.38475,33,-0.5236,32,-0.5332,23,-1.0587,64,0.54386
ENSG00000176978,DPP7,163,0.89088,102,0.10015,100,0.07546,97,0.03509,88,-0.1260,88,-0.1224,63,-0.6438,75,-0.3703,73,-0.4155,103,0.12782
ENSG00000176884,GRIN1,97,-2.1892,292,-0.5388,700,0.88699,602,0.62835,485,0.26934,484,0.26782,389,-0.0840,380,-0.1225,316,-0.4157,360,-0.2096
ENSG00000176101,SSNA1,115,0.79287,73,0.02705,58,-0.3148,74,0.05419,55,-0.3960,92,0.40686,54,-0.4232,41,-0.8481,56,-0.3820,94,0.45228
ENSG00000176058,TPRN,137,2.32214,23,-0.8026,27,-0.5424,42,0.17583,33,-0.2325,27,-0.5056,25,-0.6177,18,-1.1032,19,-1.0555,28,-0.4729
ENSG00000187713,TMEM203,28,-0.8394,58,0.31833,50,0.07351,70,0.61150,56,0.25606,55,0.23264,25,-0.9923,32,-0.6409,63,0.43512,42,-0.2142
ENSG00000212864,RNF208,23,-2.2298,91,-0.1776,133,0.43341,96,-0.0950,141,0.52426,63,-0.7545,137,0.48037,122,0.28251,104,0.03775,110,0.11634
ENSG00000188229,TUBB4B,89,-1.8862,200,-0.6751,286,-0.1158,348,0.19996,619,1.18246,487,0.76188,241,-0.3870,203,-0.6492,316,0.04707,283,-0.1296
ENSG00000188986,NELFB,68,0.54305,53,0.13829,43,-0.1919,41,-0.2461,41,-0.2666,56,0.23119,45,-0.1074,52,0.10421,19,-1.4345,67,0.52439
ENSG00000188747,NOXA1,9,-1.3510,29,0.50053,45,1.22951,29,0.45214,17,-0.3395,26,0.32074,15,-0.6046,8,-1.4033,22,0.06092,15,-0.5858
ENSG00000165802,NSMF,236,0.44977,154,-0.2376,205,0.21233,131,-0.4977,162,-0.1580,143,-0.3586,211,0.26408,258,0.59865,117,-0.6653,175,-0.0390
ENSG00000182154,MRPL41,167,-0.0313,246,0.59855,156,-0.1407,194,0.20582,201,0.26503,155,-0.1486,89,-1.0125,140,-0.3060,136,-0.3587,221,0.42093
ENSG00000148399,DPH7,52,1.68600,15,-0.4437,26,0.47442,16,-0.2671,20,0.00037,14,-0.5306,17,-0.2147,7,-1.5805,13,-0.6369,16,-0.3238
ENSG00000165724,ZMYND19,19,-0.3369,14,-0.8359,35,0.63678,41,0.90209,20,-0.2524,27,0.21080,16,-0.5670,14,-0.8196,25,0.09555,25,0.10771
ENSG00000181090,EHMT1,14,-0.4026,5,-1.8324,25,0.50869,25,0.48596,14,-0.4589,22,0.31074,10,-0.9680,18,-0.0224,26,0.57905,24,0.43281
ENSG00000148408,CACNA1B,5,-3.5149,90,0.69958,118,1.15967,71,0.30367,65,0.16143,61,0.06695,38,-0.6727,34,-0.8380,55,-0.1047,51,-0.2413
ENSG00000015171,ZMYND11,112,0.32507,129,0.56723,142,0.73102,49,-0.9712,77,-0.2704,109,0.27986,78,-0.2522,77,-0.2627,53,-0.8325,87,-0.0805
ENSG00000151240,DIP2C,66,0.74640,72,0.89121,50,0.28157,33,-0.3627,48,0.22941,31,-0.4495,25,-0.7765,31,-0.4463,27,-0.6671,34,-0.3283
ENSG00000107929,LARP4B,33,-0.3430,32,-0.3954,66,0.75227,31,-0.4756,42,0.01179,55,0.45224,46,0.16512,29,-0.5706,34,-0.3067,47,0.21746
ENSG00000107937,GTPBP4,26,-0.3149,21,-0.6382,38,0.30299,41,0.44602,51,0.78941,40,0.41054,13,-1.3113,18,-0.8559,43,0.49289,23,-0.4826
ENSG00000067064,IDI1,124,-0.2677,185,0.37374,102,-0.5656,204,0.54045,175,0.28648,236,0.78355,97,-0.6493,106,-0.5062,108,-0.4826,130,-0.1956
ENSG00000047056,WDR37,19,-0.8416,58,0.90700,21,-0.6948,25,-0.4545,54,0.77233,26,-0.4109,44,0.45976,23,-0.5867,42,0.36295,22,-0.6330
ENSG00000185736,ADARB2,55,1.58826,32,0.63244,19,-0.1718,6,-1.7827,9,-1.2408,3,-2.6792,3,-2.6127,35,0.76654,6,-1.9053,47,1.29299
ENSG00000067057,PFKP,88,-1.6691,295,0.19544,169,-0.6766,281,0.11779,697,1.71324,417,0.77496,188,-0.5190,103,-1.4355,233,-0.1774,138,-0.9860
ENSG00000107959,PITRM1,57,-0.2122,86,0.46105,62,-0.0622,66,0.03347,72,0.17128,89,0.50781,58,-0.1883,25,-1.4292,78,0.29724,55,-0.2529
ENSG00000067082,KLF6,22,-0.7452,55,0.74484,33,-0.0983,39,0.17871,41,0.24008,34,-0.0212,22,-0.6858,29,-0.2891,23,-0.6505,51,0.62595
ENSG00000173848,NET1,47,1.24564,30,0.49671,19,-0.2520,12,-0.9900,14,-0.7213,18,-0.3502,15,-0.5530,17,-0.4057,15,-0.6079,35,0.76242
ENSG00000196372,ASB13,21,-0.7646,44,0.39937,35,0.02443,42,0.30964,36,0.05131,45,0.41871,35,0.02030,22,-0.6877,34,-0.0200,31,-0.1487
ENSG00000108021,TASOR2,7,-1.3693,28,0.66530,28,0.65968,12,-0.7151,10,-0.8937,22,0.28586,12,-0.6985,21,0.15034,31,0.79567,16,-0.2588
ENSG00000057608,GDI2,137,0.15499,151,0.31022,110,-0.1978,127,0.03413,133,0.10551,201,0.78772,118,-0.0907,80,-0.7036,86,-0.5846,104,-0.2900
ENSG00000134452,FBH1,35,0.39294,9,-1.6239,44,0.76362,50,0.97448,17,-0.7457,22,-0.3444,21,-0.4239,22,-0.3734,31,0.15989,25,-0.1424
ENSG00000134453,RBM17,66,0.58976,55,0.30481,63,0.50326,37,-0.3384,44,-0.0543,45,-0.0337,41,-0.1887,35,-0.4207,33,-0.4974,39,-0.2360
ENSG00000170525,PFKFB3,85,0.83190,35,-0.5838,53,0.04628,36,-0.5796,50,-0.0535,77,0.65169,41,-0.3688,43,-0.2958,48,-0.0963,47,-0.1324
ENSG00000123243,ITIH5,23,-0.0027,20,-0.1634,11,-1.0356,3,-2.8562,2,-3.2616,4,-2.3957,12,-0.9789,24,0.10109,4,-2.5030,122,3.35591
ENSG00000165629,ATP5F1C,83,-1.3799,319,0.73885,233,0.21786,233,0.21460,219,0.11861,247,0.31395,149,-0.4910,95,-1.1736,260,0.39566,198,-0.0447
ENSG00000048740,CELF2,32,-2.5532,186,0.11589,244,0.55867,177,0.03572,194,0.17941,192,0.16355,162,-0.1107,162,-0.1063,197,0.21156,187,0.12052
ENSG00000151461,UPF2,19,-0.9622,55,0.70573,26,-0.4876,35,-0.0165,36,0.00631,27,-0.4373,40,0.17125,38,0.11000,30,-0.2485,50,0.55339
ENSG00000065665,SEC61A2,26,-1.2564,58,0.00134,70,0.28636,64,0.14690,58,0.00257,85,0.61210,41,-0.5596,43,-0.4807,63,0.13165,75,0.41313
ENSG00000165609,NUDT5,25,0.01399,34,0.54048,21,-0.2325,38,0.69651,17,-0.5454,29,0.28652,11,-1.2522,19,-0.3953,22,-0.1464,29,0.25727
ENSG00000151465,CDC123,20,-1.5999,83,0.62717,68,0.30339,69,0.33674,53,-0.1034,62,0.16184,32,-0.8626,40,-0.5427,62,0.16263,74,0.44228
ENSG00000183049,CAMK1D,13,-3.5918,132,-0.1955,221,0.64478,156,0.06762,184,0.33560,149,-0.0031,161,0.12613,147,-0.0266,152,0.02787,178,0.28303
ENSG00000151468,CCDC3,13,-2.0418,63,0.37784,45,-0.1516,35,-0.5384,66,0.47277,94,1.06204,42,-0.2626,26,-1.0125,40,-0.3364,72,0.61966
ENSG00000123240,OPTN,95,-1.0411,170,-0.1511,203,0.13518,232,0.35139,191,0.03728,175,-0.1055,250,0.47375,137,-0.4838,237,0.38481,177,-0.0824
ENSG00000107537,PHYH,20,-0.9645,28,-0.4298,27,-0.5189,60,0.79178,57,0.70259,37,-0.0023,35,-0.0767,31,-0.2740,33,-0.1626,42,0.20998
ENSG00000086475,SEPHS1,30,0.08875,29,0.02561,22,-0.4451,26,-0.1299,38,0.42873,36,0.34251,34,0.26803,25,-0.2123,19,-0.5997,28,-0.0378
ENSG00000151474,FRMD4A,32,-0.0032,6,-2.4400,31,-0.0337,43,0.47679,29,-0.1821,20,-0.6941,27,-0.2644,38,0.25444,42,0.44015,52,0.80048
ENSG00000065809,FAM107B,378,5.58167,4,-3.3866,7,-2.8053,15,-1.6418,11,-2.0597,9,-2.3856,7,-2.6835,11,-2.1029,0,-6.6114,3,-3.8718
ENSG00000176244,ACBD7,67,0.53618,30,-0.7211,36,-0.4543,27,-0.8789,13,-1.9784,28,-0.8687,56,0.22044,100,1.22914,46,-0.0949,81,0.83923
ENSG00000152465,NMT2,9,-1.9056,57,0.94456,34,0.10381,44,0.48874,57,0.92274,15,-1.1596,25,-0.3787,23,-0.5409,26,-0.3196,33,0.01087
ENSG00000148468,FAM171A1,130,0.11213,113,-0.1072,142,0.25812,161,0.45785,166,0.51007,89,-0.4933,103,-0.2626,100,-0.3069,109,-0.1746,101,-0.2956
ENSG00000148481,MINDY3,24,-0.7875,62,0.69765,34,-0.2820,36,-0.2021,57,0.54611,64,0.74542,31,-0.4048,22,-0.9746,39,-0.0810,38,-0.1259
ENSG00000148484,RSU1,25,0.35676,12,-0.7706,32,0.77871,22,0.14618,32,0.76497,18,-0.1589,11,-0.8427,17,-0.2411,15,-0.4366,15,-0.4499
ENSG00000026025,VIM,145,-0.2364,207,0.33144,111,-0.6560,39,-2.2020,35,-2.3715,47,-1.9327,72,-1.3113,396,1.46554,75,-1.2534,558,2.14967
ENSG00000136738,STAM,30,-0.6176,54,0.29800,50,0.15644,54,0.27755,56,0.33696,73,0.79639,39,-0.2298,22,-1.1190,35,-0.4141,39,-0.2326
ENSG00000148482,SLC39A12,10,-1.5645,36,0.39905,17,-0.7587,18,-0.6315,15,-0.9148,11,-1.4500,23,-0.3024,77,1.77150,24,-0.2158,47,0.85910
ENSG00000165995,CACNB2,1,-6.1974,63,-0.2487,149,1.18569,131,0.95985,37,-1.0582,48,-0.6807,36,-1.0856,67,-0.1513,131,0.96327,73,-0.0117
ENSG00000165997,ARL5B,5,-2.0813,43,1.12803,27,0.34305,24,0.13780,26,0.26057,21,-0.0495,17,-0.4146,18,-0.3372,26,0.25986,12,-0.8797
ENSG00000078114,NEBL,72,-0.8369,144,0.25504,115,-0.1011,100,-0.3308,100,-0.3307,93,-0.4393,126,0.04416,164,0.47426,184,0.66347,130,0.09772
ENSG00000078403,MLLT10,18,-0.0615,24,0.41989,26,0.55595,19,0.03119,24,0.38729,14,-0.3871,13,-0.5527,18,-0.0322,8,-1.2926,21,0.22571
ENSG00000148444,COMMD3,47,0.54387,40,0.25698,33,-0.0202,39,0.22924,42,0.33387,27,-0.3329,12,-1.5760,25,-0.4591,36,0.11552,36,0.11419
ENSG00000168283,BMI1,85,0.55132,84,0.51984,57,-0.0919,64,0.08974,71,0.24751,50,-0.3004,53,-0.2116,40,-0.6334,52,-0.2325,50,-0.3085
ENSG00000150867,PIP4K2A,658,3.62476,75,-0.6409,44,-1.4600,52,-1.1897,70,-0.7537,42,-1.5165,52,-1.2011,45,-1.4256,41,-1.5595,55,-1.1178
ENSG00000148450,MSRB2,76,0.31054,76,0.32841,35,-0.8975,66,0.08312,53,-0.2635,70,0.19062,67,0.10409,57,-0.1481,59,-0.0902,66,0.08278
ENSG00000165312,OTUD1,26,0.35349,17,-0.3151,29,0.52507,12,-0.8496,21,-0.0059,10,-1.1368,25,0.32332,22,0.09977,26,0.34470,20,-0.0333
ENSG00000120549,KIAA1217,8,-1.9717,45,0.58767,52,0.83959,25,-0.3266,28,-0.1471,31,-0.0030,25,-0.3543,27,-0.2277,29,-0.1002,41,0.43480
ENSG00000107863,ARHGAP21,321,1.18717,158,-0.0092,228,0.59131,84,-0.9952,186,0.25204,83,-1.0010,117,-0.4760,127,-0.3583,134,-0.2680,150,-0.0853
ENSG00000099256,PRTFDC1,33,1.10344,18,0.08392,20,0.29540,18,0.14230,4,-1.9563,7,-1.3742,17,-0.0197,24,0.56284,17,-0.0145,11,-0.6791
ENSG00000151025,GPR158,5,-3.7920,115,0.72981,62,-0.2830,124,0.86554,119,0.78471,97,0.45449,47,-0.6927,42,-0.8614,65,-0.1941,60,-0.3316
ENSG00000136750,GAD2,5,-4.7090,463,2.22366,59,-1.2740,65,-1.1212,56,-1.3583,200,0.63792,95,-0.5475,122,-0.1610,74,-0.9310,212,0.74004
ENSG00000136754,ABI1,51,-0.8220,68,-0.3895,170,1.11583,95,0.13652,56,-0.6851,72,-0.3046,53,-0.7771,92,0.08664,86,-0.0136,128,0.63340
ENSG00000107890,ANKRD26,6,-1.2517,9,-0.7046,16,0.12952,9,-0.7523,15,-0.0484,5,-1.4644,17,0.21618,31,1.17711,15,-0.0165,26,0.89793
ENSG00000136758,YME1L1,33,-1.0854,102,0.67240,71,0.07945,72,0.10654,86,0.39285,63,-0.0944,41,-0.7580,47,-0.5665,104,0.70671,55,-0.3268
ENSG00000107897,ACBD5,96,1.19110,51,0.11655,33,-0.5356,44,-0.0994,36,-0.4169,22,-1.1420,40,-0.2471,44,-0.1038,40,-0.2430,64,0.49112
ENSG00000099246,RAB18,66,-1.0870,168,0.38749,144,0.13015,121,-0.1462,125,-0.0892,237,0.96920,123,-0.1190,106,-0.3536,80,-0.7940,156,0.26065
ENSG00000150054,MPP7,0,-7.0051,3,-2.2959,17,0.05194,41,1.59402,25,0.72316,16,-0.0010,7,-1.1612,12,-0.3834,17,0.07013,22,0.51883
ENSG00000254635,WAC-AS1,21,0.36327,17,0.08928,16,-0.0405,13,-0.3551,23,0.50653,9,-0.9508,18,0.14622,6,-1.4820,16,-0.0131,26,0.71438
ENSG00000095787,WAC,138,-0.0068,170,0.32406,128,-0.1259,104,-0.4522,188,0.48795,149,0.10834,98,-0.5448,110,-0.3643,115,-0.3059,190,0.50633
ENSG00000165757,JCAD,8,-2.2179,45,0.42282,23,-0.6657,36,0.04160,37,0.09761,37,0.10910,40,0.21604,27,-0.4278,34,-0.0593,63,0.96977
ENSG00000107951,MTPAP,16,-0.2572,24,0.43875,14,-0.4773,24,0.37656,18,-0.0412,27,0.61132,14,-0.3920,22,0.27617,10,-0.9443,17,-0.1633
ENSG00000148516,ZEB1,32,-0.5826,111,1.49959,34,-0.4935,25,-0.9704,59,0.39736,24,-1.0055,42,-0.1352,41,-0.2037,41,-0.1887,54,0.24378
ENSG00000165322,ARHGAP12,39,0.07762,58,0.73169,14,-1.5140,32,-0.2567,49,0.43728,47,0.39460,28,-0.4637,50,0.47647,27,-0.5031,29,-0.4058
ENSG00000170759,KIF5B,453,2.56946,139,0.32402,67,-0.8237,61,-0.9733,58,-1.0333,33,-1.8886,95,-0.2811,103,-0.1511,40,-1.5781,87,-0.4214
ENSG00000120616,EPC1,16,-0.1577,29,0.83497,31,0.93328,16,-0.0873,11,-0.6779,7,-1.2537,10,-0.8513,17,-0.0623,10,-0.7777,26,0.66484
ENSG00000150093,ITGB1,143,2.44713,26,-0.5807,35,-0.1211,11,-1.8419,16,-1.2473,21,-0.8949,16,-1.2702,37,-0.0186,18,-1.0852,52,0.51541
ENSG00000099250,NRP1,5,-1.6011,14,-0.0930,18,0.34294,11,-0.4427,20,0.48540,12,-0.2845,10,-0.6488,19,0.42854,22,0.66925,16,0.10288
ENSG00000108094,CUL2,27,-0.9804,39,-0.4165,60,0.25708,81,0.76356,81,0.75325,54,0.08296,39,-0.4196,28,-0.9291,63,0.34828,38,-0.4519
ENSG00000095794,CREM,37,-0.0142,34,-0.1342,54,0.60562,28,-0.4582,65,0.90479,39,0.05329,30,-0.3445,30,-0.3548,17,-1.2358,40,0.13108
ENSG00000108100,CCNY,67,-0.4847,93,0.03695,103,0.19520,100,0.15165,109,0.28317,97,0.09872,63,-0.5817,93,0.02705,119,0.42884,68,-0.4538
ENSG00000198105,ZNF248,13,-1.0818,38,0.56793,31,0.20409,37,0.51459,45,0.81932,11,-1.3974,17,-0.6689,17,-0.7162,22,-0.3120,39,0.58716
ENSG00000175395,ZNF25,14,-2.6135,84,0.05447,85,0.07973,101,0.36107,121,0.66400,121,0.65791,61,-0.4374,49,-0.7844,100,0.34674,72,-0.1740
ENSG00000189180,ZNF33A,38,0.55952,24,-0.1649,35,0.42961,39,0.57306,23,-0.2667,30,0.14795,16,-0.7867,18,-0.6149,25,-0.1014,22,-0.3352
ENSG00000165733,BMS1,9,-1.4719,30,0.25740,32,0.35656,32,0.35665,41,0.80354,29,0.20318,20,-0.3282,15,-0.8232,26,0.04749,19,-0.4356
ENSG00000198915,RASGEF1A,10,-2.0171,50,0.48153,74,1.14817,22,-0.8369,33,-0.2100,25,-0.6014,44,0.26319,33,-0.2055,44,0.26620,39,0.05569
ENSG00000169813,HNRNPF,70,1.22348,80,1.46853,21,-0.6903,15,-1.1871,22,-0.6543,27,-0.3326,27,-0.3605,20,-0.8173,20,-0.7769,34,0.01590
ENSG00000169740,ZNF32,33,-0.5153,66,0.61917,56,0.33019,37,-0.3035,58,0.39160,43,-0.0867,35,-0.4086,33,-0.5144,52,0.21637,41,-0.1460
ENSG00000107551,RASSF4,107,2.06239,48,0.59133,9,-1.9201,15,-1.2198,25,-0.4650,22,-0.6362,36,0.12453,26,-0.3831,19,-0.8824,27,-0.3349
ENSG00000172661,WASHC2C,23,0.25687,38,1.10781,18,-0.0729,12,-0.6665,24,0.34976,34,0.92462,16,-0.2789,10,-0.9490,5,-1.8991,12,-0.7203
ENSG00000265354,TIMM23,34,-0.9104,79,0.40107,70,0.19789,90,0.62493,96,0.73153,79,0.40019,44,-0.5291,33,-0.9694,43,-0.5575,48,-0.3953
ENSG00000266412,NCOA4,92,0.14787,99,0.25374,56,-0.6485,83,-0.0301,94,0.17810,113,0.47743,82,-0.0418,61,-0.5141,95,0.20213,68,-0.3438
ENSG00000204179,PTPN20,4,-1.7816,4,-1.9448,15,0.13670,15,0.14269,47,2.16284,4,-1.6401,12,-0.2152,11,-0.3420,20,0.55237,6,-1.1460
ENSG00000170324,FRMPD2,6,-3.4257,52,-0.1962,41,-0.5513,76,0.42091,131,1.37458,86,0.62669,63,0.12103,19,-1.6903,57,-0.0439,54,-0.1174
ENSG00000107643,MAPK8,31,-0.9905,72,0.31108,93,0.73753,56,-0.0882,102,0.89978,46,-0.3930,47,-0.3676,36,-0.7764,46,-0.3995,64,0.11411
ENSG00000197444,OGDHL,43,-1.1015,116,0.44094,59,-0.6214,84,-0.0846,133,0.67448,100,0.20069,66,-0.4675,66,-0.4651,129,0.61490,88,-0.0103
ENSG00000227345,PARG,7,-1.5444,39,1.04689,20,-0.0722,29,0.56858,33,0.74094,23,0.16742,17,-0.3238,13,-0.6925,9,-1.2157,17,-0.3443
ENSG00000099290,WASHC2A,19,-0.1794,20,-0.1016,19,-0.1809,25,0.26103,25,0.29831,43,1.19458,16,-0.3882,12,-0.8889,15,-0.4719,16,-0.3920
ENSG00000198964,SGMS1,41,0.98702,24,0.11510,21,-0.1157,11,-1.0199,17,-0.4610,32,0.55378,12,-0.9000,19,-0.2906,15,-0.6584,33,0.63309
ENSG00000177613,CSTF2T,38,0.05079,67,0.99962,46,0.37740,42,0.20337,52,0.57676,27,-0.4934,13,-1.5519,24,-0.6440,17,-1.1495,40,0.14702
ENSG00000122873,CISD1,48,-1.9176,139,-0.3115,193,0.21338,249,0.63756,229,0.49212,247,0.61958,146,-0.2270,112,-0.6403,205,0.31179,122,-0.5109
ENSG00000072401,UBE2D1,10,-1.8998,27,-0.4474,49,0.46236,33,-0.1354,43,0.25527,36,-0.0121,21,-0.8429,30,-0.3140,70,1.08716,45,0.34172
ENSG00000108064,TFAM,10,-1.3147,24,-0.0509,27,0.14449,31,0.38586,36,0.64333,27,0.17732,25,0.01768,35,0.58338,14,-0.8395,15,-0.7388
ENSG00000237949,LINC00844,845,3.99884,87,-0.6512,17,-3.0214,44,-1.6691,38,-1.8767,66,-1.0706,57,-1.2878,61,-1.1828,47,-1.5905,54,-1.3605
ENSG00000165443,PHYHIPL,151,-0.5824,320,0.61955,331,0.67481,244,0.17377,249,0.20803,259,0.27204,125,-0.8811,188,-0.2462,138,-0.7200,187,-0.2528
ENSG00000148541,FAM13C,73,1.36212,23,-0.5047,28,-0.2578,38,0.23122,37,0.22389,44,0.49531,30,-0.1478,11,-1.6048,19,-0.8080,22,-0.5962
ENSG00000108091,CCDC6,18,-2.1287,74,0.02050,93,0.40552,93,0.40180,94,0.42536,90,0.34439,53,-0.4801,57,-0.3835,94,0.40954,60,-0.2900
ENSG00000151150,ANK3,148,0.18391,181,0.51208,118,-0.1831,132,0.00367,160,0.31157,141,0.10498,119,-0.1610,90,-0.5944,118,-0.1805,113,-0.2468
ENSG00000150347,ARID5B,30,-0.3014,30,-0.2694,47,0.45427,37,0.04277,29,-0.3061,51,0.56701,22,-0.7742,23,-0.6763,53,0.64625,36,0.00206
ENSG00000138311,ZNF365,66,-1.3133,104,-0.6279,237,0.68903,249,0.77360,208,0.46924,201,0.41392,112,-0.5194,86,-0.9285,174,0.17790,121,-0.4020
ENSG00000181915,ADO,37,-0.6248,61,0.13953,72,0.40914,56,0.01627,62,0.15733,54,-0.0450,39,-0.5667,39,-0.5446,87,0.71825,51,-0.1407
ENSG00000148572,NRBF2,11,-1.4781,32,0.18659,34,0.25218,27,-0.0732,34,0.28524,22,-0.3896,30,0.05154,23,-0.3628,30,0.07536,44,0.68961
ENSG00000171988,JMJD1C,34,-0.2065,43,0.18565,61,0.73944,43,0.18231,37,-0.0750,21,-0.9081,30,-0.3925,32,-0.3177,35,-0.1637,50,0.42864
ENSG00000165476,REEP3,104,2.59565,23,-0.1495,7,-1.9302,17,-0.6211,12,-1.1256,18,-0.5465,13,-1.0784,19,-0.4778,26,0.04195,17,-0.6576
ENSG00000198739,LRRTM3,5,-3.4469,57,0.21310,58,0.24843,106,1.27636,45,-0.1412,43,-0.2066,56,0.18090,35,-0.5612,51,0.04068,41,-0.2895
ENSG00000108176,DNAJC12,25,-0.9847,55,0.25240,76,0.79405,38,-0.3437,56,0.29687,68,0.60511,26,-0.9346,23,-1.1045,63,0.48109,40,-0.2602
ENSG00000148634,HERC4,29,0.08667,20,-0.5096,44,0.75669,42,0.65241,42,0.68447,20,-0.4977,18,-0.6365,20,-0.4786,26,-0.1112,16,-0.8773
ENSG00000096746,HNRNPH3,176,0.67983,140,0.29729,119,0.02760,138,0.27084,94,-0.3415,87,-0.4525,86,-0.4814,94,-0.3353,107,-0.1358,124,0.10299
ENSG00000204130,RUFY2,54,0.33913,45,0.06532,47,0.10645,48,0.15010,43,-0.0272,41,-0.1033,31,-0.5423,37,-0.2745,49,0.19043,42,-0.0581
ENSG00000122912,SLC25A16,10,-0.8417,11,-0.6989,36,1.24577,9,-1.0388,31,0.93514,8,-1.1639,24,0.50724,13,-0.4568,13,-0.4002,18,0.09835
ENSG00000060339,CCAR1,30,-0.4381,22,-0.9499,37,-0.1449,34,-0.2698,52,0.41736,63,0.72853,36,-0.1874,32,-0.3545,22,-0.9172,75,1.03077
ENSG00000165730,STOX1,9,-1.1040,12,-0.6269,26,0.60922,16,-0.1821,8,-1.1937,3,-2.3222,15,-0.2679,40,1.34510,15,-0.2312,34,1.08229
ENSG00000107625,DDX50,27,0.03516,43,0.80154,29,0.14207,25,-0.0780,33,0.32939,25,-0.0696,28,0.10467,19,-0.5135,17,-0.6833,18,-0.5799
ENSG00000165732,DDX21,18,-0.1494,23,0.23547,20,-0.0045,30,0.61825,20,-0.0202,19,-0.0647,10,-1.0522,26,0.38131,13,-0.6586,22,0.15403
ENSG00000198954,KIF1BP,19,-1.9481,74,0.13080,74,0.11447,109,0.76552,88,0.39539,112,0.80749,48,-0.5443,58,-0.2622,43,-0.7277,61,-0.1940
ENSG00000122862,SRGN,23,0.20704,35,0.86934,7,-1.5686,6,-1.7624,7,-1.5802,8,-1.4756,16,-0.3725,23,0.16275,9,-1.2823,72,2.22696
ENSG00000122958,VPS26A,47,-0.4179,85,0.53519,56,-0.1319,50,-0.3300,65,0.08766,57,-0.1254,73,0.27274,42,-0.5765,68,0.16556,70,0.22178
ENSG00000156502,SUPV3L1,17,-0.4840,24,0.01422,43,0.96837,26,0.14349,17,-0.5030,25,0.11276,14,-0.8134,16,-0.5666,31,0.43700,23,-0.0380
ENSG00000156515,HK1,62,-2.1336,290,0.21836,246,-0.0453,325,0.40497,344,0.50103,398,0.74672,260,0.04414,148,-0.8361,201,-0.3665,258,0.02599
ENSG00000171224,FAM241B,11,-2.0291,52,0.28740,50,0.23264,45,0.06955,117,1.70917,29,-0.6393,24,-0.9052,27,-0.7298,48,0.14845,31,-0.5037
ENSG00000079332,SAR1A,64,-0.7040,121,0.30024,107,0.11162,111,0.16210,98,-0.0338,120,0.28990,66,-0.6459,89,-0.1872,143,0.57511,83,-0.2900
ENSG00000180817,PPA1,142,-0.9897,405,0.68060,269,0.00558,351,0.43974,343,0.40358,348,0.42666,223,-0.2866,181,-0.6105,272,0.02747,143,-0.9780
ENSG00000172731,LRRC20,13,-1.0519,17,-0.6934,26,-0.0191,31,0.24679,39,0.59528,28,0.09611,33,0.32868,28,0.08631,20,-0.4585,31,0.25233
ENSG00000148730,EIF4EBP2,56,-0.1790,61,-0.0560,48,-0.4096,46,-0.4780,52,-0.3015,60,-0.0715,76,0.30975,93,0.63747,47,-0.4620,89,0.57038
ENSG00000166228,PCBD1,42,-0.5060,66,0.18046,48,-0.3272,53,-0.1697,58,-0.0205,86,0.62690,55,-0.1184,49,-0.2933,57,-0.0384,74,0.37000
ENSG00000107738,VSIR,48,0.56737,59,0.90943,16,-1.1312,19,-0.8826,11,-1.7230,12,-1.5276,28,-0.2875,54,0.76216,25,-0.4422,66,1.11135
ENSG00000197746,PSAP,1316,0.00939,1680,0.40645,1703,0.42931,1487,0.20684,1345,0.04409,1567,0.29166,803,-0.7649,1165,-0.1852,1126,-0.2389,893,-0.6003
ENSG00000107742,SPOCK2,110,-1.3259,352,0.50222,174,-0.6221,337,0.42771,204,-0.3744,430,0.83938,279,0.11919,204,-0.3771,203,-0.3818,296,0.21705
ENSG00000138303,ASCC1,20,0.37941,6,-1.3722,13,-0.3297,11,-0.4894,14,-0.1822,12,-0.3670,10,-0.6457,20,0.41859,12,-0.4655,38,1.50219
ENSG00000166295,ANAPC16,56,0.11050,65,0.33744,43,-0.3163,38,-0.4991,45,-0.2546,55,0.05919,47,-0.1920,64,0.32019,45,-0.2531,69,0.43098
ENSG00000168209,DDIT4,77,2.15751,20,-0.2260,16,-0.5833,15,-0.6830,6,-1.9411,11,-1.0957,17,-0.5057,26,0.21148,15,-0.6203,27,0.24768
ENSG00000148719,DNAJB12,29,-0.0207,25,-0.2786,36,0.30482,21,-0.5331,35,0.25781,37,0.34073,20,-0.5962,35,0.27725,26,-0.1982,32,0.14363
ENSG00000107745,MICU1,38,-0.9630,66,-0.0942,63,-0.1796,105,0.66663,100,0.58113,97,0.53502,50,-0.5219,39,-0.9019,59,-0.2582,83,0.27324
ENSG00000122884,P4HA1,34,0.99518,18,-0.0412,12,-0.7210,10,-0.9938,14,-0.4574,15,-0.3112,10,-0.8669,16,-0.2548,32,0.90872,25,0.46497
ENSG00000122882,ECD,8,-1.1147,25,0.57072,16,-0.1208,21,0.28457,19,0.09353,20,0.21711,13,-0.5111,13,-0.4738,17,-0.0303,24,0.46203
ENSG00000213551,DNAJC9,15,-0.3544,13,-0.5608,30,0.75083,14,-0.3807,28,0.69214,31,0.85791,13,-0.5916,18,-0.0209,18,-0.0254,5,-1.9350
ENSG00000182180,MRPS16,53,0.34304,70,0.80960,26,-0.7592,42,-0.0223,32,-0.4263,31,-0.4775,31,-0.5008,43,0.00073,60,0.55682,38,-0.1740
ENSG00000138279,ANXA7,67,-1.1989,182,0.36632,181,0.35586,173,0.27466,132,-0.1589,195,0.47474,114,-0.3826,99,-0.6110,128,-0.2077,185,0.39125
ENSG00000107758,PPP3CB,71,-2.1443,254,-0.2182,405,0.53950,443,0.69047,384,0.45036,345,0.27247,252,-0.2272,202,-0.5730,337,0.23314,219,-0.4469
ENSG00000166348,USP54,129,2.91299,43,0.69316,10,-1.5125,12,-1.2997,9,-1.7637,14,-1.0318,15,-0.9932,14,-1.0620,14,-1.0562,21,-0.4730
ENSG00000176986,SEC24C,48,0.46615,31,-0.2206,62,0.90424,46,0.40637,41,0.22875,26,-0.4813,23,-0.6666,32,-0.1956,26,-0.5158,23,-0.6888
ENSG00000172586,CHCHD1,31,-1.4933,54,-0.6463,130,0.77002,92,0.19084,90,0.16064,109,0.46587,95,0.24294,52,-0.7043,82,0.00679,81,-0.0014
ENSG00000214655,ZSWIM8,44,0.92152,21,-0.2888,58,1.44636,19,-0.4223,24,-0.0596,15,-0.8207,22,-0.1805,18,-0.4850,10,-1.3016,18,-0.5118
ENSG00000166507,NDST2,16,-0.4708,26,0.26627,37,0.80706,24,0.12912,13,-0.8244,17,-0.4321,13,-0.8485,20,-0.1771,18,-0.3601,39,0.92688
ENSG00000148660,CAMK2G,78,-1.4138,274,0.55636,145,-0.4680,254,0.43122,337,0.91058,249,0.39742,141,-0.5108,137,-0.5547,169,-0.2221,165,-0.2621
ENSG00000035403,VCL,7,-1.8604,40,0.73865,15,-0.8270,14,-0.8778,22,-0.2606,26,0.00977,10,-1.4139,27,0.08879,18,-0.5108,76,1.90897
ENSG00000185009,AP3M1,16,-0.4484,9,-1.2498,22,0.05908,16,-0.4341,32,0.67980,25,0.30069,15,-0.5441,17,-0.3022,24,0.22419,34,0.78303
ENSG00000156110,ADK,13,-0.5938,24,0.39919,18,-0.0760,18,-0.1057,14,-0.4520,25,0.43269,23,0.32858,18,-0.0753,19,-0.0308,18,-0.1123
ENSG00000156650,KAT6B,27,0.11831,37,0.63873,23,-0.1173,8,-1.6830,13,-0.9922,21,-0.2889,24,-0.0591,37,0.64225,12,-1.1079,47,1.06942
ENSG00000156671,SAMD8,55,0.13819,44,-0.1986,52,0.05131,65,0.43478,50,-0.0141,62,0.34050,39,-0.4046,49,-0.0193,38,-0.4140,47,-0.1110
ENSG00000165637,VDAC2,74,-1.6181,191,-0.1805,243,0.20577,371,0.91759,285,0.46892,161,-0.4440,130,-0.7727,177,-0.3002,275,0.41106,230,0.11443
ENSG00000165655,ZNF503,6,-1.3723,23,0.51732,10,-0.7683,13,-0.3090,24,0.62689,20,0.32020,10,-0.6750,12,-0.5161,25,0.71538,19,0.27310
ENSG00000156113,KCNMA1,69,-0.7132,77,-0.5549,176,0.79053,80,-0.4976,153,0.54532,116,0.09956,104,-0.0738,115,0.07880,92,-0.2793,111,0.02800
ENSG00000148606,POLR3A,27,-0.2340,24,-0.4255,48,0.68891,57,0.95420,58,0.98309,42,0.44940,24,-0.4501,14,-1.2621,12,-1.4576,12,-1.4902
ENSG00000138326,RPS24,1387,1.16496,738,0.09577,456,-0.6635,668,-0.0646,576,-0.2980,575,-0.3009,642,-0.1276,613,-0.2010,576,-0.2993,723,0.06233
ENSG00000108175,ZMIZ1,102,0.30721,76,-0.1747,116,0.51265,72,-0.2572,113,0.46924,66,-0.3818,85,0.00598,79,-0.0979,72,-0.2533,64,-0.4327
ENSG00000108179,PPIF,82,0.91752,59,0.36378,25,-0.9786,46,-0.0260,65,0.50810,42,-0.2022,41,-0.2129,38,-0.3222,34,-0.5247,40,-0.2702
ENSG00000165424,ZCCHC24,440,3.79342,39,-0.9383,16,-2.2796,21,-1.8609,20,-1.9672,23,-1.7544,52,-0.5036,53,-0.4862,19,-2.0179,39,-0.9504
ENSG00000133678,TMEM254,12,-0.3527,17,0.23994,22,0.65380,12,-0.3419,15,0.04215,9,-0.7665,26,0.93145,8,-0.9624,11,-0.3835,15,0.05211
ENSG00000122359,ANXA11,41,-1.3801,66,-0.6769,159,0.74032,117,0.23629,92,-0.1550,132,0.43360,83,-0.3217,93,-0.1361,89,-0.1988,141,0.53703
ENSG00000122378,PRXL2A,125,-1.0133,206,-0.2390,388,0.80085,267,0.17776,188,-0.3786,241,0.01315,279,0.24679,236,-0.0211,188,-0.3797,274,0.21949
ENSG00000108219,TSPAN14,30,-0.3764,34,-0.1863,53,0.52109,33,-0.2201,36,-0.0810,34,-0.1830,23,-0.7812,30,-0.3716,45,0.25474,64,0.84650
ENSG00000185737,NRG3,8,-2.2187,28,-0.4319,57,0.70612,47,0.39461,46,0.36449,28,-0.4092,31,-0.2509,22,-0.8141,69,1.04461,31,-0.2392
ENSG00000165678,GHITM,136,-1.9514,456,-0.1032,552,0.20183,569,0.25308,567,0.24803,977,1.17577,450,-0.1264,316,-0.6759,487,0.00142,357,-0.4888
ENSG00000148600,CDHR1,23,0.22378,16,-0.3177,15,-0.4104,14,-0.5014,17,-0.1991,57,1.85371,12,-0.7170,10,-0.9515,9,-1.1635,22,0.20737
ENSG00000107771,CCSER2,45,-0.5572,43,-0.6364,63,-0.0263,64,-0.0198,95,0.62903,78,0.30881,62,-0.0673,69,0.11581,71,0.16475,54,-0.2725
ENSG00000182771,GRID1,10,-1.0627,27,0.41559,24,0.24977,15,-0.4695,14,-0.5566,24,0.22940,21,0.00214,17,-0.2856,32,0.69381,22,0.12297
ENSG00000062650,WAPL,25,0.15683,32,0.51214,24,0.07326,27,0.23308,24,0.09789,9,-1.3336,17,-0.4651,12,-1.0153,28,0.29695,32,0.52229
ENSG00000107779,BMPR1A,19,-0.0717,14,-0.5158,23,0.21609,11,-0.8751,17,-0.2839,33,0.82181,14,-0.5356,32,0.77418,15,-0.4333,21,0.09616
ENSG00000173267,SNCG,15,-4.0365,180,-0.3635,62,-1.9838,272,0.29258,434,1.09151,719,2.06158,202,-0.1817,74,-1.7058,130,-0.8673,178,-0.3773
ENSG00000148671,ADIRF,274,1.55428,92,-0.3025,51,-1.1984,22,-2.4327,42,-1.4838,32,-1.8717,66,-0.8040,154,0.53245,51,-1.2030,326,1.89896
ENSG00000148672,GLUD1,221,0.00568,268,0.31694,183,-0.2942,187,-0.2552,196,-0.1818,151,-0.5916,234,0.09749,360,0.81290,176,-0.3499,225,0.03457
ENSG00000223482,NUTM2A-AS1,25,0.29889,14,-0.6132,22,0.06579,13,-0.7556,38,0.99852,26,0.34437,17,-0.3188,10,-1.0639,26,0.37526,17,-0.3035
ENSG00000107789,MINPP1,12,-0.5098,30,0.94773,21,0.37606,37,1.35584,14,-0.3138,14,-0.2412,10,-0.7112,11,-0.5553,11,-0.6415,6,-1.5997
ENSG00000138138,ATAD1,46,-0.7624,99,0.45346,96,0.39799,88,0.25849,85,0.20116,94,0.36092,68,-0.1628,56,-0.4613,48,-0.6877,70,-0.1021
ENSG00000171862,PTEN,66,-0.7092,138,0.46741,104,0.01069,96,-0.1248,139,0.48285,82,-0.3662,106,0.03269,99,-0.0680,108,0.06170,98,-0.0908
ENSG00000138134,STAMBPL1,2,-3.6218,56,1.11907,29,-0.0021,23,-0.3671,55,1.07659,46,0.75330,20,-0.5619,20,-0.5481,22,-0.3853,14,-1.0524
ENSG00000107798,LIPA,157,2.12175,30,-0.7331,30,-0.7091,25,-0.9655,95,1.15320,47,-0.0107,19,-1.4346,28,-0.8239,19,-1.3870,27,-0.8745
ENSG00000119917,IFIT3,24,0.69086,18,0.17900,7,-1.1577,12,-0.4094,11,-0.5281,17,0.12992,19,0.27076,23,0.57176,15,-0.0718,12,-0.4327
ENSG00000185745,IFIT1,39,-0.9459,86,0.30392,49,-0.5807,78,0.15123,134,1.05798,96,0.49015,51,-0.5170,52,-0.4918,69,-0.0584,58,-0.3283
ENSG00000152778,IFIT5,17,-0.3515,47,1.30603,16,-0.4202,13,-0.7366,24,0.18702,25,0.24430,19,-0.1980,19,-0.1988,18,-0.2691,16,-0.4419
ENSG00000148688,RPP30,13,-0.9567,24,0.01283,42,0.92896,30,0.35865,30,0.40134,24,0.02969,13,-0.8817,21,-0.2176,18,-0.4190,22,-0.0805
ENSG00000180628,PCGF5,49,-0.9420,146,0.81160,84,-0.0937,84,-0.1045,98,0.14360,107,0.28915,56,-0.7329,74,-0.3075,83,-0.1162,114,0.39247
ENSG00000165338,HECTD2,7,-1.8772,25,-0.0078,27,0.06516,26,0.04290,30,0.27265,32,0.38237,22,-0.2563,21,-0.2954,43,0.86916,21,-0.3035
ENSG00000119938,PPP1R3C,38,0.54401,22,-0.3065,33,0.34057,21,-0.3619,17,-0.7275,19,-0.5673,23,-0.2644,49,0.98629,25,-0.0959,22,-0.2893
ENSG00000107854,TNKS2,32,-0.7640,44,-0.2454,88,0.87771,63,0.31442,43,-0.2782,47,-0.1425,27,-1.0117,51,-0.0315,62,0.29187,60,0.24771
ENSG00000107864,CPEB3,22,-1.8210,94,0.37978,78,0.06371,122,0.80769,96,0.41827,88,0.27326,59,-0.3745,51,-0.5771,95,0.39168,39,-0.9841
ENSG00000198060,MARCH5,21,-0.7694,37,0.08748,40,0.21644,43,0.30918,35,-0.0114,36,0.04844,37,0.05251,29,-0.2935,23,-0.6515,51,0.58680
ENSG00000138190,EXOC6,5,-2.3400,20,-0.3542,45,0.94264,35,0.52226,40,0.73942,32,0.40203,15,-0.8084,11,-1.2134,20,-0.3277,29,0.20804
ENSG00000138207,RBP4,5,-3.8820,52,-0.4115,153,1.39732,102,0.68364,66,-0.0212,96,0.58515,31,-1.1834,33,-1.0892,92,0.50552,43,-0.7124
ENSG00000148690,FRA10AC1,73,0.12268,51,-0.4413,64,-0.0918,52,-0.4110,53,-0.3815,86,0.38687,65,-0.0632,58,-0.2548,89,0.44999,86,0.38059
ENSG00000108231,LGI1,4,-4.0258,202,1.80968,69,-0.0518,67,-0.1107,77,0.12256,87,0.30543,41,-0.8547,53,-0.4807,50,-0.5512,66,-0.1325
ENSG00000108239,TBC1D12,78,2.61585,18,-0.0992,19,0.00656,10,-0.9128,11,-0.8072,11,-0.8489,5,-2.0121,13,-0.5354,9,-1.0990,15,-0.3613
ENSG00000095637,SORBS1,66,-0.3640,119,0.56953,137,0.80975,76,-0.1525,72,-0.2400,69,-0.2997,56,-0.6268,90,0.11065,62,-0.4685,90,0.11979
ENSG00000059573,ALDH18A1,15,-0.3198,19,0.08607,24,0.44505,24,0.48256,23,0.38298,29,0.75167,17,-0.1131,17,-0.0955,4,-2.0362,9,-1.1057
ENSG00000119977,TCTN3,20,-0.2130,42,0.94055,14,-0.8286,27,0.21343,18,-0.4099,15,-0.6760,15,-0.7035,17,-0.5409,30,0.38553,38,0.77749
ENSG00000197430,OPALIN,672,4.79947,22,-2.0926,7,-3.6293,15,-2.6003,43,-1.1258,21,-2.1863,33,-1.5076,27,-1.8190,28,-1.7687,17,-2.4462
ENSG00000077147,TM9SF3,91,-0.3790,116,0.00491,125,0.12505,114,-0.0193,118,0.04217,157,0.50189,94,-0.3256,106,-0.1369,88,-0.4256,145,0.37405
ENSG00000196233,LCOR,23,0.14356,30,0.55440,22,0.07834,19,-0.1537,9,-1.2149,27,0.41161,14,-0.6008,16,-0.4511,25,0.27421,25,0.27163
ENSG00000187122,SLIT1,51,-0.8757,127,0.56481,93,0.06781,118,0.45206,151,0.86488,104,0.24646,86,-0.0548,43,-1.1309,91,0.02914,30,-1.6590
ENSG00000052749,RRP12,15,-0.8680,38,0.59952,37,0.56361,24,-0.1183,34,0.42333,43,0.81838,19,-0.5272,12,-1.1660,18,-0.5895,22,-0.2850
ENSG00000171314,PGAM1,213,-1.5997,511,-0.2621,503,-0.2854,885,0.63085,871,0.60422,913,0.68366,509,-0.2693,367,-0.7746,609,0.01766,645,0.10965
ENSG00000171311,EXOSC1,29,0.31815,31,0.46546,17,-0.4722,41,0.90214,16,-0.5594,50,1.27320,18,-0.4297,8,-1.5484,9,-1.4544,15,-0.6612
ENSG00000171307,ZDHHC16,4,-1.9061,11,-0.6064,27,0.81048,19,0.28067,21,0.40577,19,0.27089,12,-0.4396,10,-0.7441,15,-0.1044,23,0.58738
ENSG00000155229,MMS19,45,0.07933,50,0.26933,43,0.02464,46,0.13813,55,0.40093,42,-0.0175,35,-0.3076,30,-0.5416,37,-0.2336,42,-0.0023
ENSG00000171160,MORN4,5,-2.8060,43,0.39900,34,-0.0064,24,-0.5148,36,0.09959,60,0.96239,28,-0.2988,21,-0.7241,60,0.94620,26,-0.3881
ENSG00000155252,PI4K2A,11,-1.9054,39,-0.0069,66,0.83820,43,0.13321,40,-0.0011,47,0.28507,46,0.23510,21,-0.9915,51,0.41142,32,-0.3383
ENSG00000119986,AVPI1,15,-1.1031,39,0.34672,43,0.52790,27,-0.2372,38,0.30963,43,0.50782,25,-0.3439,21,-0.6145,25,-0.3735,37,0.27026
ENSG00000155256,ZFYVE27,19,-1.1686,22,-0.9478,56,0.51314,37,-0.1532,46,0.19767,92,1.37323,35,-0.2342,28,-0.5908,33,-0.3277,40,-0.0346
ENSG00000155265,GOLGA7B,19,-1.7949,90,0.62513,82,0.45683,84,0.50995,73,0.26653,81,0.43764,35,-0.8727,55,-0.1686,38,-0.7476,59,-0.0686
ENSG00000095713,CRTAC1,28,-0.1880,75,1.44823,21,-0.6753,20,-0.6893,30,-0.1278,29,-0.1399,29,-0.1812,23,-0.5187,18,-0.8814,47,0.63282
ENSG00000107521,HPS1,33,0.34414,25,-0.1045,22,-0.2694,27,0.04522,21,-0.3221,27,0.02584,29,0.15700,19,-0.4907,22,-0.2876,39,0.61334
ENSG00000119946,CNNM1,6,-2.3222,31,0.00504,40,0.39597,21,-0.5846,32,0.02384,47,0.65648,40,0.40774,16,-0.9935,36,0.20952,43,0.49896
ENSG00000120053,GOT1,24,-3.8901,335,0.00583,380,0.20954,423,0.38467,560,0.85904,479,0.59327,244,-0.4944,133,-1.4178,433,0.42552,325,-0.0407
ENSG00000155287,SLC25A28,54,0.69801,34,-0.0375,39,0.15637,21,-0.8002,50,0.57937,35,0.01060,24,-0.5612,27,-0.4242,29,-0.2889,37,0.10159
ENSG00000119929,CUTC,34,0.59645,19,-0.3438,27,0.18941,14,-0.8264,22,-0.1308,39,0.80635,22,-0.0884,16,-0.6041,25,0.11350,19,-0.3657
ENSG00000014919,COX15,23,0.07573,34,0.66992,25,0.20673,19,-0.2311,26,0.22033,21,-0.1008,13,-0.8584,20,-0.1794,26,0.22700,16,-0.4721
ENSG00000095485,CWF19L1,37,1.07284,28,0.61198,25,0.42757,19,-0.0585,18,-0.1238,15,-0.4165,18,-0.1071,9,-1.1314,11,-0.7853,13,-0.6241
ENSG00000196072,BLOC1S2,77,0.02438,58,-0.4318,71,-0.1038,78,0.04191,118,0.71055,115,0.67596,44,-0.8372,46,-0.7969,65,-0.2515,90,0.25939
ENSG00000099194,SCD,2558,3.85886,183,-1.2594,83,-2.4293,120,-1.8931,182,-1.2680,141,-1.6513,226,-0.9435,304,-0.4895,103,-2.1224,241,-0.8481
ENSG00000235823,OLMALINC,101,3.25938,3,-2.8295,2,-3.0192,9,-1.0922,9,-1.1411,17,-0.2328,16,-0.2471,22,0.21954,6,-1.6631,7,-1.5054
ENSG00000166136,NDUFB8,303,-0.3994,391,0.00096,350,-0.1745,564,0.60166,453,0.24034,491,0.37144,301,-0.4131,323,-0.3023,358,-0.1387,372,-0.0770
ENSG00000166135,HIF1AN,31,0.29922,19,-0.4612,21,-0.3038,21,-0.3134,20,-0.3852,26,0.02426,29,0.19638,29,0.20096,36,0.54207,25,-0.0815
ENSG00000119906,SLF2,54,1.00654,40,0.47168,29,-0.0111,24,-0.2960,19,-0.7125,16,-0.8899,20,-0.5661,28,-0.0565,38,0.39200,26,-0.2026
ENSG00000055950,MRPL43,58,0.14285,85,0.77539,70,0.44958,50,-0.0807,51,-0.0590,48,-0.1627,46,-0.2248,41,-0.3934,30,-0.8835,51,-0.0683
ENSG00000107816,LZTS2,101,2.05230,39,0.35807,18,-0.8582,15,-1.0940,14,-1.2273,22,-0.5925,22,-0.5722,24,-0.4472,28,-0.2097,34,0.09634
ENSG00000107819,SFXN3,66,0.45437,54,0.13585,70,0.55616,41,-0.3163,57,0.20235,59,0.26342,37,-0.4846,41,-0.3132,45,-0.1533,29,-0.8199
ENSG00000166167,BTRC,20,-1.5525,36,-0.7257,79,0.52274,49,-0.2325,100,0.93781,76,0.45592,53,-0.1020,46,-0.3248,69,0.31825,41,-0.5229
ENSG00000166171,DPCD,10,-1.8362,28,-0.2553,36,0.16425,52,0.75335,33,0.00896,40,0.31761,33,-0.0110,22,-0.6237,44,0.45810,31,-0.0820
ENSG00000107829,FBXW4,199,2.52659,26,-1.0328,34,-0.5947,31,-0.7581,48,-0.0738,36,-0.5488,42,-0.2852,32,-0.7023,35,-0.5844,23,-1.2226
ENSG00000198408,OGA,116,-0.6083,229,0.47621,231,0.48902,176,0.04984,173,0.02284,187,0.14304,127,-0.4703,136,-0.3648,126,-0.4764,208,0.31975
ENSG00000120049,KCNIP2,1,-4.7723,86,1.02824,113,1.52356,27,-0.8117,11,-2.1009,52,0.17368,30,-0.6694,46,-0.0298,27,-0.8218,70,0.67144
ENSG00000120029,ARMH3,23,0.44983,20,0.23302,6,-1.5950,20,0.24414,22,0.37517,16,-0.0992,9,-0.9687,28,0.79419,20,0.20010,9,-1.0021
ENSG00000166197,NOLC1,45,-0.7717,112,0.66550,90,0.30081,99,0.45014,86,0.22946,79,0.08628,46,-0.7578,59,-0.3666,71,-0.0842,60,-0.3486
ENSG00000107862,GBF1,25,-0.7350,46,0.20245,41,0.01305,70,0.89904,66,0.79081,29,-0.5225,25,-0.7464,19,-1.1425,34,-0.2919,51,0.36702
ENSG00000059915,PSD,83,-1.3258,171,-0.2132,314,0.78346,199,0.02934,158,-0.3409,185,-0.0863,183,-0.1075,294,0.67120,152,-0.4013,217,0.16673
ENSG00000107872,FBXL15,46,-1.0832,103,0.18725,104,0.19636,78,-0.2624,101,0.14796,83,-0.1678,91,-0.0114,91,-0.0116,98,0.09658,125,0.49981
ENSG00000107874,CUEDC2,79,-0.5730,121,0.09746,110,-0.0564,176,0.72108,114,0.00473,129,0.19798,70,-0.7585,70,-0.7654,133,0.24752,137,0.29623
ENSG00000269609,RPARP-AS1,8,-1.0527,17,0.06422,18,0.19838,24,0.64115,21,0.42210,14,-0.2065,13,-0.3371,18,0.15105,16,0.01068,12,-0.4429
ENSG00000138111,MFSD13A,0,-7.3329,20,-0.0361,35,0.88390,17,-0.2396,20,-0.0395,39,1.07253,15,-0.4774,13,-0.6522,22,0.16057,22,0.12377
ENSG00000138107,ACTR1A,80,-0.6486,161,0.46077,125,0.04117,150,0.34552,160,0.45145,142,0.25197,113,-0.1119,70,-0.8498,108,-0.1788,104,-0.2502
ENSG00000171206,TRIM8,65,0.18415,97,0.85151,54,-0.1305,62,0.10428,41,-0.5546,43,-0.4634,65,0.18755,57,-0.0303,35,-0.7684,61,0.08586
ENSG00000138175,ARL3,60,-0.8197,115,0.20502,122,0.29854,94,-0.1196,94,-0.1257,131,0.41440,79,-0.3837,77,-0.4220,149,0.62740,92,-0.1455
ENSG00000166272,WBP1L,32,0.19461,63,1.32932,15,-0.9970,21,-0.4683,20,-0.5393,22,-0.4013,20,-0.5849,27,-0.0656,26,-0.1719,40,0.53311
ENSG00000166275,BORCS7,30,-0.7105,50,0.08747,72,0.67123,57,0.28508,39,-0.3101,43,-0.1666,37,-0.4044,38,-0.3457,45,-0.1064,66,0.52120
ENSG00000148842,CNNM2,27,0.10376,30,0.27927,30,0.25439,22,-0.1997,34,0.48707,31,0.30551,15,-0.8467,14,-0.8992,19,-0.4815,32,0.37140
ENSG00000076685,NT5C2,24,-0.3189,41,0.51426,22,-0.4951,25,-0.2624,28,-0.0657,18,-0.7233,24,-0.3084,35,0.28238,29,-0.0120,49,0.81739
ENSG00000148798,INA,24,-3.6611,304,0.14018,266,-0.0727,498,0.97270,290,0.06512,380,0.50922,279,0.00432,113,-1.3914,337,0.30868,292,0.07953
ENSG00000173915,ATP5MD,216,-1.8024,897,0.40425,728,0.06415,974,0.54031,841,0.29698,723,0.05216,731,0.06908,390,-0.9111,805,0.22576,694,-0.0134
ENSG00000107954,NEURL1,21,-1.7871,59,-0.2073,84,0.34920,68,-0.0012,98,0.60599,80,0.26473,53,-0.3821,98,0.60270,59,-0.2128,57,-0.2717
ENSG00000107957,SH3PXD2A,162,1.98136,33,-0.7079,51,-0.0405,40,-0.4507,45,-0.2477,40,-0.4221,45,-0.2440,25,-1.1650,43,-0.3388,44,-0.2996
ENSG00000065613,SLK,26,-1.1012,56,0.09200,109,1.20637,83,0.73117,26,-1.1116,43,-0.3311,40,-0.4368,49,-0.1362,47,-0.1825,52,-0.0295
ENSG00000148834,GSTO1,85,-0.9417,173,0.17474,129,-0.2885,164,0.08588,209,0.48212,263,0.87505,136,-0.2097,96,-0.7470,168,0.12399,130,-0.2840
ENSG00000156395,SORCS3,5,-2.0505,39,1.11014,12,-0.6931,16,-0.3275,25,0.36368,36,0.96505,15,-0.4663,22,0.19059,13,-0.6429,15,-0.3921
ENSG00000108018,SORCS1,2,-2.8974,47,1.49428,31,0.73104,19,-0.0005,21,0.15086,17,-0.1924,14,-0.4928,14,-0.5257,14,-0.5285,15,-0.4245
ENSG00000108039,XPNPEP1,25,-0.2781,49,0.82354,40,0.47807,28,-0.1045,27,-0.1234,34,0.22462,21,-0.5224,23,-0.3995,27,-0.1490,22,-0.4336
ENSG00000148700,ADD3,223,1.22522,126,0.25397,74,-0.5969,63,-0.8304,52,-1.1194,66,-0.7641,101,-0.1106,201,1.03660,72,-0.6275,101,-0.1077
ENSG00000119950,MXI1,157,1.28541,61,-0.2769,44,-0.7989,31,-1.3043,55,-0.4518,47,-0.6946,65,-0.1816,67,-0.1316,80,0.13898,125,0.88349
ENSG00000119953,SMNDC1,5,-1.9144,10,-0.8968,14,-0.4687,30,0.75174,20,0.07943,44,1.46467,16,-0.2281,19,0.01196,18,-0.0919,11,-0.7600
ENSG00000108055,SMC3,40,0.98735,40,0.97816,18,-0.2844,9,-1.3246,24,0.12890,15,-0.6176,16,-0.4543,26,0.25463,17,-0.4094,15,-0.5907
ENSG00000150593,PDCD4,67,0.91998,33,-0.2679,50,0.40490,22,-0.8812,34,-0.1957,17,-1.2414,34,-0.2209,39,-0.0009,28,-0.5102,64,0.82021
ENSG00000214413,BBIP1,38,0.36338,50,0.82146,35,0.22400,15,-1.0954,39,0.41670,55,1.00341,17,-0.8770,34,0.18777,14,-1.2064,6,-2.4553
ENSG00000108061,SHOC2,19,-1.8770,86,0.43065,58,-0.1996,74,0.18446,95,0.59689,40,-0.7793,93,0.55645,51,-0.3869,52,-0.3582,90,0.51290
ENSG00000119927,GPAM,23,0.18841,29,0.57399,17,-0.2454,9,-1.1360,3,-2.9107,12,-0.8131,12,-0.7493,42,1.19475,28,0.51084,28,0.50723
ENSG00000023041,ZDHHC6,10,-0.8595,8,-1.1977,13,-0.3606,41,1.49126,17,-0.0014,27,0.76520,14,-0.2752,13,-0.3775,12,-0.5615,15,-0.2255
ENSG00000148737,TCF7L2,18,-0.3427,29,0.39925,25,0.19035,18,-0.3131,20,-0.1607,12,-0.9513,13,-0.8551,29,0.38488,16,-0.5038,44,1.12477
ENSG00000196865,NHLRC2,17,-0.0160,11,-0.7308,24,0.50424,15,-0.2552,9,-0.9791,22,0.36051,20,0.20329,26,0.63454,11,-0.7684,21,0.25362
ENSG00000043591,ADRB1,2,-3.4807,13,-1.0606,49,1.01523,54,1.21560,21,-0.3411,19,-0.5032,20,-0.4431,22,-0.2999,46,0.94050,17,-0.7091
ENSG00000165813,CCDC186,19,-0.7448,40,0.46850,35,0.21743,31,0.03297,36,0.27053,39,0.39966,20,-0.6267,24,-0.3757,41,0.48688,18,-0.7665
ENSG00000169129,AFAP1L2,5,-2.2337,50,1.35592,37,0.81814,21,-0.0707,15,-0.6265,13,-0.8312,17,-0.3803,18,-0.2953,12,-0.9554,35,0.71472
ENSG00000099204,ABLIM1,71,-0.1978,94,0.24772,90,0.18662,47,-0.8305,55,-0.5976,75,-0.1070,68,-0.2712,109,0.49689,63,-0.3797,132,0.81612
ENSG00000151553,FAM160B1,7,-2.0560,31,0.22133,55,1.20909,25,-0.1155,29,0.16178,36,0.49178,21,-0.4009,25,-0.0918,16,-0.7918,22,-0.2792
ENSG00000165832,TRUB1,9,-2.4231,49,0.04620,68,0.55340,55,0.21251,49,0.02685,62,0.40161,67,0.54185,33,-0.5719,50,0.06252,38,-0.3517
ENSG00000107518,ATRNL1,30,-2.7464,165,-0.2067,259,0.52120,351,1.03942,130,-0.5781,204,0.13046,168,-0.1798,161,-0.2460,217,0.22515,197,0.07528
ENSG00000165868,HSPA12A,42,-1.9681,159,0.06646,141,-0.1304,221,0.60398,255,0.84967,246,0.78410,146,-0.0695,91,-0.8096,114,-0.4667,113,-0.4687
ENSG00000187164,SHTN1,736,3.17340,92,-0.7246,100,-0.5992,57,-1.4437,89,-0.7745,80,-0.9388,82,-0.9086,68,-1.1840,63,-1.2927,98,-0.6260
ENSG00000165650,PDZD8,51,0.12812,45,-0.0545,44,-0.1106,51,0.13406,50,0.09792,22,-1.1404,31,-0.6677,39,-0.2884,72,0.69520,65,0.52191
ENSG00000229847,EMX2OS,18,-0.0126,8,-1.1556,20,0.14612,11,-0.7854,13,-0.5386,7,-1.5001,11,-0.7852,49,1.71813,8,-1.2333,37,1.17875
ENSG00000170370,EMX2,28,0.25297,15,-0.7048,5,-2.1847,8,-1.6444,11,-1.1080,6,-1.9160,33,0.53261,70,1.89650,17,-0.4606,42,0.95928
ENSG00000107560,RAB11FIP2,23,-1.3140,46,-0.2861,79,0.60389,60,0.14183,62,0.20179,47,-0.2282,36,-0.6316,62,0.19968,76,0.52379,56,0.03594
ENSG00000165669,FAM204A,34,-0.6359,86,0.84887,66,0.38607,36,-0.5771,50,-0.0604,26,-1.0549,40,-0.4048,44,-0.2558,87,0.85466,48,-0.1075
ENSG00000151893,CACUL1,25,-0.5443,34,-0.0688,39,0.14024,32,-0.1634,40,0.18090,36,0.02186,29,-0.3275,34,-0.0824,45,0.36329,43,0.28807
ENSG00000107581,EIF3A,100,0.07752,110,0.22284,92,-0.0645,132,0.52750,81,-0.2523,64,-0.6332,81,-0.2672,80,-0.2829,123,0.40272,93,-0.0366
ENSG00000119979,DENND10,37,-0.2369,55,0.41053,33,-0.3978,39,-0.1356,51,0.29235,48,0.17556,30,-0.5591,38,-0.1591,47,0.16746,48,0.19291
ENSG00000165672,PRDX3,74,-0.8465,155,0.32019,139,0.14446,223,0.93269,166,0.43084,110,-0.2271,118,-0.1220,93,-0.4904,100,-0.3812,94,-0.4728
ENSG00000151923,TIAL1,75,0.38993,87,0.62388,83,0.54538,48,-0.3255,42,-0.5484,66,0.16960,46,-0.3982,40,-0.6233,41,-0.5887,65,0.15683
ENSG00000151929,BAG3,11,-0.5166,32,1.24508,5,-1.5741,6,-1.4586,3,-2.4620,2,-2.9326,9,-0.7252,45,1.88565,9,-0.8719,31,1.16304
ENSG00000198825,INPP5F,43,-2.8514,458,0.76760,241,-0.2827,343,0.28273,317,0.15715,503,0.92913,308,0.10637,157,-0.9470,272,-0.0929,237,-0.3059
ENSG00000107651,SEC23IP,22,0.44611,24,0.58171,23,0.45708,13,-0.4347,16,-0.0789,17,0.02470,17,0.03874,8,-1.0482,12,-0.5004,16,-0.0877
ENSG00000120008,WDR11,49,1.09942,18,-0.4925,23,-0.1448,22,-0.1986,14,-0.8489,20,-0.3686,17,-0.5570,23,-0.1142,25,-0.0370,40,0.74030
ENSG00000066468,FGFR2,334,2.96149,54,-0.4440,29,-1.3895,19,-2.0215,25,-1.6087,30,-1.3451,41,-0.8512,68,-0.0770,43,-0.7823,73,0.03461
ENSG00000107669,ATE1,27,-0.4939,44,0.25341,41,0.14196,49,0.40590,29,-0.4263,36,-0.0617,39,0.06372,24,-0.6888,33,-0.2196,55,0.60026
ENSG00000138162,TACC2,14,-1.5053,60,0.73833,35,-0.1443,53,0.55700,48,0.38270,60,0.73971,27,-0.5545,14,-1.5133,33,-0.2126,36,-0.0688
ENSG00000107679,PLEKHA1,108,0.02888,123,0.23885,146,0.52331,125,0.26886,82,-0.4036,110,0.06181,103,-0.0455,60,-0.8936,122,0.23274,80,-0.4343
ENSG00000166033,HTRA1,665,0.98826,395,0.11451,242,-0.6532,181,-1.1014,170,-1.1929,226,-0.7602,240,-0.6700,614,0.85019,174,-1.1579,770,1.25232
ENSG00000119965,C10orf88,4,-1.8163,13,-0.2679,16,0.05134,17,0.13237,29,1.02914,23,0.68260,4,-1.9124,10,-0.6132,28,0.99062,9,-0.8077
ENSG00000179988,PSTK,17,0.04542,9,-0.9657,31,0.97811,21,0.36487,25,0.62865,16,-0.1084,8,-1.0997,5,-1.8858,29,0.88748,8,-1.0921
ENSG00000095574,IKZF5,44,0.83278,47,0.94998,16,-0.8016,12,-1.2199,28,0.08421,33,0.38317,20,-0.4487,19,-0.5299,19,-0.5212,27,0.03306
ENSG00000196177,ACADSB,33,-0.1998,55,0.62875,44,0.25588,30,-0.3258,44,0.27334,24,-0.6530,32,-0.2548,28,-0.4244,24,-0.6915,58,0.73660
ENSG00000154473,BUB3,66,0.70297,47,0.16781,54,0.38077,29,-0.6092,67,0.73595,26,-0.7700,33,-0.4005,24,-0.8879,56,0.42702,25,-0.7996
ENSG00000154478,GPR26,0,-7.6739,17,-0.6164,45,0.93111,41,0.74273,7,-1.9949,21,-0.2848,23,-0.1731,23,-0.1752,41,0.77314,39,0.67535
ENSG00000182022,CHST15,14,-1.0460,31,0.18964,50,0.99411,56,1.19088,19,-0.5584,17,-0.7555,31,0.17064,19,-0.5381,12,-1.2134,26,-0.1148
ENSG00000065154,OAT,102,-1.1371,280,0.44384,192,-0.1612,356,0.85462,262,0.33955,364,0.89078,131,-0.7606,116,-0.9481,172,-0.3392,153,-0.5158
ENSG00000107902,LHPP,875,4.36784,35,-1.9425,37,-1.8521,35,-1.9467,49,-1.4235,51,-1.3762,39,-1.7637,78,-0.7445,21,-2.6536,32,-2.0825
ENSG00000203791,EEF1AKMT2,36,0.78530,30,0.48225,41,0.99185,10,-1.2188,20,-0.2117,11,-1.0478,11,-1.1169,14,-0.6770,24,0.07267,27,0.31584
ENSG00000019995,ZRANB1,34,-0.9240,76,0.33665,73,0.26769,89,0.59316,52,-0.2795,61,-0.0219,55,-0.1678,39,-0.7256,56,-0.1607,83,0.48056
ENSG00000175029,CTBP2,34,0.53286,17,-0.5349,22,-0.1850,25,0.03462,51,1.25046,20,-0.3002,25,0.04286,21,-0.1887,16,-0.6218,11,-1.1290
ENSG00000188690,UROS,86,-0.3386,96,-0.1683,131,0.33587,118,0.15913,114,0.10960,134,0.37146,115,0.12756,92,-0.2360,113,0.09560,66,-0.7347
ENSG00000107949,BCCIP,20,-0.2979,28,0.19837,24,-0.0265,26,0.11104,32,0.41949,13,-0.9807,13,-0.9885,24,-0.0391,17,-0.5588,48,1.12542
ENSG00000150760,DOCK1,92,2.92101,11,-0.8312,13,-0.5928,5,-1.8941,5,-1.8893,15,-0.3905,13,-0.5880,24,0.30488,2,-3.3825,16,-0.3675
ENSG00000132334,PTPRE,33,0.01636,38,0.24473,50,0.67736,25,-0.4027,28,-0.2487,37,0.17901,38,0.24372,27,-0.2810,30,-0.1527,22,-0.6514
ENSG00000170430,MGMT,44,1.38233,22,0.18730,14,-0.5319,20,0.00669,18,-0.1418,13,-0.6686,22,0.17766,17,-0.2547,15,-0.3806,11,-0.8251
ENSG00000108010,GLRX3,28,-0.7724,50,0.12971,33,-0.5341,86,1.02123,64,0.53583,51,0.15942,26,-0.8902,25,-0.9288,49,0.10435,50,0.11973
ENSG00000175470,PPP2R2D,23,-1.2729,50,-0.0936,49,-0.1202,49,-0.1242,73,0.53527,30,-0.8669,38,-0.4923,43,-0.3276,90,0.88518,82,0.72927
ENSG00000176171,BNIP3,132,-1.0412,309,0.29391,260,0.01949,329,0.39989,397,0.71531,342,0.46413,152,-0.8189,157,-0.7684,280,0.13669,214,-0.2905
ENSG00000151640,DPYSL4,29,-0.8148,74,0.67260,52,0.08202,59,0.29662,62,0.37893,71,0.60129,42,-0.2610,36,-0.4969,32,-0.6525,35,-0.5516
ENSG00000165752,STK32C,17,-1.5463,40,-0.2753,98,1.18766,36,-0.4480,94,1.11879,45,-0.1012,36,-0.4510,40,-0.2773,39,-0.3262,35,-0.4929
ENSG00000171813,PWWP2B,6,-2.1511,24,-0.1298,34,0.43867,31,0.31803,27,0.08538,49,1.05819,17,-0.6602,20,-0.4015,16,-0.7404,34,0.45116
ENSG00000068383,INPP5A,23,-1.5440,89,0.56414,83,0.45466,65,0.03702,70,0.15673,89,0.55522,50,-0.3556,49,-0.4040,40,-0.6949,73,0.23367
ENSG00000148826,NKX6-2,478,6.00040,7,-2.9168,9,-2.5911,10,-2.4329,11,-2.3584,10,-2.5507,5,-3.3356,5,-3.5604,3,-4.2916,2,-4.5216
ENSG00000197177,ADGRA1,7,-2.7581,39,-0.3315,31,-0.6860,75,0.69643,70,0.58220,91,1.04763,39,-0.3425,33,-0.6008,61,0.35149,40,-0.2934
ENSG00000171798,KNDC1,29,-1.5994,92,0.14365,95,0.20875,79,-0.0927,87,0.06434,96,0.21367,82,-0.0240,64,-0.4302,129,0.71600,84,-0.0017
ENSG00000130640,TUBGCP2,58,-0.1105,67,0.12506,76,0.33686,72,0.24958,86,0.53563,60,-0.0496,41,-0.6266,37,-0.7853,63,0.04291,57,-0.1194
ENSG00000198546,ZNF511,8,-1.1753,29,0.75622,30,0.81752,22,0.29348,22,0.29958,14,-0.4224,10,-0.9509,13,-0.5096,7,-1.4616,28,0.65715
ENSG00000130643,CALY,76,-2.5674,628,0.67241,471,0.19661,472,0.19877,431,0.05123,662,0.76352,365,-0.2105,241,-0.8588,513,0.33393,313,-0.4548
ENSG00000127884,ECHS1,142,0.13541,115,-0.2080,135,0.04835,122,-0.1188,177,0.49045,133,0.02749,115,-0.2115,116,-0.1895,119,-0.1535,136,0.05818
ENSG00000148824,MTG1,46,1.05483,16,-0.6148,21,-0.1953,27,0.13855,24,-0.0328,36,0.64474,17,-0.5558,13,-0.9078,10,-1.3608,33,0.47461
ENSG00000203772,SPRN,20,-1.1018,29,-0.5392,64,0.72942,58,0.55382,60,0.62546,25,-0.7808,39,-0.0889,32,-0.3974,59,0.57437,26,-0.7360
ENSG00000177963,RIC8A,39,-0.5808,52,-0.1269,83,0.63880,58,0.06006,67,0.28293,61,0.14264,39,-0.5632,57,0.03153,65,0.22413,40,-0.5168
ENSG00000142082,SIRT3,41,0.49686,23,-0.4199,57,1.02513,29,-0.0886,29,-0.0749,35,0.22772,22,-0.5223,34,0.15744,17,-0.8485,17,-0.8513
ENSG00000185627,PSMD13,57,-0.6749,107,0.31107,90,0.02386,145,0.81549,92,0.06515,134,0.67324,62,-0.5567,44,-1.0745,74,-0.2733,79,-0.1761
ENSG00000185201,IFITM2,106,1.63011,18,-1.2667,19,-1.1809,12,-1.8103,13,-1.7124,4,-3.2410,39,-0.1065,57,0.51349,11,-1.9960,133,2.08623
ENSG00000142089,IFITM3,234,2.00983,69,-0.1329,33,-1.2537,14,-2.5012,12,-2.7320,29,-1.4421,81,0.11827,88,0.24494,42,-0.9167,151,1.16798
ENSG00000182272,B4GALNT4,72,0.16207,62,-0.0635,67,0.04434,68,0.07008,58,-0.1892,64,-0.0194,71,0.14520,57,-0.2148,67,0.03562,65,-0.0092
ENSG00000185187,SIGIRR,84,1.78212,19,-0.6958,8,-2.0346,16,-0.9218,36,0.30151,33,0.13641,22,-0.5051,30,0.01663,21,-0.5133,31,0.03754
ENSG00000174915,PTDSS2,54,1.01447,30,0.06247,36,0.34505,20,-0.5562,28,-0.0619,30,0.06431,30,0.03394,15,-1.0415,14,-1.1603,35,0.26503
ENSG00000023191,RNH1,186,1.46991,77,-0.0339,46,-0.8277,68,-0.2300,68,-0.2330,74,-0.1005,65,-0.2957,42,-0.9808,61,-0.3986,100,0.38865
ENSG00000174775,HRAS,118,0.29819,117,0.27180,114,0.23196,103,0.06594,105,0.11015,94,-0.0671,96,-0.0330,65,-0.6504,69,-0.5663,103,0.07942
ENSG00000177030,DEAF1,80,-0.2004,95,0.06472,83,-0.1463,87,-0.0742,108,0.27497,76,-0.2915,120,0.45320,73,-0.3399,81,-0.1816,107,0.25861
ENSG00000177156,TALDO1,254,1.42249,125,0.19948,86,-0.3951,106,-0.0588,116,0.08202,105,-0.0817,82,-0.4615,42,-1.4872,91,-0.3048,96,-0.2123
ENSG00000177225,GATD1,85,1.81875,18,-0.7323,32,0.13027,32,0.10418,14,-1.1111,19,-0.7060,17,-0.8812,30,0.03267,29,-0.0517,21,-0.5148
ENSG00000184524,CEND1,89,-1.7739,351,0.33758,243,-0.2549,387,0.49654,366,0.40313,405,0.57270,340,0.28436,204,-0.5272,224,-0.3831,244,-0.2487
ENSG00000177542,SLC25A22,17,-2.7319,156,0.61669,114,0.10894,97,-0.1514,243,1.39836,112,0.08106,99,-0.1198,61,-0.8669,84,-0.3716,84,-0.3725
ENSG00000177600,RPLP2,1367,1.28857,767,0.29399,506,-0.3717,519,-0.3306,494,-0.4077,389,-0.7794,386,-0.7928,663,0.05629,693,0.12718,616,-0.0614
ENSG00000177666,PNPLA2,51,0.86668,38,0.34892,30,-0.0294,52,0.89756,21,-0.5697,18,-0.7936,18,-0.8273,32,0.10554,30,-0.0184,13,-1.2907
ENSG00000177697,CD151,75,1.47131,26,-0.2963,14,-1.1855,13,-1.3426,28,-0.1821,41,0.42650,9,-1.8195,30,-0.1005,10,-1.6637,69,1.30613
ENSG00000177700,POLR2L,173,-0.3008,142,-0.6106,222,0.09202,179,-0.2486,294,0.55603,231,0.15757,135,-0.6869,233,0.17377,253,0.30283,232,0.16622
ENSG00000177830,CHID1,62,-0.0568,89,0.53037,76,0.27761,62,-0.0597,52,-0.3358,89,0.53014,50,-0.3855,50,-0.3838,49,-0.4029,62,-0.0551
ENSG00000183020,AP2A2,76,-0.9484,129,-0.1327,218,0.72773,136,-0.0500,199,0.57496,143,0.03421,96,-0.5986,102,-0.5019,151,0.12095,152,0.12593
ENSG00000078902,TOLLIP,100,-1.4804,230,-0.2101,308,0.26197,395,0.67619,436,0.84364,302,0.22695,257,-0.0307,139,-0.9884,250,-0.0741,204,-0.3972
ENSG00000174672,BRSK2,45,-0.8303,83,0.11967,86,0.17318,103,0.46627,116,0.66922,73,-0.1002,63,-0.3166,72,-0.1165,75,-0.0495,56,-0.4933
ENSG00000182208,MOB2,35,-0.0067,34,-0.0576,24,-0.6275,40,0.19274,62,0.92502,45,0.40083,32,-0.1674,30,-0.2835,30,-0.2509,22,-0.7257
ENSG00000184545,DUSP8,16,-2.2121,43,-0.7304,92,0.48098,68,-0.0147,52,-0.4333,81,0.26283,60,-0.2057,82,0.28492,79,0.22147,114,0.83077
ENSG00000244242,IFITM10,40,-0.1713,83,1.04761,5,-3.1395,31,-0.5418,133,1.92543,77,0.91388,33,-0.4608,14,-1.7757,19,-1.2690,8,-2.4481
ENSG00000117984,CTSD,401,-0.0410,457,0.16957,237,-0.8624,430,0.07150,574,0.54721,528,0.40716,330,-0.3501,315,-0.4183,499,0.31457,341,-0.2986
ENSG00000214026,MRPL23,52,0.21892,58,0.39136,43,-0.1017,60,0.43110,56,0.33322,40,-0.2182,29,-0.6902,28,-0.7303,29,-0.7108,61,0.47066
ENSG00000110651,CD81,735,0.86281,440,0.01114,433,-0.0126,259,-0.8155,269,-0.7581,412,-0.0943,424,-0.0490,429,-0.0284,264,-0.7870,704,0.78804
ENSG00000184281,TSSC4,26,0.27431,23,0.09083,27,0.36198,12,-0.8429,32,0.63388,30,0.53191,20,-0.0838,11,-0.9850,11,-1.0137,23,0.10534
ENSG00000129757,CDKN1C,206,4.27622,8,-1.9273,1,-4.3082,9,-1.7696,48,0.78843,7,-2.0629,5,-2.5267,5,-2.6832,6,-2.2350,1,-4.2628
ENSG00000205531,NAP1L4,161,0.50954,145,0.33440,103,-0.2136,151,0.40374,101,-0.2389,113,-0.0580,98,-0.2962,97,-0.3048,66,-0.9045,142,0.30818
ENSG00000110619,CARS,30,-0.2402,29,-0.2953,40,0.18681,58,0.82185,37,0.06094,48,0.47767,32,-0.1476,23,-0.6398,23,-0.6749,33,-0.1002
ENSG00000005801,ZNF195,22,0.24568,23,0.32848,36,1.12208,10,-0.8642,24,0.44410,26,0.57793,7,-1.4401,12,-0.6743,14,-0.4265,10,-0.9462
ENSG00000177105,RHOG,150,3.74908,24,-0.0223,7,-1.9012,4,-2.6626,2,-3.4625,13,-0.9259,9,-1.4445,13,-0.9484,8,-1.7130,16,-0.6874
ENSG00000167323,STIM1,20,-1.2746,45,-0.0539,93,1.17239,48,0.05523,48,0.07002,37,-0.3743,40,-0.2278,37,-0.3588,52,0.17678,44,-0.0944
ENSG00000167325,RRM1,19,-0.3986,52,1.24327,29,0.22716,11,-1.1801,38,0.67240,33,0.47190,10,-1.3864,18,-0.4538,24,-0.0613,14,-0.9007
ENSG00000244734,HBB,151,0.38009,257,1.30153,9,-3.8343,11,-3.5761,23,-2.4910,25,-2.3788,35,-1.8464,30,-2.0864,20,-2.7002,634,3.33825
ENSG00000051009,FAM160A2,10,-0.8460,14,-0.3333,33,0.98608,29,0.79122,26,0.58105,15,-0.2682,17,-0.0389,8,-1.1831,10,-0.8767,16,-0.1541
ENSG00000110148,CCKBR,7,-2.4290,68,1.10157,52,0.65223,34,-0.0525,70,1.16427,36,0.05720,19,-0.9707,26,-0.4595,20,-0.8832,19,-0.9723
ENSG00000166311,SMPD1,61,0.13826,74,0.46859,43,-0.3970,61,0.14699,67,0.30438,44,-0.3585,44,-0.3719,42,-0.4460,40,-0.4959,79,0.58059
ENSG00000166313,APBB1,299,-0.6774,538,0.24939,529,0.22296,516,0.18148,652,0.56759,522,0.20048,337,-0.4961,285,-0.7534,438,-0.0806,494,0.11065
ENSG00000110171,TRIM3,22,-0.4238,20,-0.5271,48,0.83232,31,0.14513,21,-0.4486,51,0.95934,21,-0.4761,14,-1.0555,41,0.59163,16,-0.8984
ENSG00000132254,ARFIP2,38,-0.4124,54,0.14831,39,-0.3391,79,0.79206,67,0.51608,56,0.23252,42,-0.2401,40,-0.3233,34,-0.5606,39,-0.3334
ENSG00000132286,TIMM10B,26,-0.2285,49,0.79306,23,-0.3942,23,-0.4550,27,-0.1655,47,0.72756,30,-0.0005,28,-0.1047,29,-0.0594,19,-0.7124
ENSG00000166333,ILK,81,0.55928,65,0.19600,42,-0.4896,63,0.13268,53,-0.1431,41,-0.5312,57,-0.0046,52,-0.1692,47,-0.3088,75,0.42379
ENSG00000166337,TAF10,131,0.67062,130,0.65217,77,-0.2039,67,-0.4097,85,-0.0475,113,0.42732,65,-0.4691,77,-0.1974,58,-0.6468,70,-0.3549
ENSG00000166340,TPP1,150,0.85493,64,-0.5255,58,-0.6819,66,-0.4724,63,-0.5434,79,-0.2014,84,-0.0935,128,0.59093,71,-0.3593,131,0.61876
ENSG00000158042,MRPL17,22,-1.0008,60,0.56419,56,0.45919,48,0.18123,36,-0.2493,64,0.68027,33,-0.3998,30,-0.5506,45,0.09586,30,-0.5410
ENSG00000175390,EIF3F,108,0.28579,97,0.11897,78,-0.2189,79,-0.2129,71,-0.3818,84,-0.1024,85,-0.0931,92,0.03641,96,0.10123,111,0.33502
ENSG00000166402,TUB,31,-0.8516,59,0.17956,83,0.72427,48,-0.1761,41,-0.4037,67,0.36242,40,-0.4624,40,-0.4597,78,0.61773,47,-0.2017
ENSG00000166405,RIC3,11,-1.5649,49,0.70478,39,0.34126,30,-0.0964,47,0.64469,43,0.48193,21,-0.6266,21,-0.6428,30,-0.1071,27,-0.2858
ENSG00000166441,RPL27A,696,1.15522,456,0.42851,217,-0.7530,306,-0.2172,295,-0.2770,225,-0.6935,349,-0.0063,402,0.22166,264,-0.4487,297,-0.2660
ENSG00000166444,ST5,33,0.76045,30,0.61813,12,-0.8111,20,-0.0578,21,-0.0072,16,-0.4130,37,0.92774,13,-0.7018,7,-1.5677,18,-0.1898
ENSG00000166452,AKIP1,27,0.17116,13,-0.9877,34,0.55570,25,0.05119,34,0.57900,47,1.11847,16,-0.6290,14,-0.8265,12,-1.0551,19,-0.3800
ENSG00000175348,TMEM9B,52,-0.4710,100,0.58754,68,-0.0348,99,0.57443,51,-0.4870,54,-0.4124,71,0.02540,50,-0.5316,88,0.37003,65,-0.1013
ENSG00000175352,NRIP3,22,-1.4533,107,1.04820,40,-0.5666,40,-0.5714,51,-0.1897,90,0.73472,60,0.06581,45,-0.3627,33,-0.8307,85,0.63875
ENSG00000184014,DENND5A,259,1.85314,77,-0.2477,71,-0.3709,48,-0.9820,51,-0.8747,85,-0.0892,82,-0.1526,67,-0.4523,59,-0.6546,101,0.18287
ENSG00000166471,TMEM41B,42,-0.2312,59,0.31042,50,0.05151,37,-0.3994,35,-0.5036,65,0.47775,34,-0.5503,41,-0.2649,44,-0.1593,77,0.76847
ENSG00000205339,IPO7,73,-0.3560,71,-0.3827,114,0.35942,81,-0.1778,138,0.68015,117,0.40299,83,-0.1444,84,-0.1265,72,-0.3616,77,-0.2609
ENSG00000133812,SBF2,17,0.15270,13,-0.2988,18,0.21189,8,-0.9661,10,-0.6645,17,0.10221,14,-0.1809,22,0.52416,20,0.34751,18,0.24587
ENSG00000255823,MTRNR2L8,499,-0.5641,634,-0.1870,398,-0.9107,332,-1.1847,394,-0.9250,296,-1.3580,1393,1.12551,1621,1.40349,847,0.27842,720,0.01448
ENSG00000110315,RNF141,272,1.93246,90,-0.0097,53,-0.8413,77,-0.2553,63,-0.5780,105,0.23729,62,-0.6046,68,-0.4518,74,-0.3229,45,-1.0976
ENSG00000072952,MRVI1,25,0.78181,3,-2.1874,7,-1.1488,12,-0.3544,5,-1.6290,2,-3.0344,17,0.12852,27,0.86677,14,-0.1729,43,1.76088
ENSG00000198730,CTR9,13,-1.6539,55,0.60054,44,0.23575,57,0.64639,50,0.44576,42,0.14726,19,-1.0567,20,-0.9968,42,0.14210,40,0.06583
ENSG00000110321,EIF4G2,299,-0.2932,452,0.36960,292,-0.3314,501,0.53941,391,0.13403,482,0.47722,302,-0.2789,246,-0.6009,272,-0.4432,363,0.01322
ENSG00000236287,ZBED5,28,-0.3292,39,0.18210,38,0.12100,38,0.11135,52,0.64712,31,-0.1716,27,-0.3932,26,-0.4416,28,-0.3401,42,0.28880
ENSG00000110328,GALNT18,10,-1.8291,51,0.69482,61,1.01218,28,-0.2300,16,-1.1431,54,0.81167,19,-0.8214,23,-0.5296,35,0.10760,33,-0.0162
ENSG00000170242,USP47,78,0.98723,41,-0.0652,51,0.25142,30,-0.5819,28,-0.6679,52,0.30051,25,-0.8173,47,0.14796,43,-0.0160,36,-0.2787
ENSG00000050165,DKK3,305,-1.4936,862,0.11331,1133,0.56224,1020,0.38763,1129,0.55646,958,0.28418,492,-0.7684,819,0.03037,748,-0.1139,570,-0.5397
ENSG00000133816,MICAL2,25,-2.5821,170,0.30287,103,-0.4936,185,0.44867,248,0.94105,179,0.39487,140,-0.0121,80,-0.8857,174,0.34683,103,-0.4891
ENSG00000197702,PARVA,19,-1.0274,88,1.45977,15,-1.3728,24,-0.6698,60,0.78004,20,-0.9525,35,-0.1141,36,-0.0570,27,-0.4863,49,0.42984
ENSG00000187079,TEAD1,18,0.25898,23,0.67924,11,-0.5041,15,-0.0747,3,-2.2644,9,-0.7565,13,-0.2823,36,1.42427,7,-1.0572,18,0.22721
ENSG00000133794,ARNTL,16,-1.0971,21,-0.6660,27,-0.2815,50,0.73741,41,0.40441,25,-0.3676,29,-0.1292,22,-0.5928,50,0.72707,39,0.31535
ENSG00000148925,BTBD10,20,-2.3570,115,0.25463,147,0.66703,143,0.62058,93,-0.0852,115,0.26523,72,-0.4797,69,-0.5417,126,0.40555,78,-0.3489
ENSG00000197601,FAR1,134,1.31593,63,0.03204,64,0.06440,85,0.51377,57,-0.1340,62,-0.0017,19,-1.7900,61,-0.0093,36,-0.8527,37,-0.8011
ENSG00000262655,SPON1,54,1.36313,17,-0.5504,10,-1.3407,11,-1.1404,20,-0.2599,10,-1.3602,17,-0.5817,66,1.72273,14,-0.7984,23,-0.1107
ENSG00000129083,COPB1,35,-0.3911,48,0.09893,52,0.22839,48,0.10877,46,0.03146,69,0.69489,29,-0.6739,31,-0.5667,45,0.01092,46,0.05343
ENSG00000129084,PSMA1,56,-1.2792,160,0.36625,187,0.62728,155,0.31766,149,0.24323,186,0.61746,107,-0.2863,86,-0.6204,89,-0.5667,102,-0.3482
ENSG00000110696,C11orf58,113,-0.4262,175,0.27271,195,0.44939,157,0.09288,118,-0.3532,149,0.00951,81,-0.9369,133,-0.1630,175,0.27347,183,0.34212
ENSG00000110700,RPS13,1251,1.65373,443,-0.1343,361,-0.4558,255,-0.9909,408,-0.2670,356,-0.4775,381,-0.3749,360,-0.4626,560,0.23959,450,-0.1121
ENSG00000011405,PIK3C2A,37,0.33174,28,-0.1276,27,-0.1488,25,-0.3224,17,-0.8934,23,-0.4402,24,-0.3592,48,0.74515,21,-0.5373,52,0.90624
ENSG00000070081,NUCB2,24,-0.2106,24,-0.1911,32,0.25125,29,0.05576,32,0.22812,19,-0.6054,23,-0.2733,33,0.28284,35,0.40058,24,-0.1860
ENSG00000260196,AC124798.1,0,-6.9133,13,-0.6100,26,0.46945,15,-0.3421,18,-0.1153,47,1.51437,26,0.46883,10,-0.9351,29,0.66558,8,-1.2276
ENSG00000006071,ABCC8,9,-1.2151,15,-0.4031,54,1.78778,23,0.29535,13,-0.6231,37,1.08328,8,-1.2918,12,-0.7620,14,-0.5396,9,-1.2114
ENSG00000129159,KCNC1,4,-4.2460,87,0.08363,90,0.13792,133,0.78911,45,-0.9205,132,0.77335,85,0.05684,55,-0.6264,93,0.18766,99,0.30495
ENSG00000129158,SERGEF,20,-1.3076,37,-0.3334,31,-0.6220,42,-0.1737,56,0.29097,83,0.96136,54,0.23090,51,0.16008,44,-0.0896,47,0.01794
ENSG00000110768,GTF2H1,17,-1.3416,43,0.06218,34,-0.3284,55,0.43292,49,0.25299,62,0.63098,27,-0.6638,32,-0.4120,39,-0.1285,60,0.59517
ENSG00000134333,LDHA,130,-1.6617,531,0.52504,343,-0.1841,581,0.67732,589,0.70072,603,0.74281,284,-0.4788,165,-1.3081,347,-0.1654,275,-0.5269
ENSG00000074319,TSG101,29,-0.9605,49,-0.1882,67,0.31904,57,0.06754,58,0.08085,44,-0.3317,62,0.19179,37,-0.6064,46,-0.2640,99,0.97743
ENSG00000110786,PTPN5,3,-4.8630,122,0.25745,163,0.74664,148,0.57621,130,0.36685,164,0.74985,80,-0.4203,50,-1.1380,89,-0.2514,90,-0.2243
ENSG00000177054,ZDHHC13,0,-5.8466,34,1.05132,18,0.03576,28,0.72044,25,0.53813,23,0.39746,11,-0.7891,8,-1.2606,16,-0.2091,17,-0.0839
ENSG00000166833,NAV2,9,-0.9591,26,0.75274,13,-0.3173,14,-0.3005,20,0.29279,13,-0.3446,8,-1.0598,27,0.82264,15,-0.1656,20,0.27331
ENSG00000270607,AC009549.1,2,-2.6863,25,0.64705,20,0.32491,10,-0.7985,21,0.35094,20,0.28419,16,-0.0437,11,-0.5720,22,0.46635,18,0.14433
ENSG00000109854,HTATIP2,45,1.43339,7,-1.4856,16,-0.3159,26,0.48974,30,0.71038,21,0.16814,10,-0.9215,19,0.01640,10,-1.0233,8,-1.3773
ENSG00000165973,NELL1,6,-3.2467,42,-0.5715,54,-0.1715,66,0.15389,105,0.93701,141,1.46745,59,-0.0148,25,-1.3444,42,-0.5409,58,-0.0546
ENSG00000171714,ANO5,0,-8.1114,37,0.08917,24,-0.5548,38,0.14051,46,0.43846,81,1.41805,29,-0.3057,17,-1.1153,45,0.42201,33,-0.1019
ENSG00000198168,SVIP,128,0.42621,94,-0.0801,108,0.15636,89,-0.1583,60,-0.7602,111,0.18618,102,0.06481,52,-0.9858,114,0.23900,125,0.39257
ENSG00000187398,LUZP2,7,-1.3293,31,1.06049,17,0.06684,19,0.25617,13,-0.3734,24,0.64425,6,-1.4283,25,0.74216,8,-1.0152,12,-0.5035
ENSG00000134343,ANO3,0,-5.9691,13,-1.4704,87,1.63890,73,1.33174,35,0.06467,23,-0.5824,26,-0.3673,27,-0.3196,33,0.00659,16,-1.0963
ENSG00000109881,CCDC34,0,-5.8124,22,-0.6012,50,0.70470,66,1.18807,42,0.41176,35,0.14678,31,-0.0738,29,-0.1626,29,-0.1873,20,-0.7635
ENSG00000205213,LGR4,16,0.13454,18,0.32755,14,-0.1324,6,-1.2663,19,0.35440,13,-0.1580,17,0.18282,23,0.71535,6,-1.3310,16,0.14197
ENSG00000148943,LIN7C,30,-1.3630,124,0.85150,94,0.37994,54,-0.4986,78,0.07994,66,-0.1770,76,0.03084,74,-0.0099,97,0.43485,49,-0.6559
ENSG00000152219,ARL14EP,12,-0.6224,12,-0.5721,27,0.68269,22,0.35134,18,0.02770,13,-0.4467,7,-1.3479,18,0.06304,24,0.49360,23,0.41999
ENSG00000066382,MPPED2,1,-4.0871,23,0.35308,31,0.86709,16,-0.1980,12,-0.6283,29,0.77505,13,-0.4631,14,-0.3830,23,0.37859,19,0.09768
ENSG00000170946,DNAJC24,16,-0.3703,17,-0.2724,19,-0.0714,22,0.14870,16,-0.3675,17,-0.2705,17,-0.3071,27,0.45946,36,0.95752,15,-0.4492
ENSG00000148950,IMMP1L,12,-1.3442,46,0.77348,26,-0.1843,27,-0.1197,29,0.03655,41,0.57821,26,-0.1570,31,0.12046,32,0.14366,18,-0.6930
ENSG00000109911,ELP4,17,-0.0356,26,0.60874,16,-0.1578,8,-1.1977,11,-0.7525,18,0.02796,12,-0.5238,24,0.50141,12,-0.6183,32,0.99949
ENSG00000007372,PAX6,22,0.48470,15,-0.1573,19,0.24164,7,-1.2389,8,-1.0713,10,-0.7112,7,-1.3174,61,2.41441,4,-1.9982,9,-0.8447
ENSG00000049449,RCN1,14,-2.1471,25,-1.3061,176,1.92408,47,-0.3675,9,-2.8423,20,-1.6351,28,-1.1454,73,0.33320,101,0.89109,98,0.83449
ENSG00000149100,EIF3M,52,-0.8057,112,0.40858,121,0.52577,109,0.36602,85,-0.0475,101,0.23214,53,-0.7625,60,-0.5820,101,0.24127,78,-0.1791
ENSG00000060749,QSER1,26,0.66457,16,-0.1190,16,-0.1365,16,-0.1326,23,0.44952,10,-0.8229,6,-1.4740,21,0.35128,17,-0.0257,21,0.31936
ENSG00000280798,LINC00294,14,-1.5531,57,0.56642,44,0.16775,41,0.05572,42,0.09739,59,0.64635,22,-0.9147,24,-0.7620,63,0.73617,32,-0.3532
ENSG00000176102,CSTF3,52,0.34250,45,0.12078,65,0.73532,46,0.14470,47,0.20185,22,-1.0110,28,-0.6158,24,-0.8245,40,-0.0772,48,0.23625
ENSG00000110422,HIPK3,38,-0.2372,73,0.83044,38,-0.2123,44,0.00998,46,0.06092,31,-0.5514,38,-0.2236,34,-0.4121,30,-0.5809,68,0.70443
ENSG00000110427,KIAA1549L,17,-3.6971,187,-0.1112,351,0.93279,301,0.67201,191,-0.0734,198,-0.0143,174,-0.2184,169,-0.2665,233,0.24279,181,-0.1627
ENSG00000085063,CD59,116,-0.9281,241,0.21670,200,-0.0828,242,0.22842,216,0.03900,221,0.07874,200,-0.0766,200,-0.0839,250,0.27916,218,0.06069
ENSG00000110429,FBXO3,30,-1.4010,111,0.62793,69,-0.1373,116,0.69694,100,0.45200,97,0.40316,51,-0.6281,67,-0.1930,66,-0.2048,49,-0.6747
ENSG00000135363,LMO2,40,1.04592,27,0.35107,8,-1.5492,9,-1.2753,8,-1.5211,21,-0.0566,16,-0.4966,37,0.88873,10,-1.1773,40,1.02641
ENSG00000135387,CAPRIN1,76,-0.8715,228,0.88363,149,0.17543,141,0.08645,124,-0.1266,132,-0.0232,101,-0.4436,104,-0.3927,121,-0.1586,161,0.30350
ENSG00000135372,NAT10,13,-0.2812,19,0.28047,31,1.08634,16,0.00021,17,0.04676,12,-0.4143,20,0.35800,11,-0.5154,17,0.07461,4,-2.1170
ENSG00000121691,CAT,62,1.32875,37,0.41959,16,-0.8469,14,-1.0500,7,-2.0853,13,-1.1577,11,-1.4402,48,0.85495,29,0.01489,46,0.80693
ENSG00000149089,APIP,55,1.55743,23,0.04175,18,-0.2960,11,-1.0843,26,0.23918,23,0.05886,13,-0.7766,12,-0.8860,24,0.16035,15,-0.5531
ENSG00000110435,PDHX,25,-1.3534,47,-0.4059,70,0.19550,80,0.41884,68,0.15305,71,0.22919,51,-0.2963,52,-0.2679,84,0.51011,67,0.14596
ENSG00000110436,SLC1A2,231,-2.6886,1728,0.38355,722,-0.9913,1001,-0.4890,815,-0.8063,897,-0.6586,1106,-0.3339,3426,1.59204,1369,0.00514,2354,0.90692
ENSG00000149090,PAMR1,16,-0.6843,14,-0.7952,24,0.00730,15,-0.7128,21,-0.2150,19,-0.3850,18,-0.4900,48,1.11748,14,-0.8709,54,1.34903
ENSG00000179431,FJX1,9,-1.3422,15,-0.6556,21,-0.1595,28,0.32471,56,1.50944,26,0.20388,18,-0.3908,11,-1.1158,14,-0.7963,32,0.53542
ENSG00000166326,TRIM44,76,-0.7550,117,-0.0949,107,-0.2301,131,0.09366,169,0.50026,101,-0.3253,144,0.23697,113,-0.1477,165,0.46787,117,-0.0979
ENSG00000110442,COMMD9,39,-0.3930,80,0.75476,41,-0.3172,48,-0.0817,72,0.58727,47,-0.0999,36,-0.5372,23,-1.1955,64,0.37984,54,0.10158
ENSG00000166352,C11orf74,19,-0.5870,33,0.28513,17,-0.7616,50,0.96632,45,0.76524,38,0.50985,16,-0.8178,11,-1.3373,17,-0.7221,31,0.18335
ENSG00000148948,LRRC4C,9,-1.5508,22,-0.3192,37,0.55322,44,0.80656,22,-0.2600,35,0.45028,31,0.25789,18,-0.5658,30,0.19172,16,-0.7401
ENSG00000166181,API5,53,-0.8033,136,0.70221,123,0.53065,62,-0.5589,95,0.10381,90,0.02487,72,-0.3217,72,-0.3320,123,0.53759,61,-0.5901
ENSG00000052841,TTC17,19,-0.2825,36,0.74964,20,-0.1912,19,-0.2329,10,-1.2289,30,0.43620,10,-1.1442,18,-0.3144,20,-0.1851,43,1.06826
ENSG00000149084,HSD17B12,70,-0.1510,99,0.41425,68,-0.1936,65,-0.2630,90,0.25971,88,0.22625,52,-0.5984,84,0.13832,61,-0.3740,91,0.26842
ENSG00000187479,C11orf96,47,0.92627,24,-0.1761,5,-2.3492,4,-2.8397,7,-1.8847,19,-0.5403,6,-2.2289,10,-1.4076,2,-3.6114,142,3.32562
ENSG00000151348,EXT2,10,-1.9213,76,1.31840,29,-0.2767,37,0.09010,43,0.35654,33,-0.0618,19,-0.9302,31,-0.1674,28,-0.3256,41,0.26012
ENSG00000175274,TP53I11,15,-0.6806,8,-1.5429,57,1.50437,14,-0.7815,13,-0.9318,10,-1.2023,14,-0.7912,22,-0.0601,19,-0.3380,61,1.65730
ENSG00000019485,PRDM11,1,-3.2846,11,-0.4700,19,0.34308,18,0.23754,10,-0.6908,15,-0.0524,13,-0.3172,13,-0.2834,23,0.66244,31,1.15950
ENSG00000019505,SYT13,14,-3.9684,225,0.12866,227,0.14849,238,0.22004,191,-0.1321,277,0.47406,177,-0.2461,129,-0.7417,368,0.95727,226,0.14217
ENSG00000175264,CHST1,50,-1.5162,83,-0.7534,279,1.24327,163,0.32017,132,-0.0266,91,-0.6015,102,-0.4295,120,-0.1721,193,0.59706,126,-0.0946
ENSG00000121671,CRY2,34,-1.3679,80,-0.0705,130,0.73033,115,0.51583,79,-0.0902,99,0.27614,76,-0.1413,86,0.04307,71,-0.2578,65,-0.3944
ENSG00000121653,MAPK8IP1,275,1.02033,88,-0.8279,160,0.10850,171,0.21243,133,-0.1848,147,-0.0309,140,-0.1044,136,-0.1502,119,-0.3630,127,-0.2618
ENSG00000121680,PEX16,25,-0.4586,75,1.35097,51,0.67541,41,0.30837,28,-0.2774,24,-0.5209,21,-0.7524,21,-0.7611,18,-0.9294,33,-0.0269
ENSG00000149091,DGKZ,87,-1.5494,197,-0.2984,316,0.45803,253,0.09642,301,0.37708,285,0.29065,258,0.12720,194,-0.3252,232,-0.0435,260,0.14213
ENSG00000110497,AMBRA1,13,-0.8016,44,1.18169,24,0.16443,30,0.50942,28,0.38422,17,-0.3456,23,0.10469,6,-1.8329,20,-0.1424,12,-0.9058
ENSG00000175224,ATG13,123,0.83648,85,0.22326,72,-0.0409,72,-0.0467,64,-0.2284,56,-0.4261,49,-0.6278,55,-0.4529,93,0.36594,70,-0.0884
ENSG00000175220,ARHGAP1,125,1.26681,46,-0.3975,50,-0.2490,50,-0.2456,43,-0.4847,62,0.09137,48,-0.3182,47,-0.3721,35,-0.8023,83,0.54951
ENSG00000175216,CKAP5,40,-1.2145,99,0.17435,95,0.11941,109,0.34156,129,0.62167,94,0.09484,71,-0.3381,73,-0.2986,95,0.11772,78,-0.1950
ENSG00000134569,LRP4,49,0.45407,61,0.80041,10,-1.9622,15,-1.3353,27,-0.5011,27,-0.5073,19,-1.0246,94,1.59071,20,-0.9320,50,0.46539
ENSG00000149179,C11orf49,34,-1.3375,69,-0.2381,93,0.22355,87,0.12087,92,0.20992,139,0.89397,59,-0.4844,64,-0.3724,73,-0.1700,98,0.31769
ENSG00000149182,ARFGAP2,88,-0.0443,109,0.28683,82,-0.1676,68,-0.4653,103,0.20606,138,0.69118,86,-0.0796,86,-0.0901,83,-0.1383,65,-0.5225
ENSG00000134575,ACP2,29,-0.4997,38,-0.0554,33,-0.2689,29,-0.4957,49,0.34401,39,-0.0297,33,-0.2847,23,-0.8495,46,0.23265,77,1.11678
ENSG00000110514,MADD,49,-1.5520,143,0.09688,185,0.52363,173,0.40896,162,0.29969,182,0.49675,130,-0.0499,92,-0.5910,121,-0.1723,107,-0.3580
ENSG00000165915,SLC39A13,30,0.35074,29,0.28330,26,0.10828,24,0.01065,16,-0.6290,26,0.09686,14,-0.8386,17,-0.5221,16,-0.6792,44,0.98938
ENSG00000165916,PSMC3,144,0.15994,121,-0.1238,109,-0.2869,101,-0.4056,151,0.23699,205,0.74513,128,-0.0253,82,-0.7170,92,-0.5401,170,0.43597
ENSG00000149187,CELF1,57,-0.7715,93,-0.0304,146,0.71467,78,-0.2953,80,-0.2560,74,-0.3904,71,-0.4399,111,0.26407,123,0.43271,110,0.24586
ENSG00000213619,NDUFS3,83,-0.5970,133,0.14441,152,0.35746,196,0.78169,100,-0.3104,168,0.51912,78,-0.6974,92,-0.4437,67,-0.9275,150,0.33291
ENSG00000110536,PTPMT1,39,-0.1244,60,0.59420,47,0.17265,24,-0.8447,34,-0.3347,47,0.18173,28,-0.6458,40,-0.0812,57,0.50675,43,0.05856
ENSG00000123444,KBTBD4,10,-1.4558,39,0.68368,27,0.06892,14,-0.9508,23,-0.2007,42,0.77414,16,-0.7738,28,0.10182,45,0.91318,16,-0.7378
ENSG00000172247,C1QTNF4,67,-1.9075,223,-0.0861,338,0.59179,237,0.00908,258,0.14781,263,0.18159,188,-0.3561,275,0.24940,291,0.34425,214,-0.1538
ENSG00000109919,MTCH2,47,-0.3662,55,-0.1273,71,0.27219,75,0.37334,70,0.25022,81,0.50718,43,-0.4989,49,-0.3171,57,-0.0803,48,-0.3302
ENSG00000109920,FNBP4,32,0.86947,12,-0.6991,25,0.47513,15,-0.2805,22,0.26012,23,0.34963,11,-0.8134,20,0.09108,9,-1.0642,17,-0.1261
ENSG00000149177,PTPRJ,36,0.22006,30,-0.0671,57,1.01165,19,-0.7593,26,-0.2728,38,0.31693,24,-0.4136,22,-0.5691,29,-0.1111,31,-0.0135
ENSG00000149136,SSRP1,31,-0.6470,61,0.42255,72,0.68531,41,-0.2270,64,0.50015,62,0.44972,28,-0.7798,36,-0.4259,33,-0.5370,42,-0.1684
ENSG00000186907,RTN4RL2,12,-2.0046,26,-0.8743,86,1.07895,54,0.29405,63,0.54834,44,-0.0531,27,-0.7825,28,-0.7278,88,1.10440,24,-0.9887
ENSG00000134809,TIMM10,32,-0.6538,43,-0.1762,68,0.54829,53,0.15395,37,-0.4230,65,0.48057,38,-0.3743,32,-0.6392,62,0.40382,53,0.15747
ENSG00000156587,UBE2L6,54,0.74687,50,0.61282,31,-0.1407,31,-0.1351,34,-0.0281,29,-0.2570,25,-0.4657,41,0.29085,17,-1.0663,29,-0.2338
ENSG00000149131,SERPING1,37,0.35739,37,0.39079,26,-0.2049,12,-1.3769,25,-0.2274,40,0.50137,10,-1.5392,21,-0.4880,19,-0.6495,65,1.34674
ENSG00000166793,YPEL4,23,-0.7883,35,-0.1162,37,-0.0206,69,1.00476,53,0.55223,45,0.30453,41,0.12706,21,-0.9034,25,-0.6479,28,-0.4695
ENSG00000156599,ZDHHC5,12,-0.9114,34,0.69226,26,0.25404,26,0.22872,13,-0.8088,45,1.18313,12,-0.9097,16,-0.4873,17,-0.4457,21,-0.0989
ENSG00000156603,MED19,17,-0.8720,49,0.77741,36,0.26502,45,0.62514,25,-0.3352,24,-0.3853,34,0.14566,28,-0.1669,13,-1.2751,36,0.23916
ENSG00000213593,TMX2,123,0.19975,105,-0.0576,110,0.01012,110,0.02067,130,0.28515,141,0.42240,71,-0.6596,97,-0.1810,92,-0.2628,109,-0.0024
ENSG00000211450,SELENOH,98,-1.2606,215,-0.0472,255,0.23063,314,0.57527,244,0.15982,305,0.52712,196,-0.1923,122,-0.9309,236,0.10726,226,0.03481
ENSG00000198561,CTNND1,47,0.07987,29,-0.6689,37,-0.2692,86,1.09386,33,-0.4499,33,-0.4788,49,0.14119,30,-0.6210,55,0.35402,46,0.05562
ENSG00000186660,ZFP91,62,0.33832,31,-0.7605,60,0.28375,42,-0.2912,67,0.46327,47,-0.0985,46,-0.1469,60,0.27388,45,-0.1972,44,-0.2025
ENSG00000110042,DTX4,31,0.59042,23,0.13533,20,-0.0870,19,-0.2046,19,-0.2070,17,-0.3313,22,0.02062,21,-0.0436,29,0.47002,14,-0.6921
ENSG00000110048,OSBP,30,-0.5124,25,-0.7685,43,0.06586,31,-0.4748,46,0.14436,61,0.63761,30,-0.4895,28,-0.6347,77,1.01881,45,0.11875
ENSG00000166900,STX3,6,-1.5569,25,0.61632,14,-0.3723,21,0.30691,18,0.10170,23,0.48981,25,0.59768,5,-1.6916,6,-1.4719,28,0.78809
ENSG00000166902,MRPL16,32,-0.4361,48,0.18964,38,-0.1749,56,0.45591,50,0.27565,57,0.48593,44,0.06018,32,-0.4545,37,-0.1912,29,-0.5825
ENSG00000110107,PRPF19,42,-1.5559,138,0.26126,128,0.14120,211,0.97063,126,0.10471,144,0.33139,112,-0.0702,91,-0.4093,82,-0.5711,101,-0.2356
ENSG00000110108,TMEM109,21,-0.7121,31,-0.1184,53,0.75458,30,-0.1732,37,0.16236,50,0.65789,20,-0.7884,25,-0.4521,18,-0.9668,49,0.63282
ENSG00000006118,TMEM132A,74,-1.0132,172,0.31582,224,0.75521,186,0.44511,118,-0.2944,151,0.09828,88,-0.7446,122,-0.2387,143,0.01841,139,-0.0285
ENSG00000167986,DDB1,107,-0.5121,198,0.47561,120,-0.3284,149,0.01154,185,0.35950,213,0.59408,118,-0.3533,116,-0.3779,119,-0.3417,154,0.06438
ENSG00000149476,TKFC,36,0.86099,56,1.64631,4,-2.3260,12,-0.8227,34,0.76178,22,0.05776,23,0.13592,9,-1.2596,3,-2.5896,13,-0.8055
ENSG00000149532,CPSF7,61,0.53150,31,-0.5222,45,0.04192,39,-0.1859,68,0.72770,52,0.27368,38,-0.2358,38,-0.2020,29,-0.6291,36,-0.2951
ENSG00000167985,SDHAF2,33,-0.3690,57,0.53001,39,-0.0893,64,0.72022,45,0.15368,42,0.01349,26,-0.7260,27,-0.6731,27,-0.6455,53,0.40152
ENSG00000011347,SYT7,28,-2.2797,82,-0.7027,189,0.63074,138,0.11442,200,0.72415,158,0.33660,182,0.56162,84,-0.6593,149,0.23906,76,-0.8281
ENSG00000134780,DAGLA,20,-1.3146,57,0.29688,67,0.55979,60,0.37961,84,0.94612,28,-0.8224,29,-0.7547,43,-0.1624,62,0.41116,25,-0.9655
ENSG00000124920,MYRF,529,5.38773,12,-2.4916,9,-2.8333,5,-3.7589,10,-2.6894,15,-2.1474,13,-2.3255,11,-2.5836,15,-2.1719,18,-1.9096
ENSG00000134825,TMEM258,241,0.96643,106,-0.3751,117,-0.2213,111,-0.3046,138,0.03730,162,0.29432,91,-0.6265,108,-0.3568,115,-0.2518,160,0.27583
ENSG00000168496,FEN1,23,0.33628,22,0.27814,14,-0.3762,28,0.68904,28,0.68679,17,-0.1597,13,-0.5252,8,-1.2813,18,-0.0710,14,-0.4704
ENSG00000134824,FADS2,198,1.72550,63,-0.2462,29,-1.4176,44,-0.7764,38,-0.9978,48,-0.6487,67,-0.1286,102,0.53990,62,-0.2641,80,0.15196
ENSG00000149485,FADS1,124,1.86745,64,0.64805,20,-1.1894,19,-1.2022,26,-0.7656,27,-0.7001,36,-0.2833,61,0.59176,19,-1.2463,31,-0.4857
ENSG00000221968,FADS3,53,0.45824,54,0.47000,64,0.77147,40,0.01650,43,0.13254,41,0.04119,25,-0.7376,22,-0.9042,21,-1.0185,37,-0.1323
ENSG00000167996,FTH1,11117,2.48201,1717,-0.8208,2154,-0.4707,2092,-0.5161,1684,-0.8510,2107,-0.5050,1541,-0.9863,2288,-0.3761,2074,-0.5294,2247,-0.4048
ENSG00000162174,ASRGL1,59,-0.0835,71,0.21885,52,-0.2891,48,-0.3919,32,-1.0165,48,-0.3864,48,-0.3883,105,0.86715,82,0.46072,74,0.28670
ENSG00000124942,AHNAK,148,1.76782,43,-0.3364,17,-1.7179,11,-2.4150,11,-2.3517,13,-2.1141,35,-0.6480,119,1.35020,11,-2.3071,128,1.47745
ENSG00000254772,EEF1G,571,1.74355,245,0.24405,152,-0.5113,82,-1.4440,174,-0.3023,188,-0.1805,160,-0.4333,198,-0.0991,126,-0.8015,209,-0.0141
ENSG00000149541,B3GAT3,51,-0.1814,127,1.34450,45,-0.3939,44,-0.4149,59,0.03470,79,0.51774,42,-0.4814,41,-0.5417,39,-0.6162,48,-0.2740
ENSG00000089597,GANAB,78,0.72923,44,-0.2044,65,0.42114,47,-0.1084,57,0.21264,40,-0.3572,39,-0.3979,45,-0.1598,26,-1.0004,60,0.27944
ENSG00000185085,INTS5,10,-1.0256,24,0.31375,15,-0.4948,18,-0.1843,14,-0.5974,41,1.17529,16,-0.3601,14,-0.5212,21,0.07470,28,0.54449
ENSG00000214756,CSKMT,24,0.54333,33,1.09816,23,0.50502,13,-0.4545,12,-0.5387,13,-0.3528,9,-0.9498,22,0.42430,10,-0.7740,10,-0.7737
ENSG00000204922,UQCC3,32,-0.3538,53,0.40959,23,-0.8629,27,-0.6222,37,-0.1347,60,0.62791,40,-0.0179,39,-0.0516,27,-0.6523,68,0.84443
ENSG00000162191,UBXN1,127,1.23148,55,-0.1748,89,0.61586,49,-0.3430,42,-0.5768,58,-0.0775,58,-0.0786,45,-0.4841,43,-0.5427,45,-0.4928
ENSG00000168000,BSCL2,161,-1.6888,484,-0.0043,641,0.45480,780,0.78521,382,-0.3796,670,0.52755,404,-0.2895,304,-0.7304,503,0.05872,522,0.11673
ENSG00000162188,GNG3,57,-3.0338,379,-0.2007,506,0.26338,552,0.40761,570,0.46172,679,0.75638,362,-0.2709,262,-0.7746,528,0.33309,402,-0.1073
ENSG00000214753,HNRNPUL2,79,-0.5270,138,0.35387,121,0.14500,131,0.27487,108,-0.0366,123,0.17336,117,0.09651,111,0.00425,89,-0.3402,88,-0.3549
ENSG00000162222,TTC9C,14,-1.0217,16,-0.7886,28,0.04417,37,0.51938,44,0.78132,48,0.93863,19,-0.5029,16,-0.8274,30,0.16685,18,-0.5829
ENSG00000168002,POLR2G,90,0.75404,93,0.80302,52,-0.1507,47,-0.3046,55,-0.0473,50,-0.1996,46,-0.3449,63,0.15465,23,-1.3736,51,-0.1793
ENSG00000185475,TMEM179B,42,1.30461,18,-0.0725,22,0.23461,18,-0.0461,9,-1.0721,26,0.47830,12,-0.7363,25,0.42063,5,-1.8374,13,-0.5636
ENSG00000162231,NXF1,36,0.86655,20,-0.0942,21,0.01451,21,-0.0037,25,0.25086,26,0.32327,15,-0.5708,9,-1.2488,31,0.60735,8,-1.4633
ENSG00000162236,STX5,37,0.09596,28,-0.3328,24,-0.6039,23,-0.6538,39,0.18728,35,0.01690,38,0.12358,32,-0.1360,51,0.63075,41,0.27809
ENSG00000133316,WDR74,33,0.35391,27,0.04404,26,-0.0278,28,0.09534,29,0.13013,37,0.55413,20,-0.4734,22,-0.3066,21,-0.3572,22,-0.2868
ENSG00000168003,SLC3A2,108,0.21285,148,0.72943,84,-0.1885,64,-0.6160,91,-0.0700,82,-0.2308,66,-0.5728,134,0.56399,73,-0.4105,99,0.06266
ENSG00000168539,CHRM1,10,-3.3111,115,0.34474,138,0.64276,143,0.71154,100,0.11894,105,0.18748,69,-0.4576,56,-0.8010,128,0.51511,67,-0.5249
ENSG00000176485,PLAAT3,502,3.76174,24,-1.8874,34,-1.3530,38,-1.2049,17,-2.3511,50,-0.7828,27,-1.7277,60,-0.5178,49,-0.8340,30,-1.5352
ENSG00000184743,ATL3,46,1.41320,18,-0.1529,19,-0.1158,15,-0.4045,15,-0.4811,23,0.22554,8,-1.3019,21,0.04349,8,-1.4271,27,0.50379
ENSG00000133318,RTN3,435,-1.8308,1245,-0.2277,1645,0.21807,1585,0.15764,2654,1.02690,2371,0.83026,1081,-0.4497,690,-1.1385,1358,-0.0906,1308,-0.1505
ENSG00000188070,C11orf95,1,-3.9290,36,0.78528,22,0.02727,21,-0.0798,35,0.77144,15,-0.5522,16,-0.4752,35,0.74216,12,-0.9162,26,0.28174
ENSG00000072518,MARK2,36,-0.2875,50,0.23653,44,0.04436,49,0.20795,52,0.30439,28,-0.6587,38,-0.1813,40,-0.1213,39,-0.1374,53,0.35178
ENSG00000176340,COX8A,242,-1.1680,717,0.54457,510,-0.0127,598,0.24378,554,0.12041,463,-0.1649,440,-0.2458,377,-0.4906,585,0.20926,654,0.39158
ENSG00000167770,OTUB1,100,-0.8207,130,-0.4123,208,0.33084,266,0.74572,261,0.71137,214,0.37526,174,0.04353,106,-0.7311,151,-0.1811,84,-1.0943
ENSG00000168439,STIP1,46,-0.8291,120,0.68487,82,0.05703,111,0.55398,99,0.36226,92,0.23943,62,-0.3859,52,-0.6443,63,-0.3477,63,-0.3584
ENSG00000149743,TRPT1,42,0.82132,45,0.95745,20,-0.3321,16,-0.7342,13,-1.0175,28,0.13819,28,0.14629,11,-1.1928,18,-0.4802,31,0.35047
ENSG00000149761,NUDT22,18,-0.6821,18,-0.7213,21,-0.5005,29,0.04092,27,-0.0608,33,0.25340,39,0.52443,32,0.16790,25,-0.2044,42,0.63036
ENSG00000110011,DNAJC4,42,0.26961,43,0.28386,18,-1.0798,28,-0.3839,30,-0.2927,36,0.00274,52,0.60211,29,-0.3476,27,-0.4449,54,0.67750
ENSG00000173511,VEGFB,120,0.50336,143,0.80041,50,-0.8741,60,-0.5979,57,-0.6788,92,0.07941,96,0.14598,103,0.25147,61,-0.5826,98,0.16703
ENSG00000173486,FKBP2,49,0.57902,25,-0.4577,34,0.01352,31,-0.1771,43,0.38496,25,-0.4714,36,0.10103,21,-0.7760,37,0.12772,40,0.23860
ENSG00000173457,PPP1R14B,56,0.91071,18,-0.9021,31,-0.0690,19,-0.7753,28,-0.2151,37,0.23123,24,-0.4872,41,0.38498,27,-0.2582,41,0.38179
ENSG00000002330,BAD,117,0.04542,71,-0.7387,111,-0.0389,150,0.45378,102,-0.1784,174,0.70082,89,-0.3935,81,-0.5417,96,-0.2754,148,0.42320
ENSG00000173264,GPR137,11,-1.8410,19,-1.1229,59,0.67154,37,-0.0754,44,0.17108,44,0.18506,34,-0.2040,48,0.31223,47,0.30305,48,0.32955
ENSG00000173153,ESRRA,31,-0.3988,39,-0.0361,38,-0.0761,50,0.37766,50,0.37736,85,1.28244,18,-1.1904,29,-0.4655,34,-0.2203,22,-0.9012
ENSG00000173113,TRMT112,144,0.04614,187,0.47370,140,0.00039,143,0.04238,155,0.16975,166,0.28086,119,-0.2562,63,-1.2156,104,-0.4589,175,0.36413
ENSG00000126432,PRDX5,320,-0.5456,625,0.52955,430,-0.0794,533,0.26587,523,0.23418,426,-0.0946,548,0.31044,315,-0.5686,453,0.00211,349,-0.4078
ENSG00000162302,RPS6KA4,28,-0.5071,62,0.76587,37,-0.0839,27,-0.5634,71,1.01567,28,-0.4813,35,-0.1450,25,-0.6557,20,-0.9898,53,0.50777
ENSG00000110076,NRXN2,52,-1.4546,189,0.57376,127,-0.0697,112,-0.2791,124,-0.1069,106,-0.3553,177,0.45928,183,0.51728,118,-0.1903,143,0.11811
ENSG00000068831,RASGRP2,16,-0.1334,7,-1.3145,11,-0.6835,39,1.31269,29,0.79963,12,-0.5474,19,0.14375,14,-0.3434,7,-1.4098,22,0.31640
ENSG00000068976,PYGM,31,0.79710,15,-0.3831,17,-0.1789,15,-0.3616,3,-2.5635,12,-0.7360,23,0.28869,32,0.81509,18,-0.1010,26,0.46304
ENSG00000168066,SF1,138,0.20910,104,-0.2391,154,0.39078,97,-0.3446,170,0.55718,125,0.05307,98,-0.3413,123,0.02073,87,-0.5253,115,-0.0810
ENSG00000168067,MAP4K2,33,0.11876,24,-0.3427,25,-0.2918,31,0.05418,40,0.46155,28,-0.1455,40,0.43160,37,0.30030,18,-0.7717,27,-0.1788
ENSG00000133895,MEN1,21,-0.5610,36,0.28968,27,-0.1356,52,0.92363,40,0.48644,26,-0.1861,29,-0.0175,20,-0.6380,21,-0.5126,25,-0.2960
ENSG00000110047,EHD1,49,1.35452,33,0.63900,15,-0.6087,9,-1.4054,13,-0.8077,20,-0.1303,12,-0.8632,21,-0.0812,18,-0.2854,30,0.49101
ENSG00000110046,ATG2A,17,-0.1434,24,0.35541,13,-0.5306,16,-0.2583,19,-0.0041,31,0.77106,22,0.24646,23,0.28982,15,-0.3703,10,-0.9781
ENSG00000068971,PPP2R5B,59,-0.2474,105,0.68431,63,-0.1541,84,0.31510,115,0.83538,83,0.28953,50,-0.5252,34,-1.0923,35,-1.0381,65,-0.1137
ENSG00000213465,ARL2,249,0.67978,157,-0.0683,164,-0.0039,187,0.20801,168,0.03390,194,0.26694,167,0.02145,106,-0.6788,114,-0.5783,138,-0.2766
ENSG00000110025,SNX15,24,-0.4396,47,0.66135,35,0.18224,31,-0.0307,30,-0.0438,16,-1.0224,29,-0.1408,21,-0.6350,41,0.43730,40,0.38230
ENSG00000168061,SAC3D1,20,0.00417,22,0.19582,15,-0.3824,19,-0.0347,30,0.67416,22,0.14976,7,-1.5880,14,-0.5580,24,0.31236,24,0.33675
ENSG00000162300,ZFPL1,40,0.66638,43,0.79339,20,-0.4000,32,0.28773,22,-0.2714,21,-0.3637,22,-0.2521,14,-0.9303,26,-0.0023,23,-0.2133
ENSG00000149823,VPS51,99,0.11649,102,0.16084,106,0.22032,85,-0.1389,126,0.51052,64,-0.5637,97,0.08705,79,-0.2438,80,-0.2242,84,-0.1511
ENSG00000149809,TM7SF2,109,0.33561,55,-0.7225,83,-0.0975,131,0.64334,84,-0.0741,124,0.55662,57,-0.6950,61,-0.5716,56,-0.7083,122,0.53400
ENSG00000149806,FAU,1252,1.39888,471,-0.2540,496,-0.1714,391,-0.5426,488,-0.1977,476,-0.2346,416,-0.4485,472,-0.2481,458,-0.2979,603,0.14116
ENSG00000162298,SYVN1,62,0.79753,51,0.44953,44,0.23554,25,-0.6811,21,-0.9013,62,0.79116,19,-1.0417,24,-0.7320,34,-0.1739,40,0.07713
ENSG00000149792,MRPL49,25,0.14720,15,-0.6008,40,0.93438,25,0.13334,27,0.25527,18,-0.3511,20,-0.1548,14,-0.7142,14,-0.6951,28,0.33302
ENSG00000014216,CAPN1,28,-0.8505,41,-0.2475,50,0.07690,66,0.52447,37,-0.4224,91,1.06658,46,-0.0562,35,-0.4787,33,-0.5697,52,0.12840
ENSG00000133884,DPF2,55,0.92436,28,-0.1669,21,-0.5981,20,-0.6656,16,-1.0691,37,0.25395,35,0.17391,38,0.31341,27,-0.2193,36,0.22352
ENSG00000245532,NEAT1,195,2.62575,20,-1.3257,9,-2.4068,6,-3.0612,17,-1.5637,28,-0.8438,15,-1.7367,60,0.37608,8,-2.6414,118,1.56009
ENSG00000251562,MALAT1,958,0.44295,511,-0.5622,405,-0.9188,212,-1.8908,365,-1.0753,204,-1.9483,465,-0.7079,2180,1.93826,403,-0.9248,1595,1.33127
ENSG00000142186,SCYL1,44,-0.7973,70,-0.0949,81,0.13850,70,-0.1008,83,0.17871,118,0.76707,56,-0.4321,40,-0.9527,73,-0.0239,107,0.58886
ENSG00000168056,LTBP3,169,1.31278,65,-0.2872,89,0.21008,72,-0.1330,40,-1.0350,42,-0.9647,65,-0.2854,71,-0.1392,50,-0.6825,117,0.65728
ENSG00000173465,ZNRD2,15,-0.2055,10,-0.7838,25,0.62046,12,-0.4641,17,-0.0014,28,0.83120,9,-0.8665,19,0.18695,19,0.17790,14,-0.2637
ENSG00000176973,FAM89B,48,-0.1297,43,-0.2972,50,-0.0797,65,0.34995,79,0.66400,70,0.46577,46,-0.2051,43,-0.2937,43,-0.3089,36,-0.5698
ENSG00000173442,EHBP1L1,25,-0.6022,13,-1.6087,39,0.08816,52,0.54022,26,-0.5695,32,-0.2275,36,-0.0381,33,-0.1907,29,-0.3654,86,1.42527
ENSG00000173327,MAP3K11,86,2.63082,9,-1.2572,17,-0.2775,9,-1.2224,14,-0.5816,12,-0.8922,12,-0.8250,17,-0.2712,2,-3.0348,28,0.50507
ENSG00000197136,PCNX3,13,-0.4228,16,-0.0944,18,0.13196,16,-0.0648,13,-0.3906,16,-0.1041,22,0.44645,19,0.19118,21,0.40063,13,-0.3374
ENSG00000173039,RELA,56,1.66115,29,0.47206,21,-0.0650,13,-0.7411,9,-1.2872,15,-0.4980,13,-0.7824,18,-0.2640,11,-0.9770,29,0.46286
ENSG00000172977,KAT5,43,0.19269,45,0.27421,38,-0.0144,36,-0.0706,50,0.42946,40,0.06464,27,-0.5400,24,-0.6882,38,-0.0084,40,0.07607
ENSG00000172922,RNASEH2C,57,0.53041,61,0.65240,52,0.37999,26,-0.6800,25,-0.7789,57,0.54620,28,-0.6061,26,-0.7138,21,-0.9936,56,0.51616
ENSG00000172757,CFL1,713,-0.4116,903,-0.0387,1039,0.18836,1025,0.16577,1301,0.55909,1255,0.49846,781,-0.2686,570,-0.7568,697,-0.4474,964,0.06710
ENSG00000172803,SNX32,3,-2.5871,17,-0.2427,39,1.11699,33,0.84247,17,-0.2299,25,0.40044,13,-0.6755,15,-0.4455,24,0.30971,12,-0.8071
ENSG00000172732,MUS81,30,1.11366,13,-0.3143,21,0.51836,16,0.02035,19,0.28933,10,-0.6464,9,-0.8755,14,-0.1521,21,0.48443,2,-2.6668
ENSG00000172638,EFEMP2,42,1.55696,16,-0.0253,9,-0.9684,7,-1.2974,17,0.01797,16,-0.0619,8,-1.0921,25,0.68322,5,-1.6180,21,0.36269
ENSG00000172500,FIBP,55,-0.7060,91,0.08901,101,0.25425,66,-0.4046,125,0.61600,83,-0.0489,120,0.54568,36,-1.3271,82,-0.0814,100,0.24831
ENSG00000175602,CCDC85B,295,-0.2833,304,-0.2333,420,0.28116,438,0.35214,373,0.09240,389,0.16005,341,-0.0525,336,-0.0750,298,-0.2657,330,-0.1042
ENSG00000175573,C11orf68,69,-0.2910,74,-0.1819,85,0.03578,93,0.18591,94,0.19942,98,0.27188,45,-0.9337,53,-0.7039,109,0.45115,109,0.43954
ENSG00000175550,DRAP1,111,-0.1706,127,0.03283,175,0.56071,123,-0.0078,118,-0.0788,121,-0.0426,79,-0.7120,106,-0.2521,153,0.34134,128,0.04680
ENSG00000175467,SART1,50,0.85962,38,0.39019,48,0.78585,20,-0.5993,30,0.02127,28,-0.1060,22,-0.4743,14,-1.1619,14,-1.0981,33,0.15932
ENSG00000175376,EIF1AD,4,-1.8955,19,0.23187,48,1.86308,9,-0.8343,18,0.13263,13,-0.3901,11,-0.5683,12,-0.4387,9,-0.8667,20,0.28744
ENSG00000175334,BANF1,128,0.40471,110,0.16239,148,0.64352,118,0.26745,69,-0.5725,86,-0.2302,65,-0.6653,70,-0.5547,77,-0.4019,126,0.37442
ENSG00000175229,GAL3ST3,4,-1.7846,18,0.25971,22,0.57669,18,0.30394,33,1.31199,18,0.27514,13,-0.2139,9,-0.7438,6,-1.4040,9,-0.7029
ENSG00000087365,SF3B2,126,0.36904,146,0.62012,106,0.08652,116,0.23959,89,-0.1969,79,-0.3659,90,-0.1627,81,-0.3385,81,-0.3311,87,-0.2184
ENSG00000175115,PACS1,30,-0.3708,53,0.51604,40,0.04840,58,0.68026,45,0.24560,28,-0.5060,43,0.17043,34,-0.1869,27,-0.5661,27,-0.5458
ENSG00000174996,KLC2,35,-1.8763,79,-0.6835,134,0.14572,176,0.60180,216,0.94783,118,-0.0531,124,0.02631,78,-0.7013,137,0.18017,124,0.02384
ENSG00000174903,RAB1B,107,0.07720,99,-0.0432,94,-0.1333,108,0.09533,125,0.33294,101,-0.0088,73,-0.5246,89,-0.2119,84,-0.3032,138,0.49741
ENSG00000174871,CNIH2,19,-2.7860,88,-0.5206,157,0.39186,121,-0.0273,121,-0.0271,150,0.32061,106,-0.2401,104,-0.2648,189,0.69932,176,0.58750
ENSG00000174851,YIF1A,53,0.89942,41,0.44570,29,-0.0806,24,-0.4123,17,-0.9302,19,-0.7622,32,0.04458,29,-0.0834,22,-0.5393,43,0.54400
ENSG00000179292,TMEM151A,147,1.06587,63,-0.3381,56,-0.5165,107,0.52198,92,0.26578,88,0.20097,57,-0.4854,27,-1.6210,82,0.08418,59,-0.4346
ENSG00000174684,B4GAT1,145,-1.6311,546,0.42871,530,0.37907,516,0.33763,592,0.56497,511,0.32110,361,-0.2399,309,-0.4812,265,-0.7175,419,-0.0029
ENSG00000174547,MRPL11,15,-0.7987,25,0.05043,40,0.76570,26,0.10256,23,-0.1087,18,-0.4978,28,0.20405,13,-1.0128,31,0.36658,28,0.21126
ENSG00000174516,PELI3,46,-0.0938,35,-0.5435,50,0.02078,80,0.78889,53,0.10259,65,0.44017,41,-0.2848,26,-0.9706,50,0.03501,47,-0.0739
ENSG00000174483,BBS1,13,-0.9584,34,0.51412,16,-0.6200,23,-0.1316,33,0.49589,33,0.45325,18,-0.4690,24,-0.0140,19,-0.4056,32,0.44194
ENSG00000174165,ZDHHC24,6,-1.8010,22,0.08749,32,0.70925,16,-0.3621,23,0.13104,32,0.71571,15,-0.4860,29,0.54161,16,-0.4009,16,-0.4119
ENSG00000174080,CTSF,183,0.05133,248,0.54817,167,-0.0904,168,-0.0841,142,-0.3503,213,0.29616,121,-0.6012,189,0.10047,129,-0.5016,213,0.29466
ENSG00000173992,CCS,71,1.37761,43,0.50845,25,-0.3663,16,-1.0466,21,-0.6489,17,-0.9620,40,0.39258,30,-0.0555,18,-0.8915,34,0.13251
ENSG00000239306,RBM14,60,0.69903,76,1.10228,27,-0.5845,22,-0.8653,29,-0.4871,22,-0.9008,38,-0.0698,21,-0.9480,35,-0.1682,63,0.75968
ENSG00000173933,RBM4,67,-0.1203,88,0.32375,74,0.03202,71,-0.0204,73,0.01273,99,0.52141,53,-0.4858,79,0.14752,54,-0.4451,63,-0.2120
ENSG00000173914,RBM4B,16,-0.3196,61,1.99310,26,0.46711,11,-0.9034,14,-0.4941,26,0.45902,12,-0.7074,13,-0.6063,11,-0.8818,5,-1.9396
ENSG00000173898,SPTBN2,11,-3.2660,88,-0.1923,124,0.34853,89,-0.1889,104,0.06159,116,0.24230,115,0.23389,131,0.44543,93,-0.1057,126,0.38301
ENSG00000173599,PC,114,1.18897,60,0.11056,53,-0.0754,53,-0.0927,43,-0.4151,57,0.02578,52,-0.1195,51,-0.1570,30,-0.9622,48,-0.2559
ENSG00000173621,LRFN4,33,0.30601,17,-0.7249,50,0.98256,28,0.04259,30,0.11903,27,-0.0086,12,-1.2062,27,-0.0001,22,-0.3109,27,-0.0283
ENSG00000173227,SYT12,7,-2.8861,47,-0.0559,41,-0.2690,96,1.12592,56,0.21257,72,0.62589,44,-0.1900,56,0.21191,36,-0.4918,36,-0.5048
ENSG00000173120,KDM2A,30,0.23997,21,-0.3078,34,0.45979,35,0.47160,35,0.46921,27,0.06510,19,-0.4724,21,-0.3185,21,-0.2937,15,-0.8238
ENSG00000173020,GRK2,81,-0.4866,139,0.38327,103,-0.0996,108,-0.0308,128,0.24138,117,0.10216,112,0.02898,129,0.25926,68,-0.7561,115,0.06803
ENSG00000172932,ANKRD13D,56,0.52249,33,-0.3371,45,0.18063,39,-0.0583,54,0.46908,34,-0.2895,34,-0.2638,37,-0.1609,34,-0.2793,39,-0.0380
ENSG00000175482,POLD4,66,1.49460,20,-0.5084,18,-0.6438,32,0.22674,18,-0.6752,38,0.51411,19,-0.5605,22,-0.3441,12,-1.2139,30,0.14487
ENSG00000172531,PPP1CA,68,-0.0591,88,0.35503,55,-0.4036,76,0.10772,76,0.10005,115,0.79491,68,-0.0756,43,-0.7722,44,-0.7324,76,0.11803
ENSG00000172508,CARNS1,556,5.42503,15,-2.1909,4,-4.0793,11,-2.6219,22,-1.6770,25,-1.5151,18,-1.9727,6,-3.4976,2,-4.6613,8,-3.1288
ENSG00000172725,CORO1B,38,1.11767,23,0.26904,5,-2.0855,20,0.05461,24,0.38555,16,-0.3113,11,-0.8855,21,0.10708,17,-0.2241,19,-0.0117
ENSG00000172663,TMEM134,54,1.40219,22,-0.1135,24,0.03756,21,-0.1653,26,0.16949,24,0.05446,9,-1.3556,17,-0.5199,10,-1.3350,27,0.25536
ENSG00000110711,AIP,80,0.90330,40,-0.2242,54,0.23948,46,-0.0123,41,-0.2096,39,-0.2585,32,-0.5878,33,-0.5186,25,-0.9432,74,0.75388
ENSG00000110697,PITPNM1,19,-1.4790,109,1.32852,31,-0.7174,34,-0.5761,55,0.18054,54,0.14981,55,0.17936,43,-0.2055,32,-0.6898,62,0.36480
ENSG00000167797,CDK2AP2,97,1.43001,49,0.25335,28,-0.6325,33,-0.3550,26,-0.7507,30,-0.5078,39,-0.0948,42,0.01746,39,-0.0979,34,-0.3142
ENSG00000084207,GSTP1,319,1.10455,203,0.33585,116,-0.5530,123,-0.4644,96,-0.8521,107,-0.6718,129,-0.3864,163,-0.0178,112,-0.6135,283,0.89377
ENSG00000167792,NDUFV1,227,-0.2609,235,-0.2009,258,-0.0522,444,0.84362,243,-0.1498,357,0.47114,204,-0.4212,212,-0.3669,160,-0.7972,330,0.34167
ENSG00000110717,NDUFS8,125,-0.6350,274,0.62432,180,-0.0564,173,-0.1228,200,0.10804,274,0.62412,149,-0.3565,155,-0.3009,144,-0.4069,196,0.07544
ENSG00000110721,CHKA,88,1.50327,36,-0.0248,43,0.25274,31,-0.2574,29,-0.3809,34,-0.0946,19,-1.0152,33,-0.1492,24,-0.6569,28,-0.3896
ENSG00000110066,KMT5B,45,0.61691,24,-0.3881,41,0.44274,22,-0.5092,29,-0.1160,30,-0.0632,28,-0.1640,25,-0.3635,29,-0.1241,38,0.31156
ENSG00000110075,PPP6R3,58,0.56513,34,-0.2845,52,0.38584,31,-0.4562,55,0.48919,38,-0.1252,30,-0.4786,27,-0.6703,38,-0.1172,47,0.21336
ENSG00000110090,CPT1A,9,-1.0660,20,0.07310,14,-0.4523,24,0.38385,12,-0.6327,10,-0.9105,17,-0.1764,37,1.09800,12,-0.7185,34,0.93917
ENSG00000197345,MRPL21,41,-0.9309,54,-0.5292,82,0.14401,62,-0.3095,82,0.12794,176,1.44658,60,-0.3578,35,-1.1831,84,0.17154,78,0.05430
ENSG00000110092,CCND1,59,1.85247,38,1.05417,29,0.61307,7,-1.5488,2,-3.3347,4,-2.1950,8,-1.4173,18,-0.1415,15,-0.4615,21,0.05744
ENSG00000131626,PPFIA1,37,0.71197,27,0.15319,26,0.10568,14,-0.8410,35,0.59405,19,-0.3439,12,-1.0018,29,0.29218,12,-1.0086,30,0.32349
ENSG00000085733,CTTN,83,-0.1094,50,-0.8712,98,0.16444,114,0.40552,113,0.40144,97,0.15274,65,-0.4808,56,-0.7118,82,-0.1237,126,0.58191
ENSG00000162105,SHANK2,10,-2.5300,65,0.27613,91,0.83074,52,-0.0873,36,-0.6318,64,0.25804,32,-0.8454,57,0.05525,105,1.09594,35,-0.6768
ENSG00000172893,DHCR7,79,1.44653,22,-0.6828,23,-0.6139,20,-0.8317,38,0.20752,50,0.65403,22,-0.6614,43,0.41386,12,-1.5956,28,-0.2807
ENSG00000137522,RNF121,26,0.25686,23,0.11765,27,0.31483,9,-1.3125,20,-0.1632,52,1.46386,11,-0.9877,18,-0.3118,12,-0.8578,20,-0.1136
ENSG00000137497,NUMA1,167,1.50805,83,0.28295,68,-0.0365,51,-0.4705,58,-0.2928,59,-0.2519,60,-0.2282,43,-0.7436,39,-0.8981,66,-0.0792
ENSG00000149357,LAMTOR1,155,0.29469,132,0.03035,130,0.00554,86,-0.6322,170,0.43989,166,0.40312,110,-0.2615,112,-0.2248,99,-0.4258,134,0.05968
ENSG00000110200,ANAPC15,33,-0.3602,70,0.82917,36,-0.2623,73,0.91302,53,0.35847,41,-0.0597,43,0.03657,30,-0.5488,26,-0.7218,17,-1.3915
ENSG00000165458,INPPL1,56,1.82246,13,-0.6287,23,0.21491,13,-0.6163,8,-1.2575,14,-0.4740,17,-0.1942,23,0.26366,12,-0.7618,16,-0.2987
ENSG00000162129,CLPB,30,-0.1031,29,-0.1551,27,-0.2638,29,-0.1772,53,0.79510,26,-0.3187,37,0.20467,25,-0.3805,29,-0.1765,38,0.24351
ENSG00000186642,PDE2A,41,-1.7151,128,0.01869,274,1.30771,150,0.27743,116,-0.1447,123,-0.0433,84,-0.6337,105,-0.2893,116,-0.1337,128,0.01440
ENSG00000186635,ARAP1,66,2.20915,25,0.40048,22,0.22144,6,-1.7292,12,-0.6776,9,-1.1456,11,-0.8818,17,-0.1837,6,-1.6942,18,-0.1049
ENSG00000214530,STARD10,57,1.00504,33,0.10813,35,0.18670,17,-0.8703,38,0.34956,29,-0.0997,22,-0.5139,37,0.29075,21,-0.6052,19,-0.7182
ENSG00000137478,FCHSD2,60,1.83919,32,0.72321,6,-1.7407,13,-0.6946,16,-0.3446,25,0.28494,25,0.29194,13,-0.7379,10,-1.1375,7,-1.6520
ENSG00000110237,ARHGEF17,75,0.20340,88,0.46903,83,0.37496,53,-0.3274,88,0.47779,92,0.54398,53,-0.3350,37,-0.8995,38,-0.8334,50,-0.4193
ENSG00000054965,FAM168A,75,-0.3970,94,-0.0355,97,0.00842,112,0.24425,135,0.56083,102,0.08884,81,-0.2769,81,-0.2653,66,-0.5931,119,0.34693
ENSG00000021300,PLEKHB1,2017,4.12428,74,-2.1548,123,-1.3993,93,-1.8177,82,-1.9985,64,-2.3690,113,-1.5214,238,-0.3951,106,-1.6181,143,-1.1759
ENSG00000175582,RAB6A,100,-1.5260,262,-0.0476,317,0.25977,379,0.55360,319,0.26740,498,1.02277,208,-0.4099,151,-0.9078,267,-0.0171,200,-0.4753
ENSG00000175581,MRPL48,58,0.67300,49,0.40286,23,-0.7618,42,0.16196,27,-0.5517,42,0.15805,27,-0.5182,25,-0.6458,50,0.42732,39,0.00483
ENSG00000181924,COA4,57,1.26271,23,-0.2416,25,-0.1066,29,0.09634,22,-0.3057,20,-0.4566,18,-0.6160,32,0.28372,9,-1.5598,33,0.34225
ENSG00000175575,PAAF1,95,1.54718,39,0.00283,31,-0.3210,32,-0.2972,40,0.04008,37,-0.0673,27,-0.5636,35,-0.1540,18,-1.1707,32,-0.2779
ENSG00000214517,PPME1,20,-2.4400,100,0.00142,119,0.28715,170,0.88738,117,0.26077,152,0.69354,78,-0.3809,61,-0.7716,83,-0.2902,97,-0.0465
ENSG00000165434,PGM2L1,42,-2.2228,239,0.44157,230,0.38026,194,0.09927,388,1.28217,144,-0.3771,154,-0.2642,158,-0.2265,112,-0.7582,161,-0.1976
ENSG00000118363,SPCS2,132,-0.0750,158,0.22225,112,-0.3337,161,0.24535,123,-0.1805,194,0.55528,92,-0.6312,124,-0.1651,125,-0.1628,159,0.23167
ENSG00000137491,SLCO2B1,84,2.08680,32,0.34729,24,-0.1020,5,-2.2801,4,-2.6140,11,-1.2977,18,-0.5422,36,0.51868,12,-1.1800,32,0.33995
ENSG00000137486,ARRB1,87,-0.0263,175,1.15973,37,-1.3287,59,-0.6126,121,0.51277,84,-0.0823,89,0.01178,90,0.03266,74,-0.2807,65,-0.4703
ENSG00000149273,RPS3,1001,2.08208,209,-0.6339,248,-0.3642,267,-0.2508,265,-0.2644,181,-0.8491,221,-0.5436,262,-0.2816,155,-1.0877,317,0.02162
ENSG00000171533,MAP6,56,-0.7694,143,0.74016,85,-0.1177,147,0.78018,115,0.37158,117,0.39631,49,-0.9595,51,-0.8935,83,-0.1569,68,-0.4595
ENSG00000198382,UVRAG,30,0.91343,20,0.24306,23,0.49253,18,0.09219,24,0.54215,16,-0.0942,11,-0.7132,11,-0.6769,10,-0.7520,8,-1.2124
ENSG00000137492,THAP12,19,-0.8556,54,0.82553,34,0.06337,26,-0.3473,20,-0.7463,26,-0.3593,21,-0.6560,33,-0.0041,77,1.45887,17,-1.0218
ENSG00000078124,ACER3,57,1.04533,34,0.17916,20,-0.6253,18,-0.8043,32,0.07164,27,-0.1981,33,0.13006,26,-0.2346,45,0.61781,12,-1.3603
ENSG00000149260,CAPN5,8,-1.4835,22,0.02516,44,1.19279,9,-1.2309,16,-0.4097,40,1.03673,16,-0.4320,23,0.13783,15,-0.5178,20,-0.1227
ENSG00000149269,PAK1,16,-4.3300,344,0.23403,421,0.56663,500,0.86014,396,0.46492,371,0.35762,199,-0.6308,133,-1.2491,350,0.26466,246,-0.2992
ENSG00000074201,CLNS1A,83,0.37976,54,-0.3052,56,-0.2501,51,-0.4020,68,0.04394,93,0.56913,59,-0.1705,48,-0.4773,48,-0.5050,97,0.63910
ENSG00000048649,RSF1,47,-0.0223,51,0.09528,55,0.22792,31,-0.6847,29,-0.7986,39,-0.3309,46,-0.0666,56,0.25639,50,0.05834,76,0.75056
ENSG00000151366,NDUFC2,185,-0.9802,284,-0.3131,444,0.40156,395,0.20960,468,0.48944,464,0.47525,263,-0.4336,213,-0.7583,437,0.37679,313,-0.1630
ENSG00000033327,GAB2,139,3.69161,13,-0.8885,4,-2.6044,9,-1.3790,12,-0.9694,11,-1.1587,16,-0.5956,11,-1.1034,12,-1.0505,5,-2.0937
ENSG00000182103,FAM181B,65,1.42872,33,0.27564,23,-0.2783,10,-1.4834,12,-1.3177,19,-0.5562,12,-1.2373,53,1.06253,11,-1.3663,40,0.56824
ENSG00000137509,PRCP,60,0.60268,41,-0.0046,34,-0.2987,34,-0.3168,43,0.06232,30,-0.4941,49,0.27681,55,0.46009,28,-0.5879,39,-0.0979
ENSG00000137502,RAB30,38,-0.2206,57,0.46298,39,-0.1642,50,0.22875,36,-0.3040,48,0.16009,40,-0.1393,54,0.35623,32,-0.4563,39,-0.1566
ENSG00000165494,PCF11,39,0.58237,31,0.16854,29,0.09616,20,-0.4828,20,-0.4589,19,-0.5336,30,0.14934,16,-0.8715,33,0.31088,37,0.45734
ENSG00000137494,ANKRD42,2,-3.0889,18,-0.3251,40,0.94491,35,0.70528,32,0.55664,17,-0.4433,20,-0.1811,26,0.23006,19,-0.2657,16,-0.5419
ENSG00000137500,CCDC90B,44,0.59256,19,-0.7399,37,0.30016,20,-0.6410,34,0.16925,31,0.02815,28,-0.1375,35,0.24198,26,-0.2566,31,0.02322
ENSG00000150672,DLG2,74,-0.2809,63,-0.5333,95,0.10461,94,0.09264,69,-0.4039,79,-0.1781,98,0.16616,105,0.27015,115,0.41621,95,0.11245
ENSG00000171204,TMEM126B,35,-1.1120,79,0.16288,72,-0.0037,63,-0.2119,95,0.45930,80,0.16939,57,-0.3685,42,-0.8205,80,0.18339,114,0.76813
ENSG00000171202,TMEM126A,15,-1.7925,47,-0.0310,52,0.13426,50,0.06747,54,0.18010,73,0.67084,37,-0.3948,30,-0.7317,58,0.29037,65,0.49622
ENSG00000137504,CREBZF,70,1.26430,23,-0.5606,30,-0.1335,22,-0.6330,37,0.15431,40,0.28477,30,-0.1396,20,-0.7580,13,-1.4028,46,0.52186
ENSG00000137501,SYTL2,44,-0.4093,63,0.15626,85,0.63295,77,0.47342,67,0.24429,41,-0.5054,46,-0.3466,40,-0.5743,70,0.32157,41,-0.5316
ENSG00000073921,PICALM,272,1.77619,120,0.31729,72,-0.4873,76,-0.4122,105,0.10197,72,-0.4947,61,-0.7448,61,-0.7413,69,-0.5570,77,-0.3958
ENSG00000074266,EED,13,-0.5405,23,0.32478,15,-0.3795,28,0.61107,22,0.27328,31,0.79551,14,-0.4160,8,-1.1976,22,0.20530,12,-0.6437
ENSG00000149196,HIKESHI,63,0.11975,61,0.07463,62,0.08344,48,-0.3219,65,0.17057,84,0.59644,35,-0.7774,46,-0.3932,80,0.50101,41,-0.5438
ENSG00000151376,ME3,5,-2.9168,56,0.66661,34,-0.1600,81,1.30470,50,0.47581,33,-0.1738,27,-0.4908,19,-1.0005,30,-0.3425,37,-0.0033
ENSG00000166575,TMEM135,11,-0.9776,30,0.57576,24,0.20076,24,0.19832,39,1.03233,19,-0.1130,15,-0.4878,11,-0.9220,14,-0.6125,22,0.05223
ENSG00000168959,GRM5,18,-2.3337,100,0.26283,159,1.05117,105,0.33833,92,0.13067,85,-0.0039,61,-0.5130,49,-0.8483,97,0.22103,82,-0.0447
ENSG00000110172,CHORDC1,37,0.02291,41,0.18565,26,-0.5273,55,0.65965,57,0.74551,45,0.32548,31,-0.2314,24,-0.6517,20,-0.9077,28,-0.3971
ENSG00000165323,FAT3,4,-3.4234,19,-1.2582,69,0.80679,66,0.71510,49,0.21633,25,-0.8026,31,-0.4710,52,0.32809,83,1.13222,26,-0.7574
ENSG00000180773,SLC36A4,6,-2.2093,35,0.48276,24,-0.1164,38,0.62481,20,-0.4290,40,0.69341,30,0.23269,21,-0.3142,21,-0.3463,25,-0.0575
ENSG00000166012,TAF1D,106,0.43197,103,0.38239,91,0.17608,86,0.08818,107,0.44503,59,-0.5098,71,-0.2156,61,-0.4666,72,-0.2038,59,-0.5083
ENSG00000042429,MED17,11,-0.9211,37,1.01004,34,0.83638,19,-0.0681,25,0.36028,17,-0.2949,11,-0.9289,15,-0.4390,17,-0.2837,16,-0.3945
ENSG00000123901,GPR83,0,-7.1771,11,-0.7258,100,3.38156,6,-1.6955,2,-2.9389,5,-1.7779,4,-2.2057,25,0.52101,18,0.00148,11,-0.8070
ENSG00000166025,AMOTL1,16,-0.3780,25,0.34069,10,-1.0861,25,0.29400,37,0.98275,17,-0.3205,16,-0.3771,21,0.05088,10,-1.0195,27,0.45939
ENSG00000150316,CWC15,51,-0.6034,93,0.33748,86,0.20785,84,0.17529,116,0.71267,63,-0.2921,55,-0.5015,67,-0.1941,74,-0.0355,66,-0.2180
ENSG00000263465,SRSF8,62,-0.2026,80,0.19966,98,0.52508,70,-0.0186,51,-0.5181,84,0.27504,72,0.01856,58,-0.3130,62,-0.2202,72,0.01995
ENSG00000149218,ENDOD1,135,1.12665,38,-0.9066,65,-0.0973,43,-0.7276,71,0.05111,83,0.29838,55,-0.3455,53,-0.4219,61,-0.1997,85,0.33842
ENSG00000149212,SESN3,66,-0.9034,168,0.58731,189,0.78210,99,-0.2720,101,-0.2331,83,-0.5392,89,-0.4386,153,0.42887,99,-0.2729,128,0.13443
ENSG00000166037,CEP57,9,-1.1630,16,-0.3108,33,0.83018,12,-0.7949,16,-0.3073,32,0.77690,13,-0.6577,26,0.42354,18,-0.1705,23,0.26375
ENSG00000087053,MTMR2,22,-0.9007,57,0.54817,51,0.37582,41,0.02741,41,0.02944,50,0.35615,35,-0.2180,23,-0.8699,45,0.17443,38,-0.0982
ENSG00000149231,CCDC82,80,1.12709,36,-0.1776,35,-0.2430,47,0.23321,63,0.70307,30,-0.4592,21,-1.0395,36,-0.1967,26,-0.6905,33,-0.3170
ENSG00000110318,CEP126,7,-1.9080,6,-2.1434,56,1.27095,45,0.87185,13,-1.0234,12,-1.2466,22,-0.2613,32,0.31412,46,0.89032,24,-0.1202
ENSG00000110330,BIRC2,66,0.94812,48,0.41864,38,0.04284,31,-0.2590,42,0.22117,31,-0.2836,28,-0.4412,33,-0.1617,25,-0.5902,27,-0.4869
ENSG00000152558,TMEM123,123,2.15066,39,0.08099,12,-1.6921,17,-1.1875,23,-0.7200,19,-0.9941,19,-0.9809,66,0.96494,10,-1.8798,40,0.12162
ENSG00000137692,DCUN1D5,21,-0.6411,28,-0.1825,25,-0.3380,38,0.32366,42,0.49692,26,-0.2841,23,-0.4880,32,0.02463,46,0.61692,32,0.02756
ENSG00000152578,GRIA4,18,-2.9415,187,0.61571,257,1.17119,114,-0.1820,66,-1.0240,110,-0.2351,60,-1.1690,104,-0.3320,241,1.05561,124,-0.0482
ENSG00000170903,MSANTD4,41,0.31095,36,0.08036,24,-0.5448,23,-0.5991,19,-0.9309,44,0.41146,31,-0.1463,31,-0.1602,39,0.19700,53,0.73586
ENSG00000149313,AASDHPPT,26,-2.4061,140,0.13985,196,0.69774,179,0.54212,152,0.27097,219,0.89156,80,-0.7337,79,-0.7485,110,-0.2348,100,-0.3856
ENSG00000152402,GUCY1A2,8,-3.0895,36,-0.8651,115,0.99144,63,-0.0124,51,-0.3343,52,-0.3267,64,0.01854,54,-0.2609,102,0.77723,90,0.56420
ENSG00000152404,CWF19L2,36,1.21529,18,0.07981,15,-0.1916,14,-0.3486,8,-1.1750,15,-0.2514,17,-0.0281,26,0.66770,11,-0.7532,14,-0.3829
ENSG00000110675,ELMOD1,14,-3.5196,147,-0.0421,195,0.41445,265,0.93669,192,0.39330,144,-0.0687,94,-0.7372,97,-0.6878,194,0.41147,165,0.14959
ENSG00000166266,CUL5,33,-0.4671,66,0.65066,38,-0.2158,54,0.32718,36,-0.3156,42,-0.0866,40,-0.1342,39,-0.1813,53,0.29184,39,-0.1709
ENSG00000075239,ACAT1,45,-0.7638,126,0.89449,88,0.28199,85,0.23223,70,-0.0784,69,-0.1033,62,-0.2687,47,-0.6965,72,-0.0270,71,-0.0478
ENSG00000149311,ATM,48,1.45946,27,0.45583,9,-1.1755,14,-0.5596,15,-0.5089,12,-0.8159,10,-0.9998,32,0.76309,24,0.29079,11,-0.9614
ENSG00000178105,DDX10,5,-1.9659,11,-0.8199,55,1.84621,26,0.51970,19,-0.0290,8,-1.2851,22,0.23520,19,0.00662,17,-0.1595,8,-1.3451
ENSG00000185742,C11orf87,5,-4.9870,100,-0.7240,305,1.10354,243,0.70879,101,-0.7084,168,0.09709,128,-0.3374,95,-0.7891,293,1.03007,144,-0.1508
ENSG00000137710,RDX,200,1.91372,93,0.51854,30,-1.2471,48,-0.5184,24,-1.5840,43,-0.6964,57,-0.2742,52,-0.4216,39,-0.8584,89,0.45892
ENSG00000137714,FDX1,38,0.09031,17,-1.1145,32,-0.1784,45,0.35665,51,0.55211,53,0.62872,31,-0.2359,33,-0.1599,22,-0.7779,39,0.11221
ENSG00000137727,ARHGAP20,8,-1.8963,36,0.32302,22,-0.4433,26,-0.1718,61,1.19960,36,0.33505,30,0.01191,19,-0.6931,39,0.43661,18,-0.7579
ENSG00000170145,SIK2,43,-0.2651,82,0.79361,57,0.18746,30,-0.7844,63,0.37308,69,0.50613,40,-0.3522,31,-0.7475,39,-0.4142,50,-0.0040
ENSG00000086848,ALG9,15,-0.4761,17,-0.3048,24,0.20828,19,-0.1092,23,0.15569,14,-0.5757,21,0.01427,14,-0.6286,43,1.23724,17,-0.3279
ENSG00000137720,C11orf1,13,-0.5303,27,0.63013,18,-0.0767,6,-1.7583,25,0.47239,14,-0.4420,15,-0.2718,20,0.08963,19,0.00526,29,0.72563
ENSG00000109846,CRYAB,3410,4.07050,282,-0.9652,99,-2.5209,153,-1.8792,194,-1.5241,300,-0.8665,160,-1.8127,223,-1.3185,156,-1.8500,255,-1.1141
ENSG00000170276,HSPB2,23,0.53118,24,0.58615,5,-1.8275,13,-0.3712,19,0.19437,14,-0.2746,19,0.17817,13,-0.3920,19,0.22466,18,0.11873
ENSG00000150764,DIXDC1,100,1.43801,60,0.52501,34,-0.3807,29,-0.6317,62,0.58505,39,-0.1604,24,-0.9054,20,-1.1406,27,-0.7138,36,-0.2673
ENSG00000150768,DLAT,6,-3.1090,101,1.07302,46,-0.2179,49,-0.1221,60,0.19275,71,0.47283,48,-0.1682,37,-0.5759,49,-0.1354,64,0.30208
ENSG00000150776,NKAPD1,20,-0.0953,15,-0.5175,26,0.34953,25,0.31553,24,0.20785,14,-0.6339,26,0.34306,15,-0.4776,19,-0.1121,24,0.25509
ENSG00000150779,TIMM8B,73,0.09009,68,-0.0225,49,-0.5516,48,-0.5547,52,-0.4453,90,0.42267,69,0.00348,73,0.07926,80,0.23616,89,0.41165
ENSG00000204370,SDHD,33,-0.8066,61,0.14383,51,-0.1376,71,0.38090,62,0.16891,69,0.35668,37,-0.6522,47,-0.2584,73,0.43442,53,-0.0714
ENSG00000150787,PTS,19,-1.5600,61,0.20009,68,0.37481,49,-0.1473,88,0.79413,92,0.87575,46,-0.2499,40,-0.4560,29,-0.9468,47,-0.2106
ENSG00000149294,NCAM1,460,0.55722,428,0.43541,307,-0.1021,358,0.14473,341,0.06832,305,-0.1104,201,-0.7610,321,-0.0321,276,-0.2724,275,-0.2730
ENSG00000109906,ZBTB16,32,-1.7032,164,0.83228,51,-1.0264,87,-0.1967,149,0.66818,70,-0.5447,92,-0.1209,87,-0.2037,81,-0.3187,177,0.96668
ENSG00000076043,REXO2,36,0.42288,15,-0.8907,17,-0.7418,36,0.42073,21,-0.4262,49,0.94869,24,-0.1886,20,-0.4750,26,-0.0603,30,0.15251
ENSG00000182985,CADM1,49,-1.0275,83,-0.2252,114,0.29098,76,-0.3515,109,0.21042,97,0.02629,88,-0.1239,128,0.47471,115,0.30677,94,-0.0152
ENSG00000109917,ZPR1,32,-0.4254,32,-0.4460,41,-0.0278,49,0.24846,53,0.37560,58,0.52634,26,-0.7729,30,-0.5296,50,0.28141,50,0.26588
ENSG00000160584,SIK3,140,0.67598,113,0.31187,82,-0.1938,109,0.25692,75,-0.3353,107,0.22802,78,-0.2856,79,-0.2520,78,-0.2689,68,-0.4989
ENSG00000168092,PAFAH1B2,131,-0.3784,190,0.21587,175,0.08852,155,-0.1061,197,0.27351,186,0.18596,138,-0.2947,131,-0.3801,189,0.20489,169,0.02973
ENSG00000149577,SIDT2,22,-0.2169,26,0.06473,34,0.45080,27,0.10938,39,0.71174,27,0.09857,15,-0.8051,34,0.47111,10,-1.3969,19,-0.4392
ENSG00000149591,TAGLN,59,0.61929,11,-1.9702,4,-3.4151,0,-8.1066,2,-4.1128,0,-8.6005,1,-5.2436,6,-2.7147,0,-9.1313,320,5.07690
ENSG00000160613,PCSK7,39,0.99948,37,0.90720,15,-0.5144,23,0.11967,22,0.08829,10,-1.1242,24,0.17578,17,-0.3279,13,-0.7829,12,-0.8447
ENSG00000186318,BACE1,231,1.90349,80,0.03523,64,-0.3154,70,-0.1824,87,0.17219,58,-0.4708,55,-0.5394,36,-1.1813,49,-0.7329,52,-0.6268
ENSG00000137726,FXYD6,303,-1.2306,992,0.64367,744,0.16733,521,-0.3983,926,0.52727,1101,0.82120,419,-0.7354,479,-0.5302,547,-0.3245,674,0.00897
ENSG00000177098,SCN4B,0,-8.1656,35,-0.0603,35,-0.0477,67,1.02479,42,0.22864,54,0.65811,32,-0.2113,24,-0.6218,41,0.18502,33,-0.1602
ENSG00000149575,SCN2B,23,-2.5243,192,0.70154,127,0.02314,176,0.54963,126,0.00444,139,0.16156,151,0.30284,86,-0.5816,139,0.16065,95,-0.4395
ENSG00000110344,UBE4A,31,-1.2871,100,0.51856,60,-0.3147,127,0.92339,98,0.47948,91,0.36442,64,-0.2102,34,-1.1750,55,-0.4330,68,-0.1117
ENSG00000167283,ATP5MG,279,-0.5119,435,0.19173,455,0.26762,409,0.09176,431,0.17627,444,0.22474,374,-0.0498,264,-0.5973,373,-0.0531,396,0.04287
ENSG00000118058,KMT2A,41,-0.6037,84,0.53170,57,-0.0997,68,0.18104,51,-0.2851,50,-0.3067,38,-0.7240,76,0.36504,62,0.04452,79,0.43547
ENSG00000149582,TMEM25,15,-2.3573,108,0.65492,107,0.64258,59,-0.3273,95,0.43779,85,0.24657,56,-0.4109,42,-0.8567,70,-0.0488,88,0.31583
ENSG00000118096,IFT46,26,-0.0740,31,0.23253,32,0.26026,24,-0.2074,42,0.72866,22,-0.3107,15,-0.8980,29,0.11684,23,-0.2661,26,-0.0366
ENSG00000095139,ARCN1,32,-1.0471,78,0.35407,90,0.58026,54,-0.2446,86,0.51615,80,0.38761,40,-0.6903,45,-0.5365,60,-0.0688,63,0.01646
ENSG00000019144,PHLDB1,424,4.93280,27,-1.0928,17,-1.7488,5,-3.4525,6,-3.2409,5,-3.3854,19,-1.6269,15,-1.9052,11,-2.4067,16,-1.8530
ENSG00000110367,DDX6,176,0.34153,152,0.10457,160,0.18474,135,-0.0807,133,-0.1048,129,-0.1514,97,-0.5957,168,0.26465,134,-0.0981,139,-0.0358
ENSG00000186166,CCDC84,40,1.19590,33,0.83408,21,0.08621,11,-0.8061,15,-0.4148,21,0.14168,9,-1.1016,13,-0.6010,13,-0.5988,18,-0.0894
ENSG00000118181,RPS25,1330,1.19270,695,0.09229,627,-0.0731,596,-0.1538,560,-0.2527,506,-0.4105,546,-0.2919,578,-0.2019,613,-0.1092,512,-0.3913
ENSG00000196655,TRAPPC4,20,-1.1780,46,0.10231,47,0.14801,54,0.35580,68,0.74578,53,0.34275,21,-1.1057,39,-0.1599,36,-0.2929,47,0.14267
ENSG00000149428,HYOU1,19,-2.4327,117,0.34837,115,0.32020,137,0.59977,99,0.06996,118,0.35643,70,-0.4824,78,-0.3035,88,-0.1095,105,0.17338
ENSG00000160695,VPS11,27,-0.5003,28,-0.4706,36,-0.1015,37,-0.0537,23,-0.7785,43,0.20882,40,0.07447,29,-0.4411,70,1.02735,47,0.33228
ENSG00000188486,H2AFX,79,1.03731,42,-0.0276,41,-0.0379,25,-0.7882,39,-0.1342,39,-0.1254,36,-0.2548,32,-0.4108,34,-0.3322,55,0.42900
ENSG00000172269,DPAGT1,10,-0.8441,7,-1.2674,17,0.03835,27,0.75402,26,0.65973,24,0.53222,17,-0.0145,7,-1.3464,22,0.42359,13,-0.3745
ENSG00000172375,C2CD2L,12,-2.5752,45,-0.5965,109,0.82701,68,0.05760,77,0.24427,82,0.36263,58,-0.1975,50,-0.4444,91,0.52590,67,0.03005
ENSG00000172273,HINFP,11,-0.6247,22,0.45754,23,0.53470,16,-0.0326,19,0.19340,17,0.04225,9,-0.8654,15,-0.1160,19,0.20546,14,-0.2705
ENSG00000110395,CBL,26,0.01405,31,0.29385,42,0.78157,43,0.82719,29,0.18887,14,-0.8986,12,-1.1262,19,-0.4968,15,-0.8741,28,0.10817
ENSG00000173456,RNF26,5,-2.3817,19,-0.4398,27,0.07528,38,0.64987,24,-0.1091,29,0.21370,20,-0.3424,23,-0.1593,25,-0.0404,45,0.92350
ENSG00000036672,USP2,34,-0.1286,44,0.27039,50,0.49402,32,-0.2076,27,-0.4959,37,0.00980,26,-0.5422,29,-0.3851,63,0.88467,27,-0.4900
ENSG00000154096,THY1,142,-2.9797,867,-0.2656,1304,0.39226,2083,1.19893,1245,0.31597,1240,0.30964,909,-0.1905,502,-1.1075,1077,0.07921,877,-0.2465
ENSG00000110400,NECTIN1,83,0.48334,56,-0.1591,100,0.78504,59,-0.0691,93,0.66246,36,-0.8198,42,-0.6122,34,-0.9018,54,-0.2237,61,-0.0153
ENSG00000184232,OAF,24,-0.4444,62,1.08977,23,-0.5200,9,-1.8624,6,-2.5493,7,-2.2641,23,-0.5018,104,2.08534,15,-1.1309,48,0.65585
ENSG00000181264,TLCD5,33,0.94627,12,-0.6310,16,-0.2620,15,-0.3073,13,-0.5712,21,0.19744,14,-0.3829,21,0.20184,7,-1.4120,33,0.93316
ENSG00000196914,ARHGEF12,32,-2.0425,160,0.42407,145,0.26101,136,0.15564,115,-0.1137,78,-0.7046,120,-0.0394,134,0.13694,154,0.36375,157,0.40022
ENSG00000109929,SC5D,111,-0.2502,86,-0.6519,160,0.33546,154,0.27989,177,0.50914,148,0.21432,127,-0.0356,135,0.06331,124,-0.0797,76,-0.8251
ENSG00000137642,SORL1,150,-0.9986,228,-0.3536,217,-0.4258,385,0.49090,488,0.89479,317,0.17414,335,0.26144,184,-0.6818,286,0.00681,258,-0.1589
ENSG00000255248,MIR100HG,45,-0.6490,102,0.66743,78,0.22541,52,-0.4187,90,0.46047,62,-0.1470,50,-0.4831,77,0.20337,56,-0.3069,67,-0.0186
ENSG00000109971,HSPA8,310,-2.3486,1627,0.18021,1606,0.15992,1900,0.43548,2350,0.79385,2124,0.62138,1031,-0.5424,767,-0.9974,1558,0.11077,1273,-0.2116
ENSG00000023171,GRAMD1B,23,-1.8693,110,0.52502,97,0.31489,126,0.75846,75,-0.0921,59,-0.4622,83,0.05867,68,-0.2489,79,-0.0140,76,-0.0719
ENSG00000166257,SCN3B,53,-2.3722,228,-0.1757,410,0.78793,369,0.60626,310,0.31997,159,-0.7382,187,-0.4889,207,-0.3294,394,0.71678,231,-0.1587
ENSG00000154144,TBRG1,73,0.09196,56,-0.3194,75,0.12565,60,-0.2349,64,-0.1154,98,0.57575,47,-0.5981,60,-0.2104,68,-0.0305,89,0.41149
ENSG00000110013,SIAE,18,-1.3707,41,-0.1202,45,0.01700,59,0.47287,75,0.86707,61,0.51464,41,-0.1223,26,-0.8099,46,0.05533,31,-0.5584
ENSG00000154146,NRGN,452,-2.3810,1173,-0.9549,3042,0.55703,2988,0.52716,2686,0.35069,2156,-0.0064,2278,0.08172,1883,-0.2219,2655,0.33108,2335,0.12174
ENSG00000165478,HEPACAM,431,2.33575,65,-0.9387,50,-1.3410,63,-0.9993,39,-1.6970,66,-0.9288,111,-0.1211,202,0.87191,42,-1.6160,127,0.09769
ENSG00000165495,PKNOX2,0,-7.9767,47,0.52718,48,0.57766,32,-0.0823,45,0.44677,27,-0.3656,35,0.04043,24,-0.5033,42,0.35027,39,0.21301
ENSG00000149557,FEZ1,886,2.17714,243,-0.1385,276,0.06761,151,-0.8750,178,-0.6238,174,-0.6596,173,-0.6673,133,-1.0642,169,-0.7003,264,-0.0058
ENSG00000149547,EI24,97,0.19021,84,-0.0447,107,0.34925,83,-0.0479,92,0.10747,112,0.42734,79,-0.1297,77,-0.1813,85,-0.0081,44,-1.0367
ENSG00000134910,STT3A,24,-0.0989,19,-0.4910,20,-0.3933,30,0.26772,22,-0.2582,24,-0.1259,27,0.10424,28,0.16224,33,0.38738,30,0.22829
ENSG00000109832,DDX25,33,-0.1219,48,0.48686,45,0.36428,45,0.37787,48,0.48130,34,-0.0897,26,-0.4916,28,-0.3486,28,-0.3581,21,-0.8191
ENSG00000197798,FAM118B,16,-0.0327,26,0.76052,28,0.89576,20,0.33432,9,-0.9126,7,-1.1618,11,-0.5561,14,-0.1614,7,-1.1375,22,0.52287
ENSG00000182934,SRPRA,15,-1.3978,24,-0.7742,40,0.05159,52,0.45833,34,-0.1990,72,1.01988,37,-0.0659,22,-0.8941,42,0.13976,50,0.41799
ENSG00000110074,FOXRED1,26,-0.3846,41,0.30805,42,0.35488,37,0.13745,42,0.34957,55,0.82073,15,-1.1756,21,-0.7253,26,-0.4096,31,-0.1297
ENSG00000149571,KIRREL3,11,-1.6659,34,0.05763,53,0.80441,42,0.39340,26,-0.3565,32,-0.0439,23,-0.5591,17,-1.0121,53,0.78569,37,0.18881
ENSG00000134909,ARHGAP32,25,-1.6731,71,-0.0801,162,1.32023,82,0.16842,50,-0.6203,51,-0.5884,48,-0.6797,73,-0.0283,120,0.79619,61,-0.3157
ENSG00000084234,APLP2,194,-1.3499,759,0.81005,450,-0.0542,705,0.68470,584,0.36909,575,0.34332,359,-0.4086,340,-0.4954,348,-0.4585,339,-0.5000
ENSG00000196323,ZBTB44,41,-0.2108,20,-1.2987,44,-0.0879,40,-0.2399,59,0.37394,29,-0.7581,59,0.37847,67,0.59756,42,-0.1784,66,0.56887
ENSG00000134917,ADAMTS8,13,-0.7617,16,-0.5358,48,1.29745,30,0.51533,5,-2.0583,15,-0.5952,16,-0.5064,10,-1.2227,34,0.71467,33,0.65659
ENSG00000255455,AP003486.1,5,-1.7815,28,0.63434,18,-0.0378,17,-0.0988,15,-0.3390,14,-0.4405,15,-0.3453,17,-0.1016,32,0.89522,24,0.40148
ENSG00000120451,SNX19,64,0.72463,38,-0.1198,42,0.01781,30,-0.5261,43,0.05948,48,0.24108,28,-0.6099,33,-0.3739,52,0.35985,36,-0.2056
ENSG00000182667,NTM,126,-0.3032,111,-0.4946,172,0.19618,129,-0.2548,163,0.11109,193,0.38919,140,-0.1298,193,0.38292,128,-0.2761,166,0.14218
ENSG00000183715,OPCML,35,-2.3421,195,0.26550,169,0.02839,221,0.46706,218,0.44386,210,0.38128,141,-0.2580,118,-0.5297,219,0.45602,131,-0.3664
ENSG00000080854,IGSF9B,4,-2.4930,23,-0.0624,36,0.68154,25,0.07267,32,0.48478,47,1.11000,19,-0.3144,16,-0.6465,17,-0.4967,19,-0.3673
ENSG00000166086,JAM3,270,3.08313,28,-1.0429,29,-0.9779,43,-0.3951,31,-0.8856,35,-0.7303,23,-1.3678,26,-1.1351,23,-1.3585,45,-0.3128
ENSG00000151502,VPS26B,56,-0.9546,79,-0.4305,135,0.43365,130,0.37316,109,0.08635,165,0.77172,89,-0.2439,77,-0.4605,91,-0.2034,103,-0.0023
ENSG00000151500,THYN1,34,-0.8076,70,0.30547,81,0.54171,74,0.40106,65,0.17345,81,0.53262,39,-0.6106,36,-0.7240,42,-0.4918,57,-0.0243
ENSG00000151498,ACAD8,29,0.06467,28,-0.0312,44,0.74318,27,-0.0732,31,0.14933,44,0.71966,20,-0.4914,14,-1.0996,23,-0.3187,21,-0.4182
ENSG00000109956,B3GAT1,255,1.00680,100,-0.5193,223,0.77108,103,-0.4768,71,-1.0398,89,-0.7081,109,-0.3853,204,0.62210,109,-0.3904,132,-0.0873
ENSG00000120645,IQSEC3,9,-2.4870,54,0.23719,31,-0.6486,44,-0.0791,70,0.66356,51,0.14503,62,0.44507,44,-0.0994,44,-0.0778,58,0.34579
ENSG00000060237,WNK1,650,2.84704,104,-0.5358,79,-0.9444,66,-1.2177,84,-0.8667,68,-1.1708,108,-0.4773,95,-0.6650,106,-0.5014,99,-0.6131
ENSG00000082805,ERC1,11,-1.2035,29,0.25772,41,0.83340,20,-0.3696,9,-1.5693,25,-0.0087,23,-0.1079,28,0.19819,35,0.54310,28,0.16604
ENSG00000006831,ADIPOR2,159,2.79338,26,-0.4994,12,-1.6819,17,-1.1019,24,-0.6057,30,-0.2934,23,-0.7197,13,-1.5214,28,-0.3802,28,-0.3726
ENSG00000166159,LRTM2,0,-7.3961,25,0.13480,45,1.09249,25,0.11865,26,0.18138,38,0.82725,20,-0.2183,17,-0.5093,20,-0.2016,15,-0.6264
ENSG00000151067,CACNA1C,1,-5.0665,44,0.58609,44,0.58121,37,0.28506,30,-0.0355,25,-0.3293,29,-0.0988,27,-0.2106,48,0.73174,23,-0.4433
ENSG00000004478,FKBP4,70,-0.8510,200,0.82797,115,-0.0856,126,0.06669,169,0.53886,143,0.26712,92,-0.4412,61,-1.0698,93,-0.4222,144,0.27902
ENSG00000171792,RHNO1,7,-1.4062,15,-0.3700,23,0.31583,14,-0.4376,21,0.16653,24,0.44167,11,-0.8006,17,-0.1386,22,0.24050,33,0.91886
ENSG00000111218,PRMT8,0,-8.3609,33,-0.4515,79,0.97606,43,-0.0470,57,0.40033,64,0.60438,23,-0.9707,21,-1.1432,65,0.62194,57,0.40267
ENSG00000118971,CCND2,101,-0.8523,238,0.50390,224,0.40350,160,-0.1391,192,0.14841,153,-0.2145,144,-0.3070,146,-0.2817,237,0.49349,153,-0.2096
ENSG00000078237,TIGAR,7,-1.4202,13,-0.5656,14,-0.4866,34,0.98488,32,0.87852,18,-0.0755,13,-0.5674,11,-0.7785,16,-0.2316,29,0.71802
ENSG00000047621,C12orf4,0,-6.9707,32,1.14370,16,0.02333,17,0.07894,23,0.56934,8,-1.0001,12,-0.4684,10,-0.7187,22,0.47633,21,0.42589
ENSG00000010219,DYRK4,33,0.84064,40,1.14970,23,0.21378,23,0.23006,13,-0.6973,21,0.08833,13,-0.6996,8,-1.3188,10,-1.0604,16,-0.3575
ENSG00000139180,NDUFA9,47,-0.6958,60,-0.3147,75,0.04989,107,0.62234,93,0.39576,109,0.66088,53,-0.4841,54,-0.4575,73,-0.0059,58,-0.3625
ENSG00000130035,GALNT8,27,-1.6056,80,0.03963,64,-0.3179,125,0.78145,76,-0.0351,118,0.68050,63,-0.3323,62,-0.3530,88,0.20172,75,-0.0543
ENSG00000111262,KCNA1,0,-5.9165,59,0.74459,41,0.16395,59,0.74121,37,-0.0101,56,0.67891,40,0.11977,22,-0.8065,35,-0.0849,23,-0.7691
ENSG00000110799,VWF,79,1.16080,53,0.47023,22,-0.8874,10,-2.0992,13,-1.7290,16,-1.4181,38,-0.0484,45,0.18809,12,-1.7378,108,1.74752
ENSG00000010278,CD9,403,3.04588,91,0.13114,24,-1.9177,27,-1.7468,28,-1.6905,46,-0.9286,47,-0.9087,58,-0.5779,22,-2.0455,94,0.19147
ENSG00000215039,CD27-AS1,57,0.80123,33,-0.1195,34,-0.0273,32,-0.1493,27,-0.3895,38,0.11469,38,0.13636,18,-1.0355,18,-1.0203,56,0.75472
ENSG00000139190,VAMP1,34,-1.3115,74,-0.1236,28,-1.6008,124,0.72669,112,0.55099,172,1.30657,98,0.33686,33,-1.3468,69,-0.2200,53,-0.6444
ENSG00000111639,MRPL51,143,0.27674,151,0.36434,95,-0.3797,113,-0.1030,118,-0.0392,140,0.23383,148,0.32581,95,-0.3724,113,-0.1098,92,-0.4335
ENSG00000111640,GAPDH,1763,-0.7221,2886,0.05210,2708,-0.0503,3474,0.35375,3580,0.40326,4580,0.81917,2266,-0.3321,1631,-0.8419,1742,-0.7408,3312,0.27512
ENSG00000010295,IFFO1,49,0.60057,33,-0.0313,33,-0.0534,56,0.81301,47,0.51261,27,-0.3775,28,-0.2975,9,-2.0073,30,-0.1796,28,-0.2966
ENSG00000111642,CHD4,94,0.62615,57,-0.1680,84,0.43987,49,-0.4010,56,-0.1901,50,-0.3663,54,-0.2616,67,0.06885,41,-0.6898,85,0.46890
ENSG00000111653,ING4,29,-0.0217,42,0.60291,32,0.16301,21,-0.4765,45,0.69144,33,0.19822,22,-0.4201,23,-0.3909,26,-0.2005,19,-0.6951
ENSG00000126746,ZNF384,21,0.27311,18,0.00197,32,0.97000,14,-0.3322,24,0.49540,8,-1.1500,18,0.03830,22,0.36741,9,-1.0077,10,-0.8409
ENSG00000139200,PIANP,18,-2.6996,101,-0.1387,194,0.94444,111,0.01596,137,0.35609,103,-0.1056,106,-0.0589,79,-0.5130,141,0.39584,110,0.00135
ENSG00000111652,COPS7A,60,-0.9281,119,0.13414,127,0.23424,115,0.07875,158,0.59401,178,0.79751,52,-1.1460,59,-0.9738,92,-0.2734,137,0.35597
ENSG00000089693,MLF2,173,-1.0837,277,-0.3583,475,0.51008,488,0.55803,409,0.26364,346,-0.0051,241,-0.5743,240,-0.5823,423,0.32163,401,0.23155
ENSG00000159335,PTMS,141,-0.7034,251,0.21130,331,0.66593,205,-0.1153,254,0.22718,201,-0.1472,188,-0.2542,248,0.18852,170,-0.4089,216,-0.0300
ENSG00000250510,GPR162,27,-2.1177,122,0.17181,155,0.55650,103,-0.1084,116,0.07943,207,1.05671,82,-0.4623,82,-0.4672,94,-0.2543,113,0.04542
ENSG00000111667,USP5,80,-0.2605,117,0.35479,124,0.44083,102,0.13144,136,0.59924,91,-0.0564,82,-0.2176,74,-0.3880,66,-0.5608,71,-0.4542
ENSG00000111669,TPI1,316,-1.5374,747,-0.2198,921,0.11315,1256,0.62481,1053,0.33170,1405,0.81714,897,0.07145,523,-0.7762,704,-0.3150,761,-0.1923
ENSG00000010626,LRRC23,14,-0.1646,28,0.94268,12,-0.4176,23,0.63935,16,0.05962,11,-0.4883,20,0.37303,20,0.37666,7,-1.2262,5,-1.6099
ENSG00000111674,ENO2,267,-1.7393,770,-0.1200,751,-0.1598,1248,0.67146,1284,0.71983,1221,0.63381,612,-0.4810,474,-0.8734,832,0.00432,841,0.02059
ENSG00000111676,ATN1,99,0.01579,98,0.01100,82,-0.2784,83,-0.2571,108,0.15980,113,0.24076,117,0.29229,118,0.30088,84,-0.2280,74,-0.4328
ENSG00000111678,C12orf57,247,0.00477,335,0.50149,224,-0.1509,230,-0.1088,235,-0.0744,243,-0.0204,243,-0.0200,156,-0.7140,288,0.25250,262,0.09577
ENSG00000215021,PHB2,57,-0.7279,104,0.21520,106,0.24908,89,-0.0322,132,0.60962,80,-0.1939,65,-0.5318,49,-0.9626,96,0.08367,131,0.59946
ENSG00000126749,EMG1,14,-0.4553,36,1.10869,10,-0.9239,15,-0.2871,15,-0.2758,16,-0.1646,12,-0.6112,19,0.03892,12,-0.6475,34,1.00397
ENSG00000139182,CLSTN3,23,-2.9403,137,-0.2595,225,0.54337,222,0.52373,335,1.23577,184,0.21316,152,-0.0982,80,-1.0841,134,-0.2917,121,-0.4516
ENSG00000139197,PEX5,65,0.26194,79,0.58226,90,0.81517,37,-0.6073,73,0.45700,61,0.16983,36,-0.6498,39,-0.5385,37,-0.6383,33,-0.7734
ENSG00000059804,SLC2A3,21,-2.1106,94,0.16129,98,0.23017,98,0.21932,142,0.84740,106,0.35594,62,-0.4878,48,-0.8845,124,0.61311,58,-0.6068
ENSG00000065970,FOXJ2,26,0.30242,17,-0.3926,17,-0.4052,25,0.18255,22,0.00044,18,-0.3301,22,0.00464,19,-0.2478,12,-0.9173,42,1.07256
ENSG00000089818,NECAP1,42,-2.0829,241,0.62385,168,0.02911,236,0.58413,188,0.21104,197,0.28369,120,-0.4969,98,-0.8182,183,0.17186,176,0.10924
ENSG00000166532,RIMKLB,41,0.56028,30,0.05923,19,-0.6741,20,-0.5542,23,-0.3560,21,-0.4556,22,-0.4448,51,0.93443,15,-1.0009,47,0.79866
ENSG00000111752,PHC1,23,0.11274,40,0.99162,24,0.16421,13,-0.8333,21,-0.0754,11,-0.9995,21,-0.0952,12,-0.8765,16,-0.5069,38,0.88782
ENSG00000003056,M6PR,39,-0.6688,69,0.24085,72,0.30207,75,0.36890,59,-0.0253,61,0.03387,46,-0.4004,48,-0.3292,60,0.00102,68,0.19907
ENSG00000175899,A2M,274,1.16899,123,-0.1762,71,-1.0125,45,-1.6898,57,-1.3402,40,-1.8726,108,-0.3752,221,0.78768,64,-1.1784,366,1.71259
ENSG00000139112,GABARAPL1,118,-1.6531,492,0.57569,366,0.08749,505,0.61999,501,0.60766,457,0.45252,340,-0.0275,172,-1.0825,249,-0.5209,261,-0.4428
ENSG00000256537,SMIM10L1,72,0.63319,43,-0.2098,55,0.18885,49,0.01118,46,-0.1050,65,0.47517,30,-0.7457,23,-1.1504,58,0.28957,47,-0.0747
ENSG00000070018,LRP6,34,1.00013,12,-0.6940,21,0.20199,22,0.31025,22,0.29950,13,-0.5411,13,-0.5342,23,0.35677,10,-0.8558,14,-0.4630
ENSG00000111261,MANSC1,10,-1.8340,37,0.12277,42,0.32225,50,0.59591,40,0.23531,33,-0.0751,19,-0.9059,28,-0.3185,41,0.27886,45,0.40734
ENSG00000165714,BORCS5,15,-0.0240,13,-0.2942,18,0.23900,18,0.21633,24,0.72080,17,0.12641,8,-1.0317,18,0.28687,11,-0.4411,12,-0.3805
ENSG00000111269,CREBL2,49,-0.3908,84,0.48663,71,0.20271,73,0.24457,49,-0.3649,55,-0.1867,60,-0.0563,64,0.05217,64,0.03307,54,-0.2183
ENSG00000111276,CDKN1B,126,0.39007,136,0.52003,96,-0.0475,107,0.12647,89,-0.1713,108,0.14408,87,-0.2043,60,-0.7737,92,-0.1052,87,-0.1952
ENSG00000013583,HEBP1,57,0.92061,35,0.11059,49,0.67717,49,0.67207,14,-1.2375,37,0.19514,17,-0.9993,17,-0.9817,26,-0.3361,24,-0.4931
ENSG00000084444,FAM234B,28,-1.8685,87,-0.1743,165,0.88437,106,0.13871,131,0.49331,100,0.05635,101,0.06688,74,-0.4180,85,-0.1995,91,-0.1061
ENSG00000273079,GRIN2B,13,-2.8603,77,-0.1982,195,1.36902,99,0.20285,64,-0.4786,86,-0.0150,58,-0.6290,77,-0.1908,103,0.27473,98,0.19887
ENSG00000171681,ATF7IP,24,0.27196,19,-0.1127,27,0.44198,14,-0.5754,15,-0.4327,36,0.92680,16,-0.3611,31,0.70191,11,-0.9169,10,-1.1003
ENSG00000084463,WBP11,43,-0.6681,76,0.21255,102,0.70345,71,0.11344,70,0.08147,60,-0.1473,57,-0.2481,51,-0.4011,71,0.11330,62,-0.1118
ENSG00000151490,PTPRO,9,-2.2574,45,0.10799,82,1.10955,57,0.47033,32,-0.4246,67,0.75002,22,-1.0305,22,-0.9894,63,0.64768,24,-0.8832
ENSG00000151491,EPS8,28,1.01680,10,-0.6170,12,-0.3366,8,-0.9193,4,-2.0073,5,-1.4669,9,-0.7666,34,1.38096,14,-0.1233,26,0.86893
ENSG00000023734,STRAP,60,-1.6051,131,-0.4380,241,0.54617,205,0.27808,228,0.45243,217,0.37288,101,-0.8377,107,-0.7499,248,0.59120,188,0.13862
ENSG00000008394,MGST1,69,0.29714,95,0.82081,46,-0.3692,18,-1.7684,50,-0.2338,40,-0.5695,34,-0.8073,128,1.34520,38,-0.6502,59,0.04860
ENSG00000048540,LMO3,95,-1.5024,274,0.13625,437,0.91820,297,0.26583,269,0.10933,245,-0.0454,168,-0.6376,233,-0.1253,273,0.12917,227,-0.1614
ENSG00000052126,PLEKHA5,0,-7.9569,52,0.81329,58,1.00101,29,-0.1079,27,-0.2314,32,0.03112,25,-0.3661,24,-0.4407,41,0.44214,27,-0.2359
ENSG00000139154,AEBP2,26,-0.2462,18,-0.8103,50,0.79060,33,0.10092,20,-0.6534,35,0.21032,48,0.73214,25,-0.3349,23,-0.4562,29,-0.0737
ENSG00000139155,SLCO1C1,8,-1.3685,16,-0.4055,22,0.10195,15,-0.4746,13,-0.7530,12,-0.8398,22,0.07395,46,1.35239,12,-0.8071,41,1.12483
ENSG00000084453,SLCO1A2,298,5.06585,4,-3.2168,5,-2.8541,4,-3.2671,8,-2.2334,9,-2.1869,14,-1.4519,18,-1.1100,3,-3.3945,10,-1.9424
ENSG00000121350,PYROXD1,12,-0.8230,18,-0.2668,16,-0.4532,21,0.02834,37,0.92948,25,0.26018,18,-0.2528,19,-0.1899,21,-0.0127,24,0.21391
ENSG00000111711,GOLT1B,25,-0.4751,26,-0.4147,57,0.83531,37,0.12141,37,0.12148,47,0.48777,23,-0.6075,22,-0.7166,37,0.11754,32,-0.0946
ENSG00000134548,SPX,65,2.30105,5,-1.7359,16,-0.1632,4,-2.0971,4,-2.0417,6,-1.5301,31,0.88459,18,0.02028,18,-0.0205,11,-0.6818
ENSG00000111716,LDHB,377,-1.0942,791,0.05956,706,-0.1226,959,0.37382,982,0.41160,758,-0.0077,676,-0.1916,743,-0.0412,715,-0.1026,916,0.29691
ENSG00000111726,CMAS,56,-1.4160,143,0.01271,115,-0.3254,225,0.76673,258,1.00078,199,0.56005,130,-0.1311,63,-1.2514,126,-0.1820,99,-0.5566
ENSG00000111728,ST8SIA1,25,-0.3676,67,1.26997,14,-1.2157,20,-0.6850,28,-0.1885,58,1.01091,31,-0.0379,17,-0.9729,36,0.20930,19,-0.7435
ENSG00000111731,C2CD5,19,-1.1039,54,0.51440,67,0.86633,59,0.66103,42,0.08606,38,-0.0707,15,-1.4512,19,-1.1120,34,-0.2259,48,0.29719
ENSG00000139163,ETNK1,50,-0.7033,138,0.93574,89,0.21084,95,0.31647,88,0.19082,88,0.19106,42,-0.9490,50,-0.7084,75,-0.0636,67,-0.2390
ENSG00000060982,BCAT1,21,-0.8783,64,0.88889,17,-1.2018,28,-0.4200,28,-0.4216,54,0.58744,41,0.15948,23,-0.7345,36,-0.0452,60,0.77469
ENSG00000205707,ETFRF1,70,1.10923,34,-0.1143,34,-0.0940,38,0.05902,40,0.17782,33,-0.1630,21,-0.8061,24,-0.6557,44,0.29977,24,-0.6147
ENSG00000133703,KRAS,10,-2.8316,112,0.81782,47,-0.5691,91,0.46452,83,0.31283,78,0.21461,40,-0.8272,38,-0.9117,86,0.38065,97,0.57102
ENSG00000123094,RASSF8,33,0.92513,25,0.45443,7,-1.4897,5,-1.8598,10,-1.0020,26,0.52489,15,-0.3154,14,-0.4457,23,0.29025,30,0.76112
ENSG00000123095,BHLHE41,101,0.71071,70,0.11789,106,0.79581,58,-0.1868,42,-0.6716,46,-0.5550,26,-1.3776,64,-0.0407,57,-0.2105,82,0.37939
ENSG00000123096,SSPN,16,0.03007,27,0.88324,3,-2.2724,4,-1.9275,4,-1.8526,20,0.34529,10,-0.7258,42,1.66606,11,-0.5352,21,0.41161
ENSG00000111790,FGFR1OP2,46,-1.2861,71,-0.6378,194,0.98614,153,0.58472,80,-0.4676,84,-0.3772,86,-0.3486,80,-0.4655,180,0.86166,97,-0.1565
ENSG00000064115,TM7SF3,36,-0.3426,36,-0.3304,50,0.18662,50,0.18302,44,-0.0169,68,0.70384,37,-0.2990,42,-0.0959,42,-0.0762,40,-0.1778
ENSG00000152944,MED21,20,-0.5250,16,-0.8195,38,0.50516,20,-0.5280,47,0.83711,21,-0.4786,20,-0.4927,24,-0.2347,38,0.50708,35,0.37601
ENSG00000211455,STK38L,20,-0.4994,14,-1.0002,29,0.07201,48,0.92712,31,0.16952,29,0.09510,29,0.11472,25,-0.1566,27,0.00230,22,-0.3506
ENSG00000110841,PPFIBP1,38,-0.5649,62,0.22031,64,0.26941,60,0.15009,55,0.00779,52,-0.0695,43,-0.3522,43,-0.3622,68,0.35081,59,0.11920
ENSG00000061794,MRPS35,27,-1.1539,98,0.87107,65,0.20163,80,0.52293,67,0.23145,66,0.21501,30,-1.0248,34,-0.8189,59,0.04228,51,-0.1814
ENSG00000087448,KLHL42,60,-0.4429,111,0.52402,76,-0.0797,76,-0.0856,124,0.71549,96,0.28581,56,-0.5740,68,-0.2635,89,0.16005,47,-0.8369
ENSG00000123106,CCDC91,20,-1.4959,70,0.42020,41,-0.4181,52,-0.0604,70,0.41327,64,0.27486,54,0.01549,55,0.02063,49,-0.1633,65,0.29106
ENSG00000064763,FAR2,2,-3.4989,34,0.49442,21,-0.2206,18,-0.4811,28,0.22179,40,0.78543,20,-0.3475,9,-1.4993,36,0.60304,39,0.73610
ENSG00000087502,ERGIC2,43,-0.2466,55,0.12320,50,-0.0264,59,0.25119,45,-0.1824,37,-0.4963,52,0.03763,50,-0.0106,59,0.23249,57,0.18117
ENSG00000133687,TMTC1,1,-4.1074,26,-0.1349,25,-0.2021,32,0.20540,35,0.36266,72,1.61832,19,-0.6205,24,-0.2190,29,0.04785,18,-0.7215
ENSG00000133704,IPO8,31,0.51703,31,0.48321,25,0.15450,22,-0.0511,21,-0.1168,13,-0.8179,19,-0.3071,25,0.14111,16,-0.5139,24,0.08572
ENSG00000110888,CAPRIN2,8,-1.8208,35,0.32827,27,-0.0828,43,0.68911,38,0.47935,39,0.52752,17,-0.7748,22,-0.3619,24,-0.2678,29,0.04734
ENSG00000170456,DENND5B,17,-1.8452,75,0.42939,92,0.77329,54,-0.0907,60,0.07662,45,-0.3758,49,-0.2320,51,-0.1728,90,0.73293,40,-0.5620
ENSG00000151743,AMN1,39,-0.3905,57,0.19689,72,0.58733,72,0.58427,74,0.63970,62,0.35547,38,-0.4207,22,-1.2255,44,-0.2123,20,-1.3598
ENSG00000151746,BICD1,15,-1.1045,22,-0.5547,39,0.36134,20,-0.7051,53,0.87286,54,0.90559,22,-0.5239,28,-0.1710,30,-0.0332,28,-0.1508
ENSG00000087470,DNM1L,78,-0.9021,159,0.20483,132,-0.0865,197,0.55598,192,0.51694,159,0.20335,113,-0.3312,82,-0.8336,153,0.14337,133,-0.0740
ENSG00000139117,CPNE8,6,-2.4591,22,-0.5245,81,1.63332,15,-1.0728,27,-0.2206,23,-0.4692,18,-0.8618,19,-0.7699,61,1.10140,41,0.41888
ENSG00000139116,KIF21A,57,-1.4979,109,-0.5142,114,-0.4441,171,0.19488,246,0.80372,243,0.78284,172,0.21225,117,-0.4072,150,-0.0079,133,-0.2063
ENSG00000151229,SLC2A13,16,-3.0215,140,0.20781,177,0.60252,198,0.79266,147,0.29046,154,0.37112,89,-0.4987,62,-1.0625,165,0.48243,78,-0.7020
ENSG00000188906,LRRK2,2,-3.3696,20,-0.0365,18,-0.2495,25,0.27134,17,-0.3290,14,-0.6645,17,-0.3576,21,0.02406,30,0.59901,46,1.30813
ENSG00000018236,CNTN1,171,-1.1743,438,0.29019,428,0.25363,326,-0.1819,617,0.86598,373,0.03151,297,-0.3278,297,-0.3314,365,-0.0037,346,-0.0877
ENSG00000015153,YAF2,21,-1.0817,57,0.44830,57,0.43081,48,0.14526,57,0.44442,44,0.03370,34,-0.3938,36,-0.2818,43,0.00422,36,-0.2893
ENSG00000134283,PPHLN1,23,-1.0338,47,0.06709,90,1.15076,40,-0.2177,48,0.07281,85,1.04271,27,-0.8183,28,-0.7298,31,-0.6183,36,-0.3791
ENSG00000139168,ZCRB1,137,0.77471,100,0.24524,84,-0.0274,76,-0.1972,59,-0.5731,63,-0.4933,69,-0.3436,69,-0.3498,133,0.71766,68,-0.3653
ENSG00000139174,PRICKLE1,9,-2.2473,53,0.38456,71,0.89032,34,-0.3227,41,-0.0053,93,1.37376,25,-0.7540,21,-1.0237,38,-0.1467,29,-0.5615
ENSG00000151239,TWF1,58,0.96536,30,-0.0865,31,-0.0659,22,-0.5496,21,-0.6789,28,-0.1963,37,0.24475,37,0.21236,18,-0.8898,39,0.29848
ENSG00000184613,NELL2,38,-3.2754,296,-0.2061,485,0.59601,446,0.45409,615,1.00574,433,0.40549,185,-0.9342,150,-1.2506,479,0.57650,244,-0.5075
ENSG00000139218,SCAF11,51,0.47781,40,0.08176,43,0.20756,32,-0.2794,38,-0.0242,45,0.26084,40,0.09476,35,-0.1184,16,-1.3236,40,0.09050
ENSG00000111371,SLC38A1,35,-1.7934,167,0.64331,76,-0.6142,71,-0.7147,147,0.42353,282,1.57630,84,-0.4630,79,-0.5610,96,-0.2625,93,-0.3147
ENSG00000134294,SLC38A2,140,0.25168,151,0.36669,119,-0.0173,140,0.24425,132,0.15517,132,0.15285,78,-0.6819,68,-0.8829,112,-0.1061,129,0.11502
ENSG00000005175,RPAP3,5,-1.5919,23,0.63967,11,-0.5768,15,-0.0610,19,0.32116,12,-0.4003,10,-0.6687,19,0.31720,24,0.65198,18,0.24270
ENSG00000079337,RAPGEF3,200,4.12687,14,-1.1030,9,-1.7994,13,-1.2433,2,-3.5596,7,-2.2165,14,-1.1949,19,-0.7342,3,-3.3189,18,-0.7379
ENSG00000211584,SLC48A1,316,1.84024,135,0.32171,64,-0.8402,64,-0.8426,77,-0.5620,70,-0.7238,105,-0.0749,57,-1.0150,75,-0.6045,142,0.40183
ENSG00000134291,TMEM106C,27,-0.4306,61,0.87910,46,0.43204,30,-0.2801,57,0.76122,25,-0.5464,22,-0.7145,24,-0.5858,18,-1.0625,46,0.40088
ENSG00000152556,PFKM,45,-2.1165,252,0.51882,157,-0.2398,213,0.24273,277,0.67843,257,0.55570,151,-0.3043,122,-0.6386,157,-0.2423,200,0.14014
ENSG00000177981,ASB8,30,-0.7880,69,0.50109,63,0.36146,33,-0.6579,43,-0.2693,85,0.84716,25,-1.0615,47,-0.1137,73,0.60647,37,-0.4838
ENSG00000177875,CCDC184,7,-3.4172,86,0.35453,74,0.12050,105,0.69336,113,0.81931,91,0.45449,53,-0.4058,37,-0.9531,56,-0.3336,66,-0.0570
ENSG00000167535,CACNB3,14,-2.2169,45,-0.4764,100,0.80952,58,-0.0880,95,0.72248,33,-0.9548,59,-0.0679,50,-0.3130,59,-0.0693,100,0.80150
ENSG00000174243,DDX23,30,-0.2593,38,0.10150,29,-0.3191,34,-0.0592,30,-0.2305,49,0.54014,25,-0.5093,20,-0.8915,27,-0.4339,71,1.16892
ENSG00000172602,RND1,15,-1.9339,48,-0.1461,87,0.82494,124,1.44777,26,-1.0703,56,0.08516,37,-0.5417,23,-1.2624,66,0.36260,46,-0.2113
ENSG00000134287,ARF3,217,-1.1032,351,-0.3620,643,0.61721,380,-0.2382,453,0.04069,597,0.49428,403,-0.1435,379,-0.2406,502,0.20974,487,0.16001
ENSG00000169884,WNT10B,0,-7.2072,7,-1.5343,36,1.11019,34,1.00490,22,0.25985,23,0.31350,14,-0.4749,12,-0.5964,25,0.46708,13,-0.5147
ENSG00000181418,DDN,25,-2.7501,103,-0.6819,280,0.94249,104,-0.6689,83,-1.0038,113,-0.5358,126,-0.3629,289,1.00068,226,0.57502,239,0.67403
ENSG00000181929,PRKAG1,37,0.14130,63,1.03983,23,-0.5687,33,-0.0445,29,-0.2355,37,0.16942,20,-0.8257,14,-1.2962,31,-0.1148,49,0.61326
ENSG00000167548,KMT2D,15,-0.6899,25,0.08642,37,0.68317,21,-0.2175,27,0.15341,31,0.40578,6,-2.1114,20,-0.2984,23,-0.0834,36,0.67057
ENSG00000123416,TUBA1B,987,-1.3143,2608,0.19669,1288,-0.9113,3006,0.43014,3250,0.56021,4110,0.96254,2826,0.32783,1229,-0.9824,2696,0.25080,1088,-1.1679
ENSG00000167552,TUBA1A,1815,1.08794,650,-0.5952,909,-0.0692,913,-0.0620,1372,0.60362,988,0.06407,596,-0.7311,614,-0.6849,961,0.01892,678,-0.5314
ENSG00000123352,SPATS2,5,-2.5135,25,-0.2488,47,0.75431,28,-0.1026,21,-0.5255,63,1.27589,24,-0.3145,20,-0.6186,39,0.43105,24,-0.3472
ENSG00000135519,KCNH3,16,-2.0101,37,-0.7335,105,0.93982,93,0.72576,71,0.27650,70,0.25682,49,-0.2963,58,-0.0398,59,-0.0115,38,-0.7010
ENSG00000187778,MCRS1,57,0.65729,45,0.26822,43,0.18816,32,-0.2478,28,-0.4521,41,0.12285,20,-1.0039,32,-0.2740,41,0.12365,41,0.11285
ENSG00000110844,PRPF40B,19,-0.1049,24,0.28277,31,0.66702,8,-1.3251,22,0.08307,31,0.64996,22,0.10453,20,-0.0255,9,-1.2427,19,-0.1483
ENSG00000139644,TMBIM6,404,0.31615,465,0.54862,310,-0.1124,281,-0.2659,255,-0.4195,268,-0.3429,296,-0.1823,450,0.49531,227,-0.5971,368,0.16261
ENSG00000135472,FAIM2,286,-0.9535,502,-0.0773,555,0.08166,734,0.54088,637,0.30575,722,0.51245,447,-0.2622,339,-0.6913,501,-0.0817,550,0.06840
ENSG00000110881,ASIC1,57,0.99200,27,-0.1968,37,0.28452,30,-0.0459,17,-0.9315,29,-0.0914,28,-0.1808,20,-0.6645,32,0.03122,34,0.12434
ENSG00000066117,SMARCD1,23,-0.0300,15,-0.6710,34,0.62286,30,0.41692,16,-0.5467,24,0.06948,27,0.23384,25,0.13211,16,-0.5683,21,-0.1259
ENSG00000178449,COX14,119,-0.3361,180,0.32050,156,0.09357,207,0.55107,118,-0.3539,185,0.36630,131,-0.1851,76,-1.0311,137,-0.1168,166,0.18943
ENSG00000139624,CERS5,24,0.22530,17,-0.2639,43,1.21115,25,0.26958,11,-0.8980,13,-0.6922,15,-0.4713,16,-0.3784,19,-0.1118,23,0.16574
ENSG00000161813,LARP4,32,1.05848,7,-1.2478,19,0.22918,23,0.47342,21,0.36582,14,-0.3019,13,-0.3476,15,-0.1422,19,0.17421,4,-1.9801
ENSG00000066084,DIP2B,175,2.15246,32,-0.7466,39,-0.4695,36,-0.5789,44,-0.2736,61,0.22899,36,-0.5848,25,-1.1116,30,-0.8876,47,-0.1714
ENSG00000185432,METTL7A,125,0.04792,126,0.06502,79,-0.6730,59,-1.0997,71,-0.8317,56,-1.1819,128,0.08682,253,1.24718,76,-0.7239,237,1.13058
ENSG00000110911,SLC11A2,79,1.04937,28,-0.6147,36,-0.2517,56,0.45328,66,0.74847,46,0.14980,45,0.11440,28,-0.6235,19,-1.2231,17,-1.3824
ENSG00000050426,LETMD1,43,-0.2103,71,0.62269,57,0.26463,49,0.01161,70,0.59076,24,-1.0920,42,-0.2290,43,-0.2083,49,0.00212,39,-0.3446
ENSG00000110925,CSRNP2,30,-0.6214,44,-0.0111,68,0.71510,58,0.43768,32,-0.4907,63,0.58050,43,-0.0298,34,-0.4063,48,0.12347,21,-1.1075
ENSG00000135457,TFCP2,43,0.30281,44,0.35259,33,-0.1260,29,-0.2958,34,-0.0594,42,0.27801,34,-0.0453,21,-0.7964,34,-0.0667,40,0.17536
ENSG00000184271,POU6F1,17,-0.9420,55,0.95013,33,0.09738,28,-0.1543,22,-0.5357,39,0.36586,27,-0.2120,27,-0.2119,32,0.07181,29,-0.0733
ENSG00000183283,DAZAP2,306,0.93105,196,0.18839,153,-0.2065,137,-0.3808,154,-0.1968,180,0.04367,157,-0.1658,150,-0.2419,88,-1.0702,226,0.41409
ENSG00000050438,SLC4A8,32,-1.4726,99,0.26241,93,0.17124,102,0.32050,65,-0.3921,126,0.67054,95,0.20108,48,-0.8532,65,-0.4118,113,0.48067
ENSG00000196876,SCN8A,10,-3.7313,79,-0.7223,156,0.35307,176,0.55739,131,0.06757,159,0.38831,187,0.65777,77,-0.7590,145,0.23939,133,0.09090
ENSG00000135503,ACVR1B,17,-1.8888,46,-0.4214,74,0.32502,78,0.40009,90,0.63583,93,0.69875,76,0.35545,50,-0.3024,58,-0.0838,25,-1.3347
ENSG00000161835,GRASP,9,-3.1152,56,-0.3734,97,0.49468,135,1.07190,105,0.63944,64,-0.1802,75,0.09148,26,-1.5470,60,-0.2773,86,0.29982
ENSG00000123358,NR4A1,15,-1.0002,26,-0.2144,51,0.87234,11,-1.4396,53,0.94984,28,-0.0734,19,-0.6758,18,-0.7779,33,0.17501,43,0.57542
ENSG00000123395,ATG101,29,-0.2124,38,0.20216,40,0.25845,25,-0.4944,51,0.66981,33,-0.0153,19,-0.8456,25,-0.4773,36,0.09742,41,0.31027
ENSG00000063046,EIF4B,240,0.64815,231,0.57779,152,-0.1009,148,-0.1446,124,-0.4251,179,0.15729,127,-0.3835,131,-0.3313,160,-0.0196,128,-0.3703
ENSG00000111077,TNS2,114,3.40463,9,-1.2318,7,-1.5145,4,-2.3449,8,-1.4510,7,-1.7010,10,-1.1486,16,-0.4028,6,-1.7265,26,0.37019
ENSG00000167778,SPRYD3,107,-0.9899,225,0.16716,224,0.15978,178,-0.2130,258,0.38684,243,0.29102,217,0.10970,134,-0.6487,271,0.47225,172,-0.2604
ENSG00000167779,IGFBP6,5,-2.9531,48,0.28933,39,-0.0422,39,-0.0664,37,-0.1306,57,0.54961,44,0.14136,24,-0.8180,54,0.46649,57,0.54384
ENSG00000182544,MFSD5,19,-0.1665,34,0.73088,28,0.43071,16,-0.4135,29,0.49488,21,-0.0572,10,-1.1264,18,-0.3043,23,0.10649,16,-0.4078
ENSG00000123349,PFDN5,874,1.29800,353,-0.2236,340,-0.2872,282,-0.5748,352,-0.2284,351,-0.2364,321,-0.3737,360,-0.1932,475,0.24881,361,-0.1915
ENSG00000139637,C12orf10,18,-2.0459,136,1.15510,63,-0.1224,51,-0.4509,58,-0.2501,103,0.67869,57,-0.2932,33,-1.1029,45,-0.6353,118,0.90399
ENSG00000205352,PRR13,87,-0.0110,93,0.09306,85,-0.0481,122,0.53196,91,0.05743,93,0.09031,57,-0.6653,59,-0.6149,89,0.02194,101,0.23109
ENSG00000197111,PCBP2,328,-0.2593,517,0.47613,425,0.15193,355,-0.1336,294,-0.4299,549,0.57443,326,-0.2710,364,-0.0952,385,-0.0072,321,-0.2938
ENSG00000139625,MAP3K12,49,0.14591,43,-0.0549,55,0.31893,44,-0.0129,28,-0.7447,44,-0.0285,31,-0.5628,39,-0.2086,63,0.54412,52,0.23237
ENSG00000135390,ATP5MC2,364,0.77419,286,0.36600,227,-0.0050,164,-0.5194,255,0.18108,206,-0.1642,153,-0.6248,182,-0.3527,228,0.00152,214,-0.0991
ENSG00000012822,CALCOCO1,52,0.06541,72,0.58470,58,0.22657,43,-0.2185,58,0.25017,51,0.04744,28,-0.8885,36,-0.4892,65,0.43440,35,-0.5496
ENSG00000123415,SMUG1,10,-1.2399,20,-0.2020,26,0.19546,55,1.48415,15,-0.6394,16,-0.5607,19,-0.3177,20,-0.2244,25,0.12826,24,0.05323
ENSG00000094916,CBX5,68,-0.5774,167,0.86681,69,-0.5689,106,0.11286,83,-0.2760,64,-0.6778,75,-0.4422,142,0.58519,87,-0.2079,129,0.42804
ENSG00000135486,HNRNPA1,693,1.26737,324,-0.0208,318,-0.0512,208,-0.7133,385,0.25580,281,-0.2446,245,-0.4635,293,-0.1800,233,-0.5401,303,-0.1293
ENSG00000111481,COPZ1,51,-0.5402,113,0.74902,103,0.58875,59,-0.3184,71,-0.0133,62,-0.2396,47,-0.6470,60,-0.2915,80,0.17626,72,0.00737
ENSG00000161642,ZNF385A,47,-0.2036,82,0.69849,23,-1.2849,47,-0.2090,41,-0.4226,61,0.20788,52,-0.0429,55,0.04225,42,-0.3853,85,0.76936
ENSG00000123360,PDE1B,9,-3.0450,38,-0.9044,190,1.80276,62,-0.1481,42,-0.7422,64,-0.0991,67,-0.0264,52,-0.4088,75,0.16851,80,0.25847
ENSG00000135447,PPP1R1A,46,0.40104,27,-0.4366,85,1.47940,37,0.04829,24,-0.6175,19,-0.9744,20,-0.8439,41,0.23653,26,-0.5079,32,-0.1850
ENSG00000135426,TESPA1,11,-3.7184,37,-1.9476,396,1.92915,209,0.74591,49,-1.5280,72,-0.9470,93,-0.5544,80,-0.7831,281,1.26661,101,-0.4397
ENSG00000135424,ITGA7,34,0.52427,23,-0.0600,10,-1.3836,6,-2.1008,16,-0.6326,10,-1.3614,13,-0.9916,31,0.37783,6,-2.0697,96,2.50405
ENSG00000135441,BLOC1S1,291,0.75264,180,-0.0367,236,0.40014,138,-0.4616,174,-0.0922,185,0.00853,134,-0.5038,149,-0.3412,151,-0.3125,206,0.17852
ENSG00000135404,CD63,363,0.53178,162,-0.7492,276,0.08222,170,-0.6783,225,-0.2447,252,-0.0631,219,-0.2843,317,0.30465,182,-0.5761,456,0.92212
ENSG00000135414,GDF11,30,0.68770,24,0.34703,16,-0.2527,17,-0.2423,5,-1.8912,10,-0.9611,20,0.01210,26,0.43783,8,-1.2757,38,1.12148
ENSG00000205323,SARNP,48,-0.4546,95,0.63277,47,-0.5004,49,-0.4301,70,0.13293,105,0.80085,44,-0.6050,49,-0.4395,80,0.34037,59,-0.1482
ENSG00000135392,DNAJC14,24,0.35679,28,0.63252,20,0.07592,17,-0.1666,10,-0.9854,13,-0.5825,26,0.46565,15,-0.4208,27,0.55663,12,-0.7683
ENSG00000170473,PYM1,21,0.23473,19,0.04749,13,-0.5293,14,-0.3757,25,0.52470,14,-0.3600,19,0.05204,10,-0.9126,23,0.36172,24,0.42176
ENSG00000111540,RAB5B,234,0.76741,117,-0.3615,143,-0.0426,198,0.48949,137,-0.1128,121,-0.3058,134,-0.1411,138,-0.0997,120,-0.3163,126,-0.2401
ENSG00000139531,SUOX,11,-0.8472,22,0.19346,23,0.24849,22,0.14246,12,-0.7027,36,0.98305,10,-0.9689,21,0.13682,11,-0.8624,28,0.54012
ENSG00000197728,RPS26,252,-0.1957,301,0.08539,372,0.43266,219,-0.4148,439,0.70807,278,-0.0418,189,-0.6475,203,-0.5320,350,0.32977,250,-0.2108
ENSG00000065361,ERBB3,208,4.64620,6,-2.2040,4,-2.7061,0,-5.0055,13,-1.1960,6,-2.2229,17,-0.7906,17,-0.7903,1,-4.3500,7,-2.1145
ENSG00000170515,PA2G4,58,-0.5127,100,0.35069,97,0.30056,67,-0.2886,71,-0.2027,105,0.43511,65,-0.3334,50,-0.7397,85,0.08740,106,0.45577
ENSG00000229117,RPL41,2766,0.56468,2977,0.68893,2035,0.06097,1050,-0.9725,1377,-0.5556,1731,-0.1973,1520,-0.4020,1973,0.01076,1806,-0.1302,2361,0.30179
ENSG00000139641,ESYT1,15,-1.0284,10,-1.6728,27,-0.1266,63,1.26517,61,1.20062,41,0.50766,20,-0.5729,8,-1.9863,36,0.29224,16,-0.9291
ENSG00000196465,MYL6B,106,-0.5483,131,-0.2218,170,0.19351,151,-0.0023,216,0.58413,189,0.36627,158,0.07623,115,-0.4259,114,-0.4432,158,0.07765
ENSG00000092841,MYL6,643,0.80762,466,0.26862,266,-0.6188,265,-0.6262,434,0.15096,461,0.25164,323,-0.3158,286,-0.5055,200,-1.0562,603,0.69667
ENSG00000139613,SMARCC2,37,-0.6548,66,0.25229,70,0.33947,54,-0.0797,66,0.24952,53,-0.1136,60,0.09729,50,-0.1973,55,-0.0419,55,-0.0486
ENSG00000181852,RNF41,12,-2.3641,48,-0.3252,109,1.00306,73,0.32848,72,0.29861,69,0.23103,47,-0.3813,40,-0.6026,68,0.22323,57,-0.0711
ENSG00000139579,NABP2,61,-0.0067,71,0.23887,64,0.07094,70,0.20803,63,0.05917,62,0.02506,71,0.24657,48,-0.3830,52,-0.2612,49,-0.3323
ENSG00000139645,ANKRD52,16,-0.1839,13,-0.4750,18,-0.0663,23,0.37386,28,0.66061,24,0.44066,20,0.16150,19,0.06345,12,-0.6468,10,-0.9660
ENSG00000062485,CS,51,-1.0118,71,-0.5160,108,0.15282,114,0.23362,142,0.60060,165,0.85865,76,-0.4124,90,-0.1434,82,-0.2804,85,-0.2391
ENSG00000257727,CNPY2,107,0.18938,65,-0.6047,144,0.67844,83,-0.2128,131,0.51385,97,0.03367,72,-0.4492,57,-0.7959,72,-0.4365,125,0.43608
ENSG00000170581,STAT2,108,1.48120,57,0.37759,43,-0.0660,35,-0.4217,45,-0.0094,36,-0.3635,24,-1.0012,30,-0.6464,36,-0.3732,40,-0.2075
ENSG00000135423,GLS2,9,-1.9291,35,0.08271,47,0.58511,38,0.21014,57,0.88694,56,0.86649,29,-0.2115,11,-1.6704,26,-0.3951,23,-0.5287
ENSG00000076108,BAZ2A,42,0.54341,23,-0.3789,49,0.83136,35,0.24730,25,-0.2874,23,-0.4013,13,-1.2913,33,0.17934,21,-0.5551,34,0.20866
ENSG00000110955,ATP5F1B,309,-1.5588,964,0.20298,807,-0.0832,1463,0.90360,1023,0.29936,1220,0.59166,824,-0.0489,542,-0.7045,549,-0.6853,800,-0.0972
ENSG00000110958,PTGES3,296,0.18094,317,0.29252,266,0.00948,341,0.41238,248,-0.1024,312,0.26766,229,-0.2305,213,-0.3466,211,-0.3583,213,-0.3431
ENSG00000196531,NACA,766,0.77982,439,-0.1370,474,-0.0138,437,-0.1412,443,-0.1192,414,-0.2300,379,-0.3674,444,-0.1157,563,0.26521,420,-0.2051
ENSG00000025423,HSD17B6,8,-1.3178,23,0.30906,8,-1.2866,11,-0.7896,16,-0.2227,18,-0.0769,22,0.25351,30,0.72545,11,-0.7603,42,1.31368
ENSG00000166863,TAC3,0,-7.6906,53,1.19735,52,1.13784,12,-1.1240,9,-1.6359,17,-0.6722,16,-0.7378,24,-0.0974,48,1.01626,29,0.17832
ENSG00000166886,NAB2,8,-2.4698,24,-0.8605,50,0.26946,45,0.08263,53,0.35730,81,1.08007,51,0.29018,27,-0.6728,28,-0.6467,57,0.47066
ENSG00000166888,STAT6,4,-1.7963,9,-0.7495,5,-1.4402,18,0.37212,48,2.11246,23,0.74151,8,-0.8089,16,0.18816,7,-1.0736,5,-1.4689
ENSG00000123384,LRP1,188,0.03670,198,0.11981,193,0.07590,222,0.30943,142,-0.4001,136,-0.4668,121,-0.6544,182,-0.0183,113,-0.7533,341,1.03438
ENSG00000182199,SHMT2,17,0.16341,12,-0.3572,17,0.12219,17,0.10638,12,-0.3764,34,1.28945,9,-0.8548,13,-0.2852,18,0.19135,7,-1.1290
ENSG00000185633,NDUFA4L2,25,0.35565,20,-0.0138,12,-0.8398,9,-1.1452,8,-1.3744,17,-0.2175,17,-0.2689,20,-0.0042,5,-2.1486,68,2.16887
ENSG00000179912,R3HDM2,47,-0.6585,75,0.07545,56,-0.3845,83,0.23808,84,0.26578,85,0.28143,63,-0.1879,53,-0.4597,90,0.38216,77,0.12683
ENSG00000166986,MARS,44,-0.2995,54,0.02971,66,0.34764,101,1.06893,75,0.55422,66,0.36476,22,-1.3504,35,-0.6662,34,-0.6917,35,-0.6663
ENSG00000175197,DDIT3,39,0.15787,36,0.03856,38,0.12232,31,-0.1981,37,0.07569,38,0.13870,32,-0.1403,14,-1.3519,44,0.38418,41,0.25868
ENSG00000175203,DCTN2,97,-0.8573,120,-0.5229,191,0.20772,259,0.71240,242,0.59459,267,0.76168,111,-0.6508,99,-0.8206,121,-0.5212,174,0.05308
ENSG00000155980,KIF5A,379,0.12603,266,-0.4389,309,-0.2025,389,0.16613,395,0.19150,334,-0.0795,401,0.21554,258,-0.4827,395,0.19091,382,0.13834
ENSG00000166908,PIP4K2C,33,-1.3797,81,0.01818,104,0.41219,119,0.64032,90,0.17256,74,-0.1319,50,-0.7325,43,-0.9525,117,0.61830,93,0.23201
ENSG00000178498,DTX3,75,-0.3496,136,0.61409,135,0.60756,71,-0.4313,86,-0.1177,105,0.19891,74,-0.3554,72,-0.4101,83,-0.1834,94,0.02142
ENSG00000240771,ARHGEF25,15,-1.5415,21,-1.0562,63,0.65857,49,0.23651,59,0.55316,45,0.08760,56,0.46108,27,-0.6974,44,0.06553,43,0.01296
ENSG00000135454,B4GALNT1,8,-3.3729,60,-0.3684,178,1.46556,106,0.54841,81,0.11137,85,0.18647,56,-0.4690,45,-0.8099,68,-0.1698,70,-0.1272
ENSG00000135506,OS9,54,-0.8084,163,0.97057,96,0.07583,83,-0.1514,111,0.31113,88,-0.0606,50,-0.9276,87,-0.0771,65,-0.5397,116,0.38679
ENSG00000135439,AGAP2,56,-0.8364,90,-0.1152,112,0.23463,99,0.03686,116,0.30042,68,-0.5437,103,0.09409,133,0.51826,76,-0.3714,113,0.25184
ENSG00000135452,TSPAN31,35,0.04586,22,-0.6657,42,0.35200,39,0.20976,35,0.07311,33,-0.0395,22,-0.6596,43,0.40344,30,-0.1879,37,0.13362
ENSG00000135446,CDK4,43,1.16032,23,0.08720,23,0.13794,16,-0.4449,12,-0.9302,14,-0.6845,18,-0.2365,25,0.21826,13,-0.7516,28,0.41178
ENSG00000139266,MARCH9,15,-0.7457,28,0.21523,60,1.49484,16,-0.6888,24,-0.0619,17,-0.5751,23,-0.1074,22,-0.2242,18,-0.4826,25,0.01642
ENSG00000123297,TSFM,25,-0.3965,19,-0.8348,35,0.15447,52,0.80480,31,-0.0483,68,1.25896,20,-0.7247,20,-0.7362,26,-0.3343,25,-0.4070
ENSG00000175215,CTDSP2,56,0.62376,28,-0.4788,42,0.16186,31,-0.3091,41,0.10352,17,-1.1963,28,-0.4811,44,0.23750,34,-0.1656,59,0.71825
ENSG00000257698,GIHCG,12,-1.4292,41,0.45658,27,-0.2232,40,0.42703,34,0.17650,36,0.24684,18,-0.8562,33,0.10467,43,0.54115,24,-0.3651
ENSG00000118596,SLC16A7,5,-1.8843,24,0.34513,16,-0.2419,26,0.48831,27,0.56781,40,1.20157,13,-0.6203,5,-2.0758,25,0.39843,11,-0.7846
ENSG00000198673,TAFA2,1,-5.2206,77,0.24004,107,0.78143,92,0.52836,71,0.11314,85,0.39458,39,-0.8332,61,-0.1296,91,0.51933,39,-0.8114
ENSG00000135655,USP15,10,-1.9019,30,-0.2443,31,-0.1989,46,0.44401,60,0.90342,30,-0.2342,18,-1.0377,26,-0.4302,53,0.66374,46,0.43047
ENSG00000061987,MON2,78,0.80287,53,0.16360,47,-0.0321,45,-0.0881,52,0.12705,43,-0.1680,24,-1.0261,35,-0.4620,44,-0.1394,56,0.26935
ENSG00000111110,PPM1H,10,-1.8476,45,0.36159,40,0.19420,47,0.43726,31,-0.2376,56,0.74287,29,-0.3227,18,-1.0251,32,-0.1840,49,0.50512
ENSG00000184575,XPOT,52,0.21557,53,0.24876,32,-0.5338,38,-0.2721,42,-0.1324,69,0.65963,34,-0.4617,43,-0.0825,54,0.26424,39,-0.2609
ENSG00000183735,TBK1,13,-1.3218,39,0.38193,35,0.23464,50,0.82656,23,-0.4301,34,0.16640,26,-0.2254,14,-1.2088,31,0.03421,39,0.41300
ENSG00000135677,GNS,25,-0.3265,41,0.47852,26,-0.2418,27,-0.1778,32,0.06427,13,-1.2367,30,-0.0480,18,-0.7962,30,-0.0481,64,1.22257
ENSG00000111490,TBC1D30,8,-1.5131,23,0.17065,8,-1.3823,40,1.05170,17,-0.3659,18,-0.2346,24,0.20248,14,-0.6003,25,0.25590,34,0.76513
ENSG00000156076,WIF1,0,-8.0178,34,-0.4990,50,0.09362,39,-0.2858,6,-2.9879,32,-0.5836,48,0.03497,105,1.36007,39,-0.2802,117,1.55694
ENSG00000174106,LEMD3,18,-1.0136,63,0.94329,46,0.41325,42,0.26553,26,-0.4595,30,-0.2705,29,-0.3361,22,-0.7151,45,0.36931,34,-0.0624
ENSG00000139233,LLPH,20,-0.5290,36,0.39151,27,-0.0557,30,0.11338,27,-0.0570,27,-0.0437,23,-0.3117,25,-0.1966,47,0.84032,19,-0.6264
ENSG00000155957,TMBIM4,63,0.58624,63,0.57960,51,0.24076,31,-0.5638,31,-0.5256,45,0.03727,44,-0.0170,39,-0.1869,19,-1.2590,54,0.32834
ENSG00000111530,CAND1,59,-1.2052,169,0.43141,96,-0.4748,129,-0.0052,120,-0.1285,221,0.88280,112,-0.2294,107,-0.3071,168,0.42037,116,-0.1807
ENSG00000127314,RAP1B,67,0.67162,62,0.55845,50,0.21090,26,-0.8036,52,0.26946,40,-0.1511,28,-0.6815,33,-0.4379,30,-0.5731,51,0.24085
ENSG00000175782,SLC35E3,13,-0.2353,11,-0.5271,17,0.12381,13,-0.2358,13,-0.2643,26,0.83318,8,-0.9430,23,0.66757,11,-0.5636,19,0.34221
ENSG00000135679,MDM2,46,0.21729,47,0.25491,32,-0.3537,32,-0.3552,29,-0.4725,63,0.75542,27,-0.6298,41,0.04449,37,-0.1343,46,0.22323
ENSG00000111605,CPSF6,73,0.12293,91,0.47164,78,0.22564,76,0.18784,68,-0.0009,50,-0.4679,29,-1.2737,41,-0.7708,92,0.49407,79,0.24760
ENSG00000127337,YEATS4,12,-0.7737,26,0.43071,13,-0.6513,28,0.55978,29,0.61582,28,0.56161,12,-0.7703,11,-0.8540,11,-0.9085,28,0.55803
ENSG00000166225,FRS2,40,0.94374,21,-0.0929,20,-0.1990,16,-0.5249,14,-0.7172,8,-1.5190,15,-0.6487,29,0.40633,42,1.03651,20,-0.1881
ENSG00000166226,CCT2,37,-1.6793,131,0.26856,101,-0.1536,176,0.75817,122,0.14952,174,0.74251,69,-0.7445,86,-0.4050,127,0.21321,88,-0.3690
ENSG00000127328,RAB3IP,67,1.33586,59,1.10747,23,-0.4348,22,-0.5268,25,-0.2878,23,-0.4298,17,-0.9186,40,0.44757,11,-1.4727,17,-0.9320
ENSG00000111596,CNOT2,26,-0.3194,52,0.83993,46,0.62934,12,-1.4546,31,-0.0210,42,0.48203,15,-1.0738,34,0.11981,34,0.14860,21,-0.6490
ENSG00000135643,KCNMB4,218,1.17371,74,-0.5998,87,-0.3445,75,-0.5800,164,0.67312,176,0.80277,79,-0.4967,47,-1.2904,79,-0.4961,86,-0.3675
ENSG00000153233,PTPRR,0,-5.1307,48,0.86610,89,2.03397,31,0.16477,37,0.42331,18,-0.6570,10,-1.5888,11,-1.4409,19,-0.6172,19,-0.6309
ENSG00000133858,ZFC3H1,28,0.72745,25,0.52749,31,0.86447,8,-1.2766,17,-0.1241,22,0.29323,10,-0.9148,20,0.13942,18,-0.0036,3,-2.6294
ENSG00000139291,TMEM19,18,-0.9657,23,-0.6111,41,0.27297,56,0.77318,32,-0.1085,49,0.56941,29,-0.2684,30,-0.2247,31,-0.1804,36,0.07630
ENSG00000080371,RAB21,106,0.21462,141,0.68109,102,0.14253,61,-0.6526,67,-0.5087,123,0.44906,56,-0.7899,82,-0.1978,96,0.04839,96,0.05391
ENSG00000121749,TBC1D15,56,0.55860,68,0.89919,46,0.23540,28,-0.5467,42,0.09479,21,-0.9448,24,-0.7543,27,-0.5810,41,0.06814,42,0.08518
ENSG00000072657,TRHDE,2,-4.0508,52,0.29865,18,-1.3313,53,0.34191,80,1.02430,66,0.70857,52,0.30991,17,-1.3794,49,0.19705,40,-0.0927
ENSG00000253719,ATXN7L3B,84,-1.0513,171,0.05210,173,0.06888,171,0.05110,233,0.55842,246,0.64788,121,-0.4960,142,-0.2485,136,-0.3109,180,0.13201
ENSG00000166006,KCNC2,4,-5.4379,301,0.87727,82,-1.1928,190,0.10697,264,0.65198,311,0.93646,180,0.02363,112,-0.7153,151,-0.2582,179,0.01349
ENSG00000139278,GLIPR1,26,0.12291,49,1.18614,7,-1.8217,22,-0.1117,38,0.74553,36,0.66399,19,-0.3551,8,-1.5608,15,-0.7170,19,-0.3479
ENSG00000111615,KRR1,9,-1.9730,36,0.01813,43,0.33568,46,0.42595,34,-0.0767,39,0.16481,31,-0.1818,48,0.48649,44,0.35778,22,-0.7039
ENSG00000139289,PHLDA1,70,0.70627,79,0.92374,43,-0.0998,32,-0.5570,33,-0.4810,36,-0.3598,35,-0.3998,44,-0.0514,35,-0.4046,47,0.04617
ENSG00000187109,NAP1L1,520,0.89886,223,-0.4854,267,-0.1986,315,0.06237,377,0.35718,216,-0.5287,339,0.17986,205,-0.6162,242,-0.3558,325,0.11264
ENSG00000179941,BBS10,17,-0.2262,16,-0.2901,25,0.39333,31,0.71047,16,-0.3157,42,1.22333,11,-0.9560,18,-0.1184,12,-0.7588,10,-1.0131
ENSG00000091039,OSBPL8,16,-1.9543,84,0.55555,63,0.09293,83,0.53782,71,0.27694,93,0.73204,23,-1.4256,61,0.02952,64,0.10597,38,-0.6989
ENSG00000186908,ZDHHC17,60,-0.1269,115,0.94826,67,0.05168,66,0.02325,77,0.27260,90,0.52883,40,-0.7579,36,-0.8975,36,-0.9086,62,-0.0643
ENSG00000067798,NAV3,36,-0.3006,49,0.20781,46,0.11267,58,0.46222,61,0.57150,53,0.34217,31,-0.5405,32,-0.4545,36,-0.2686,29,-0.6084
ENSG00000067715,SYT1,205,-2.9126,1623,0.22523,910,-0.6891,2502,0.95489,2882,1.20680,1647,0.24887,918,-0.6763,738,-1.0093,1544,0.14408,1149,-0.3264
ENSG00000058272,PPP1R12A,33,-1.2758,84,0.18774,122,0.80402,75,-0.0060,82,0.14444,57,-0.4241,55,-0.4766,100,0.46858,66,-0.2080,75,0.01410
ENSG00000111052,LIN7A,6,-2.7058,68,1.03376,24,-0.6479,43,0.27944,55,0.66166,58,0.76721,21,-0.8635,27,-0.4748,28,-0.3958,34,-0.0836
ENSG00000139220,PPFIA2,41,-1.8788,149,0.08106,286,1.17601,171,0.30236,144,0.01692,114,-0.3514,64,-1.2336,104,-0.4866,194,0.50382,154,0.13069
ENSG00000133773,CCDC59,15,-0.0588,24,0.69396,16,0.00724,12,-0.4378,17,0.11503,7,-1.1718,17,0.13636,15,-0.0420,15,-0.0504,19,0.26018
ENSG00000072041,SLC6A15,14,-2.0633,93,0.88038,63,0.21806,43,-0.3562,100,1.01476,68,0.36468,32,-0.8347,36,-0.6324,53,-0.0330,42,-0.3934
ENSG00000182050,MGAT4C,15,-0.3092,19,0.01999,10,-0.8457,17,-0.1263,11,-0.7756,9,-1.0185,12,-0.6724,30,0.77865,20,0.17155,40,1.31356
ENSG00000133641,C12orf29,10,-2.0368,34,-0.2747,81,1.17902,26,-0.6526,31,-0.4029,50,0.34493,20,-1.0238,35,-0.2280,43,0.10359,71,0.94481
ENSG00000139324,TMTC3,18,-0.3415,14,-0.7440,30,0.45018,19,-0.2350,14,-0.6844,37,0.79738,13,-0.8312,19,-0.2916,31,0.49328,31,0.49437
ENSG00000049130,KITLG,1,-4.4498,14,-1.4555,94,1.59485,29,-0.4028,51,0.52171,27,-0.5010,42,0.19466,27,-0.4877,44,0.29145,41,0.16657
ENSG00000139318,DUSP6,9,-2.5911,34,-0.7268,77,0.57628,96,0.95167,84,0.71292,59,0.14875,32,-0.7876,31,-0.8725,81,0.67028,37,-0.6001
ENSG00000070961,ATP2B1,59,-2.7576,323,-0.1974,750,1.21417,410,0.18505,359,-0.0311,332,-0.1556,236,-0.6848,364,-0.0065,478,0.43510,347,-0.0857
ENSG00000271614,ATP2B1-AS1,2,-3.2365,21,-0.2176,51,1.23516,24,-0.0180,29,0.26533,19,-0.3659,15,-0.7358,21,-0.2372,39,0.76227,22,-0.1597
ENSG00000011465,DCN,44,-0.1574,102,1.23848,51,0.07594,13,-2.0088,8,-2.6281,23,-1.1691,13,-1.9417,67,0.50796,33,-0.6076,134,1.75492
ENSG00000133639,BTG1,31,-0.1134,47,0.59225,72,1.32231,21,-0.6998,11,-1.6170,13,-1.3995,18,-0.9478,39,0.25825,29,-0.2199,49,0.64115
ENSG00000102189,EEA1,26,-0.5499,33,-0.1844,49,0.45529,48,0.42087,48,0.43011,33,-0.1703,26,-0.5607,28,-0.4225,31,-0.2515,47,0.38439
ENSG00000173598,NUDT4,72,-1.5002,133,-0.5765,197,0.04051,249,0.41541,466,1.51888,188,-0.0358,181,-0.1023,118,-0.7628,188,-0.0377,133,-0.5835
ENSG00000177889,UBE2N,74,-1.3704,223,0.35033,170,-0.0928,271,0.67619,249,0.53091,236,0.44418,151,-0.2790,113,-0.7258,173,-0.0593,138,-0.4186
ENSG00000198015,MRPL42,33,-0.3883,72,0.87841,43,0.04357,25,-0.8199,57,0.49790,43,0.04394,27,-0.6985,41,-0.0480,42,0.00869,38,-0.1659
ENSG00000136040,PLXNC1,3,-3.0684,40,0.50548,24,-0.2912,28,-0.0397,31,0.11456,73,1.56520,19,-0.6406,19,-0.6339,28,-0.0313,24,-0.2830
ENSG00000184752,NDUFA12,57,-1.7819,242,0.43943,140,-0.4352,241,0.43888,170,-0.1285,356,1.10346,128,-0.5735,111,-0.7859,250,0.49688,148,-0.3463
ENSG00000120798,NR2C1,25,0.44619,22,0.20747,17,-0.1218,17,-0.1259,25,0.43233,17,-0.1936,15,-0.3457,16,-0.2458,12,-0.6787,23,0.29316
ENSG00000028203,VEZT,45,0.07083,34,-0.3658,38,-0.2138,41,-0.0687,74,0.89767,42,-0.0319,33,-0.4078,27,-0.7160,35,-0.3492,62,0.58085
ENSG00000111142,METAP2,99,0.84857,57,-0.0730,69,0.23179,47,-0.3851,53,-0.1877,67,0.17872,60,0.01618,57,-0.0602,34,-0.8475,52,-0.2063
ENSG00000074527,NTN4,9,-2.1145,88,1.47162,16,-1.2798,25,-0.5966,53,0.58407,71,1.08451,30,-0.3288,13,-1.5604,19,-1.0297,46,0.35663
ENSG00000139343,SNRPF,69,0.30731,64,0.18642,76,0.46465,71,0.36210,61,0.09561,70,0.34078,30,-0.9976,47,-0.3181,45,-0.3823,38,-0.6437
ENSG00000111144,LTA4H,16,-1.1059,27,-0.3608,35,0.04299,47,0.53540,54,0.73999,47,0.51521,23,-0.6126,25,-0.4967,34,0.00596,32,-0.0789
ENSG00000059758,CDK17,69,-0.4376,82,-0.1688,159,0.92055,109,0.27669,101,0.16084,79,-0.2284,67,-0.4992,62,-0.6160,99,0.12644,88,-0.0640
ENSG00000120802,TMPO,16,-0.9707,45,0.63578,40,0.43130,27,-0.1691,24,-0.4050,37,0.31002,12,-1.3679,40,0.43964,37,0.28544,27,-0.1874
ENSG00000075415,SLC25A3,203,-1.2423,455,0.00490,407,-0.1741,716,0.75336,577,0.39080,509,0.18412,331,-0.4946,310,-0.5982,580,0.39933,449,-0.0177
ENSG00000185046,ANKS1B,184,0.12814,165,-0.0468,309,0.99476,161,-0.0941,123,-0.5136,207,0.31303,106,-0.7336,105,-0.7493,247,0.60733,95,-0.9014
ENSG00000111647,UHRF1BP1L,9,-1.4620,19,-0.3728,37,0.72513,16,-0.6275,36,0.66397,45,1.05890,14,-0.8291,16,-0.6059,17,-0.4779,29,0.31573
ENSG00000075089,ACTR6,22,-1.3677,68,0.39904,54,0.04131,53,-0.0004,54,0.04263,83,0.72834,47,-0.1786,42,-0.3506,59,0.17665,47,-0.1842
ENSG00000136021,SCYL2,24,-0.5073,32,-0.0545,36,0.15550,45,0.50071,34,0.07602,38,0.22413,28,-0.2757,22,-0.6440,33,0.02093,37,0.20286
ENSG00000151572,ANO4,50,1.93172,11,-0.6264,17,0.04607,20,0.27744,15,-0.1868,13,-0.3558,6,-1.5012,20,0.32594,6,-1.4100,7,-1.2516
ENSG00000120805,ARL1,55,-0.4927,90,0.29425,83,0.16964,82,0.15790,56,-0.4441,103,0.52309,45,-0.7744,54,-0.4946,86,0.23505,92,0.33058
ENSG00000196091,MYBPC1,86,1.65109,37,0.19484,16,-1.1060,31,-0.0757,65,1.15097,13,-1.3517,17,-0.9930,36,0.14906,6,-2.3944,20,-0.7709
ENSG00000111666,CHPT1,68,-0.2532,83,0.05391,54,-0.6182,73,-0.1434,71,-0.1927,78,-0.0373,64,-0.3539,95,0.27760,61,-0.4190,153,1.08466
ENSG00000111670,GNPTAB,44,-0.6092,58,-0.2040,96,0.61494,53,-0.3287,58,-0.1957,87,0.45078,70,0.11438,71,0.13699,74,0.20351,44,-0.6185
ENSG00000120860,WASHC3,51,0.03279,32,-0.6908,43,-0.2310,46,-0.1201,62,0.34843,53,0.09559,31,-0.7613,35,-0.5420,81,0.79529,65,0.42968
ENSG00000139352,ASCL1,34,0.49386,12,-1.1037,16,-0.6676,32,0.38243,15,-0.8115,11,-1.1812,21,-0.2838,41,0.82251,29,0.25496,38,0.69530
ENSG00000111696,NT5DC3,3,-4.0536,60,0.02615,67,0.17983,69,0.24215,80,0.47557,47,-0.3544,33,-0.9292,45,-0.4252,105,0.93922,85,0.58426
ENSG00000166598,HSP90B1,175,-0.5404,292,0.27694,335,0.50087,261,0.09176,261,0.09487,255,0.05629,150,-0.7750,147,-0.8036,309,0.36654,278,0.19548
ENSG00000204954,C12orf73,11,-1.1856,37,0.70871,28,0.24514,15,-0.7268,35,0.60332,29,0.28940,21,-0.2383,17,-0.5226,22,-0.1399,26,0.10901
ENSG00000120837,NFYB,116,1.65284,31,-0.5553,43,-0.0559,44,-0.0248,46,0.06592,42,-0.0854,28,-0.7241,34,-0.4228,35,-0.3754,26,-0.8433
ENSG00000198431,TXNRD1,14,-1.6577,60,0.63446,40,-0.0170,55,0.47684,49,0.28585,54,0.45517,29,-0.5479,36,-0.1821,31,-0.4263,40,-0.0270
ENSG00000151131,C12orf45,22,0.32513,18,-0.0586,22,0.29717,9,-1.0836,13,-0.5123,21,0.21991,21,0.24759,18,0.00280,25,0.48395,13,-0.4879
ENSG00000136051,WASHC4,38,0.99113,19,-0.1807,20,-0.0643,16,-0.4331,23,0.15548,17,-0.3607,20,-0.0373,20,-0.0449,13,-0.7751,24,0.18387
ENSG00000136044,APPL2,28,0.50977,16,-0.3452,19,-0.0511,8,-1.4405,8,-1.3282,27,0.50038,10,-1.0132,31,0.70619,7,-1.5729,46,1.40178
ENSG00000074590,NUAK1,36,-2.3189,148,-0.1872,106,-0.7011,185,0.17306,374,1.38750,213,0.40305,194,0.24802,100,-0.7956,168,0.02078,137,-0.3024
ENSG00000136026,CKAP4,25,-0.3809,27,-0.2656,34,0.07872,41,0.37838,22,-0.5779,37,0.21469,28,-0.2460,32,-0.0063,27,-0.2695,49,0.69438
ENSG00000111785,RIC8B,15,-0.3455,10,-0.9296,23,0.32477,40,1.25135,19,0.04048,18,-0.0344,16,-0.1997,8,-1.1800,12,-0.6941,25,0.47131
ENSG00000151135,TMEM263,27,-0.3108,80,1.53358,25,-0.4089,34,0.08127,47,0.60042,17,-1.0023,22,-0.6311,29,-0.1637,21,-0.6477,23,-0.5208
ENSG00000151136,BTBD11,0,-7.9430,90,1.84559,12,-1.4819,11,-1.5761,10,-1.7439,55,0.94197,39,0.38030,26,-0.2693,18,-0.7975,50,0.78976
ENSG00000136045,PWP1,20,-0.9479,47,0.35817,53,0.57271,31,-0.2852,46,0.34161,58,0.72527,27,-0.4993,30,-0.3258,41,0.15733,19,-1.0088
ENSG00000110851,PRDM4,18,-0.0688,28,0.62132,18,-0.0774,31,0.75595,23,0.28255,8,-1.2760,10,-0.9744,14,-0.4856,18,-0.1006,23,0.31060
ENSG00000075035,WSCD2,3,-3.7615,31,-0.4396,46,0.20242,51,0.35239,46,0.19766,46,0.18426,35,-0.2355,23,-0.8457,43,0.10368,83,1.19081
ENSG00000075856,SART3,20,-0.8963,34,-0.0811,63,0.92341,29,-0.3147,21,-0.8524,68,1.06726,24,-0.6031,17,-1.1012,29,-0.3005,52,0.61677
ENSG00000136003,ISCU,82,-1.4910,268,0.34015,270,0.35551,301,0.53079,212,-0.0358,333,0.70521,176,-0.3302,112,-1.0260,250,0.22802,166,-0.4210
ENSG00000110880,CORO1C,46,0.46482,21,-0.7607,43,0.35054,40,0.23906,47,0.49459,24,-0.5573,28,-0.3565,33,-0.0962,40,0.22831,24,-0.5456
ENSG00000084112,SSH1,14,-0.9647,16,-0.7243,21,-0.3395,37,0.58422,29,0.20535,23,-0.1560,23,-0.1905,36,0.55455,19,-0.4865,40,0.69963
ENSG00000166111,SVOP,35,-1.6414,87,-0.2510,115,0.20285,154,0.68139,174,0.89951,137,0.48727,85,-0.2700,50,-1.0906,95,-0.0977,82,-0.3318
ENSG00000135093,USP30,24,0.19977,25,0.30781,26,0.37322,40,1.04848,15,-0.4780,17,-0.2880,13,-0.7653,11,-0.9996,24,0.20012,14,-0.5896
ENSG00000110906,KCTD10,17,-1.0469,24,-0.5292,35,0.02676,42,0.31301,27,-0.3434,78,1.40597,14,-1.3997,27,-0.3541,28,-0.3282,50,0.60807
ENSG00000151148,UBE3B,32,0.25917,14,-0.9686,30,0.18830,28,0.04176,26,-0.0641,28,0.06934,23,-0.2451,27,-0.0259,30,0.17282,32,0.26797
ENSG00000139428,MMAB,95,1.46914,17,-1.3217,36,-0.1769,37,-0.1377,33,-0.3111,42,0.08109,26,-0.6942,30,-0.4439,27,-0.6416,59,0.63715
ENSG00000139433,GLTP,185,3.30884,33,-0.0959,11,-1.7069,15,-1.2914,12,-1.6557,30,-0.2633,11,-1.7639,18,-1.0202,9,-2.0301,27,-0.4226
ENSG00000139436,GIT2,73,1.21484,29,-0.3174,32,-0.1668,31,-0.1957,29,-0.3305,47,0.47453,37,0.06110,27,-0.4160,25,-0.5322,24,-0.6162
ENSG00000174456,C12orf76,219,1.09728,67,-0.8296,106,-0.1073,102,-0.1675,213,1.04821,125,0.14525,62,-0.9486,54,-1.1490,106,-0.1104,84,-0.4791
ENSG00000174437,ATP2A2,112,-2.1492,569,0.34165,655,0.57549,500,0.13092,632,0.51576,540,0.25443,320,-0.5744,317,-0.5906,495,0.11538,470,0.03055
ENSG00000196510,ANAPC7,27,-0.5872,49,0.35411,58,0.63701,49,0.33872,53,0.47146,45,0.22400,30,-0.4305,26,-0.6329,26,-0.6364,31,-0.3902
ENSG00000111229,ARPC3,116,-0.6886,173,-0.0606,285,0.75669,182,0.01977,257,0.58092,158,-0.2063,105,-0.8404,117,-0.6680,238,0.45530,168,-0.1059
ENSG00000204856,FAM216A,8,-2.8280,103,1.15219,42,-0.3161,60,0.22792,77,0.65837,81,0.74042,37,-0.5030,16,-1.7318,59,0.21835,33,-0.6964
ENSG00000111237,VPS29,45,-1.3124,156,0.62387,158,0.63902,128,0.29079,106,-0.0100,106,-0.0105,79,-0.4695,77,-0.5204,134,0.36719,78,-0.4844
ENSG00000196850,PPTC7,15,-0.8104,21,-0.2544,20,-0.3512,29,0.25180,36,0.60720,32,0.42787,18,-0.5054,13,-0.9963,45,0.97571,19,-0.3776
ENSG00000186298,PPP1CC,87,-0.1567,154,0.76714,88,-0.1555,92,-0.0702,92,-0.0822,93,-0.0625,87,-0.1637,78,-0.3385,81,-0.2838,114,0.26986
ENSG00000111249,CUX2,0,-8.2737,10,-1.9897,121,1.98649,62,0.74141,7,-2.5412,29,-0.4693,37,-0.0960,37,-0.0794,55,0.54687,34,-0.2022
ENSG00000204842,ATXN2,40,-0.2323,57,0.35011,68,0.63444,42,-0.1291,31,-0.6274,47,0.03404,40,-0.2056,56,0.32278,46,0.00643,32,-0.5475
ENSG00000089234,BRAP,26,0.38532,22,0.11005,20,-0.0181,15,-0.5069,13,-0.7101,24,0.23768,27,0.41383,19,-0.1410,17,-0.3140,23,0.19500
ENSG00000111275,ALDH2,243,0.41811,167,-0.1827,150,-0.3509,128,-0.6029,114,-0.7763,150,-0.3550,191,0.03136,253,0.48529,162,-0.2297,318,0.87494
ENSG00000234608,MAPKAPK5-AS1,31,-0.1743,38,0.13379,24,-0.5750,88,1.61264,20,-0.8176,21,-0.7936,22,-0.7158,17,-1.0848,50,0.59269,35,0.03941
ENSG00000089022,MAPKAPK5,14,-1.1392,26,-0.1634,47,0.79155,27,-0.1168,26,-0.1787,32,0.16007,37,0.41271,19,-0.6214,17,-0.8089,44,0.68769
ENSG00000089248,ERP29,89,-0.0133,115,0.39995,94,0.07027,80,-0.1765,96,0.10934,147,0.82247,51,-0.8693,71,-0.3566,51,-0.8808,102,0.20650
ENSG00000111300,NAA25,21,-0.2029,35,0.67130,22,-0.0747,22,-0.1052,16,-0.6157,15,-0.7254,10,-1.2974,11,-1.1730,26,0.18247,57,1.50545
ENSG00000173064,HECTD4,44,-0.9945,105,0.37478,90,0.11328,71,-0.2653,127,0.68804,93,0.17453,62,-0.4760,71,-0.2471,76,-0.1512,97,0.23366
ENSG00000089009,RPL6,857,0.82071,594,0.20937,490,-0.1022,476,-0.1477,526,0.01340,398,-0.4261,521,-0.0020,446,-0.2480,360,-0.5829,550,0.08533
ENSG00000179295,PTPN11,288,1.00818,159,0.01614,142,-0.1612,139,-0.1995,127,-0.3364,118,-0.4577,132,-0.2824,122,-0.3981,188,0.28926,159,0.01566
ENSG00000089169,RPH3A,53,-1.8921,267,0.60160,217,0.25823,174,-0.1002,250,0.49395,204,0.16111,180,-0.0455,150,-0.3260,152,-0.3050,201,0.13136
ENSG00000135144,DTX1,19,-0.6718,44,0.61295,40,0.47655,28,-0.1026,26,-0.1980,35,0.22752,30,0.01058,32,0.09981,13,-1.2141,32,0.08892
ENSG00000111344,RASAL1,48,0.99323,17,-0.6616,53,1.17610,23,-0.2405,52,1.13581,24,-0.1352,9,-1.5834,10,-1.4125,11,-1.3093,16,-0.8059
ENSG00000123064,DDX54,49,0.52724,25,-0.5376,90,1.59420,26,-0.4526,26,-0.4574,30,-0.2414,19,-0.9704,28,-0.3505,28,-0.3754,32,-0.1488
ENSG00000139405,RITA1,14,-1.2736,29,-0.1942,30,-0.1274,29,-0.1436,50,0.71985,51,0.73243,27,-0.2701,20,-0.7255,47,0.60333,26,-0.3234
ENSG00000186815,TPCN1,58,0.95304,43,0.45489,36,0.16225,28,-0.2271,29,-0.1783,21,-0.6984,22,-0.6299,25,-0.4026,28,-0.2159,35,0.12684
ENSG00000151176,PLBD2,32,-0.4921,39,-0.1730,32,-0.5021,52,0.27813,113,1.61940,41,-0.1079,33,-0.4336,32,-0.4966,35,-0.3499,30,-0.5970
ENSG00000123066,MED13L,11,-1.3333,45,0.85542,22,-0.3118,23,-0.1998,24,-0.1914,10,-1.4733,19,-0.5319,24,-0.1875,40,0.64370,50,1.02779
ENSG00000111412,C12orf49,25,-0.9112,28,-0.7663,35,-0.4356,36,-0.4002,40,-0.2063,82,0.94971,44,-0.0744,44,-0.0884,62,0.48244,65,0.55519
ENSG00000135119,RNFT2,22,-1.0347,45,0.09597,58,0.48326,68,0.75976,42,-0.0099,58,0.49001,22,-0.9832,36,-0.2616,43,-0.0013,33,-0.4072
ENSG00000088992,TESC,8,-2.0281,27,-0.2426,29,-0.1158,54,0.86720,33,0.08269,58,1.00093,20,-0.6795,23,-0.4730,30,-0.0909,33,0.08547
ENSG00000135108,FBXO21,45,-1.0166,105,0.30659,114,0.44566,96,0.16962,61,-0.5572,109,0.36540,95,0.14712,90,0.05438,60,-0.5670,92,0.09977
ENSG00000171435,KSR2,7,-2.1557,40,0.43802,59,1.11477,42,0.51505,22,-0.4785,23,-0.4178,23,-0.4387,37,0.31079,33,0.14185,17,-0.8750
ENSG00000176871,WSB2,127,-1.0787,232,-0.1409,222,-0.2091,331,0.43374,402,0.76049,268,0.08555,289,0.21000,163,-0.6912,269,0.09431,234,-0.1311
ENSG00000089220,PEBP1,1068,-0.1657,1187,0.00300,1422,0.29555,1394,0.26335,1704,0.59651,1067,-0.1670,1037,-0.2111,977,-0.3050,1226,0.05542,764,-0.6879
ENSG00000135090,TAOK3,43,-0.0735,63,0.53008,61,0.46308,46,0.01810,39,-0.2501,52,0.21439,43,-0.0926,54,0.28356,29,-0.7007,25,-0.9284
ENSG00000111707,SUDS3,24,-0.4631,44,0.49723,33,0.01920,23,-0.5450,45,0.52669,37,0.22717,30,-0.1364,18,-0.8662,33,0.04449,37,0.19345
ENSG00000139767,SRRM4,12,-2.3652,50,-0.2173,74,0.41847,60,0.07744,81,0.56142,94,0.81118,47,-0.2986,39,-0.6138,65,0.20419,51,-0.1789
ENSG00000152137,HSPB8,176,1.01941,113,0.27712,81,-0.2661,90,-0.0979,98,0.03762,81,-0.2625,48,-1.0747,97,0.02214,90,-0.0949,82,-0.2397
ENSG00000111725,PRKAB1,19,-0.2358,34,0.69805,20,-0.1524,17,-0.3774,21,-0.0822,21,-0.0825,22,0.01800,13,-0.8068,29,0.42789,25,0.16151
ENSG00000122966,CIT,22,-2.3961,118,0.11609,202,1.01384,131,0.28583,86,-0.3841,104,-0.0834,63,-0.8582,104,-0.0888,163,0.64182,105,-0.0680
ENSG00000135127,BICDL1,3,-2.6733,13,-0.6039,36,1.02919,19,-0.0418,20,0.06467,42,1.31128,7,-1.4462,9,-1.1199,22,0.20284,21,0.16886
ENSG00000111737,RAB35,24,-0.3224,21,-0.5328,32,0.16579,31,0.10651,43,0.62542,30,0.02284,25,-0.2482,17,-0.7912,36,0.33811,33,0.19165
ENSG00000089154,GCN1,28,0.50168,24,0.22744,20,-0.0208,18,-0.2533,26,0.35466,29,0.55646,15,-0.4812,22,0.07695,7,-1.6812,18,-0.2034
ENSG00000089157,RPLP0,473,1.10780,293,0.28899,173,-0.5419,140,-0.8679,178,-0.5016,161,-0.6514,264,0.11950,207,-0.2640,211,-0.2353,346,0.56897
ENSG00000111775,COX6A1,491,-0.7728,1029,0.39850,715,-0.1898,925,0.22304,755,-0.1039,1157,0.59453,829,0.04645,619,-0.4155,757,-0.0980,776,-0.0591
ENSG00000170855,TRIAP1,17,-0.0604,26,0.69051,16,-0.0679,6,-1.5539,12,-0.5549,13,-0.4842,18,0.02633,13,-0.3908,18,0.10291,33,1.06924
ENSG00000257218,GATC,12,-1.0405,43,0.98327,27,0.19491,20,-0.2368,24,-0.0143,52,1.32497,6,-2.0239,11,-1.1059,19,-0.3377,23,-0.0603
ENSG00000111786,SRSF9,90,-0.1980,166,0.80485,114,0.18458,116,0.20546,104,0.03840,78,-0.4131,77,-0.4486,98,-0.0665,84,-0.3063,92,-0.1616
ENSG00000088986,DYNLL1,540,-0.9561,994,-0.0049,1486,0.65598,1270,0.39403,1351,0.49610,930,-0.1117,784,-0.3797,690,-0.5782,1006,0.01398,919,-0.1294
ENSG00000110871,COQ5,23,0.50866,8,-1.1534,9,-1.0156,9,-0.9569,27,0.74287,12,-0.5246,19,0.13998,10,-0.7926,31,1.00542,22,0.42063
ENSG00000022840,RNF10,92,0.24823,93,0.26412,72,-0.1482,101,0.39319,69,-0.2058,75,-0.0858,56,-0.5501,67,-0.2533,69,-0.2203,96,0.31875
ENSG00000167272,POP5,10,-0.9742,21,0.11549,16,-0.2567,21,0.18516,14,-0.4775,24,0.39766,17,-0.1513,17,-0.1764,22,0.20227,28,0.62619
ENSG00000157782,CABP1,38,-3.1347,178,-0.8398,413,0.49368,552,0.99277,420,0.52413,433,0.57405,330,0.12907,156,-1.0412,305,-0.0010,224,-0.4862
ENSG00000110917,MLEC,64,0.28840,66,0.34480,55,0.04880,53,-0.0119,46,-0.2259,59,0.16535,52,-0.0290,45,-0.2755,36,-0.6039,57,0.10209
ENSG00000175970,UNC119B,45,1.16102,33,0.64318,9,-1.3695,22,-0.0176,18,-0.3171,25,0.16716,8,-1.5703,29,0.39955,17,-0.4440,18,-0.3385
ENSG00000157837,SPPL3,90,-0.0661,99,0.10149,128,0.51476,100,0.11438,134,0.58765,91,-0.0407,61,-0.6665,89,-0.0720,72,-0.4185,70,-0.4580
ENSG00000157895,C12orf43,18,-0.8465,23,-0.5115,39,0.33030,29,-0.1589,42,0.42011,53,0.83302,33,0.05108,16,-1.0476,24,-0.4690,43,0.46793
ENSG00000089041,P2RX7,74,2.54277,16,-0.1940,34,1.02394,5,-1.9942,3,-2.7276,10,-0.9744,6,-1.6023,11,-0.7283,15,-0.3201,10,-0.8745
ENSG00000110931,CAMKK2,43,-2.0545,107,-0.7003,281,0.85107,252,0.66481,155,-0.1275,167,-0.0143,214,0.39189,157,-0.1126,138,-0.3167,167,-0.0087
ENSG00000089053,ANAPC5,185,1.28309,72,-0.3003,104,0.28449,51,-0.8133,77,-0.1889,103,0.26875,38,-1.2547,67,-0.4187,81,-0.1104,91,0.06762
ENSG00000170633,RNF34,29,-0.4634,43,0.14315,53,0.46248,46,0.23099,29,-0.5139,53,0.45696,28,-0.5353,29,-0.4997,50,0.36230,37,-0.0916
ENSG00000089094,KDM2B,17,-0.7114,31,0.21700,20,-0.4854,12,-1.1873,25,-0.1706,32,0.24345,35,0.40072,23,-0.2554,47,0.89697,31,0.17448
ENSG00000139725,RHOF,2,-2.9057,15,-0.1630,16,-0.1231,31,1.02911,24,0.58063,22,0.39804,15,-0.1989,9,-0.9239,13,-0.4092,21,0.38500
ENSG00000139718,SETD1B,13,-0.4768,26,0.62959,29,0.78121,14,-0.3367,11,-0.7858,11,-0.7382,12,-0.6061,15,-0.2627,25,0.57586,21,0.29973
ENSG00000110801,PSMD9,26,0.12903,43,0.98620,27,0.18105,17,-0.4820,16,-0.6220,30,0.38664,19,-0.3680,20,-0.2709,11,-1.1821,29,0.31249
ENSG00000110987,BCL7A,14,-1.8458,44,-0.1237,67,0.57143,63,0.45366,58,0.31502,53,0.18515,29,-0.7624,35,-0.4626,35,-0.4653,76,0.77246
ENSG00000175727,MLXIP,24,0.38798,28,0.67524,18,0.00116,10,-0.9023,15,-0.3349,20,0.15826,14,-0.4381,10,-0.8740,18,-0.0530,27,0.61264
ENSG00000139719,VPS33A,17,-0.8996,37,0.25801,15,-1.1428,65,1.23201,32,0.05047,41,0.43773,15,-1.1331,15,-1.1541,39,0.35993,36,0.25467
ENSG00000130779,CLIP1,24,-1.7304,107,0.53681,129,0.86469,95,0.35417,99,0.42154,74,-0.0519,45,-0.8389,71,-0.1209,76,-0.0136,45,-0.8136
ENSG00000111011,RSRC2,36,-0.9714,88,0.43053,69,0.05030,68,0.02280,73,0.13822,91,0.49454,57,-0.2643,48,-0.5120,65,-0.0424,76,0.19530
ENSG00000139726,DENR,44,-0.7417,87,0.32152,63,-0.2045,99,0.54559,89,0.35585,82,0.23293,53,-0.4578,58,-0.3346,73,0.03560,64,-0.1639
ENSG00000130787,HIP1R,332,3.02638,49,-0.5615,32,-1.1735,24,-1.6411,38,-0.9332,32,-1.2048,35,-1.0632,64,-0.1341,39,-0.9056,51,-0.4732
ENSG00000139722,VPS37B,26,0.77823,16,0.02689,37,1.39384,13,-0.2780,17,0.11782,12,-0.4583,7,-1.1585,18,0.12897,3,-2.4397,11,-0.5601
ENSG00000150967,ABCB9,17,-0.5286,19,-0.2950,30,0.41540,34,0.59299,20,-0.2183,11,-1.1597,18,-0.4105,22,-0.0852,31,0.43453,32,0.49977
ENSG00000182196,ARL6IP4,271,0.47776,177,-0.2095,218,0.12187,138,-0.6037,247,0.32377,219,0.12854,194,-0.0709,153,-0.4427,130,-0.6874,276,0.50454
ENSG00000090975,PITPNM2,13,-1.3089,18,-0.8125,67,1.36572,23,-0.4052,15,-1.0294,31,0.06500,22,-0.4746,49,0.81896,30,-0.0179,31,0.07853
ENSG00000051825,MPHOSPH9,16,0.02699,8,-0.9464,18,0.22547,14,-0.1678,15,-0.0967,27,0.87294,10,-0.7245,13,-0.2722,14,-0.1842,22,0.54229
ENSG00000130921,C12orf65,10,-0.8952,15,-0.2499,29,0.76086,16,-0.1830,30,0.78771,20,0.16632,12,-0.6250,19,0.09700,15,-0.3459,15,-0.2589
ENSG00000111328,CDK2AP1,367,1.55294,108,-0.5020,132,-0.1946,87,-0.8467,61,-1.3692,71,-1.1410,116,-0.4018,222,0.65286,136,-0.1484,191,0.40307
ENSG00000139697,SBNO1,18,-1.9558,100,0.65203,54,-0.3361,73,0.12981,49,-0.4942,67,0.00137,70,0.07100,56,-0.2903,72,0.10874,112,0.84340
ENSG00000183955,KMT5A,24,0.02115,19,-0.3815,40,0.82593,27,0.17846,39,0.80286,22,-0.0913,16,-0.6069,21,-0.1643,16,-0.6095,14,-0.7756
ENSG00000184209,SNRNP35,31,0.65811,38,1.03330,22,0.08937,19,-0.1156,12,-0.7689,10,-1.0245,16,-0.3637,14,-0.5743,27,0.41773,15,-0.4411
ENSG00000188026,RILPL1,58,0.89720,22,-0.6255,44,0.44260,36,0.09918,37,0.13254,22,-0.6544,29,-0.2439,23,-0.5555,32,-0.0920,33,-0.0188
ENSG00000086598,TMED2,81,-0.3745,134,0.44200,95,-0.1185,101,-0.0140,83,-0.3325,130,0.39381,80,-0.3858,97,-0.0761,77,-0.4394,143,0.55136
ENSG00000111361,EIF2B1,11,-1.7013,45,0.41074,50,0.59349,38,0.13491,30,-0.2641,51,0.59918,26,-0.4704,25,-0.4941,28,-0.3390,45,0.41570
ENSG00000111358,GTF2H3,22,0.06608,21,-0.0344,19,-0.1334,24,0.20963,21,-0.0343,22,0.07769,15,-0.5526,21,-0.0298,22,0.06926,25,0.24407
ENSG00000119242,CCDC92,80,-0.8317,132,-0.0499,130,-0.0656,162,0.28522,222,0.81131,144,0.08930,92,-0.6182,124,-0.1478,171,0.36898,103,-0.4324
ENSG00000179195,ZNF664,148,1.59839,67,0.21405,61,0.05388,28,-1.1530,40,-0.6112,70,0.28350,56,-0.0658,45,-0.4236,34,-0.8239,38,-0.6854
ENSG00000196498,NCOR2,103,0.54268,63,-0.2594,119,0.78071,63,-0.2619,75,0.02608,55,-0.4785,73,-0.0133,47,-0.6969,47,-0.7051,95,0.40233
ENSG00000073060,SCARB1,64,0.65462,40,-0.1164,62,0.59082,29,-0.6204,20,-1.1631,50,0.23797,36,-0.2663,61,0.56176,28,-0.6793,40,-0.1000
ENSG00000150991,UBC,740,-0.8119,1397,0.18681,1225,-0.0246,1575,0.38338,1570,0.37754,1196,-0.0629,836,-0.6246,1041,-0.2826,1565,0.37229,1297,0.06629
ENSG00000184992,BRI3BP,43,-0.8210,84,0.21898,83,0.20015,80,0.14162,98,0.47477,76,0.06301,57,-0.4024,56,-0.4353,100,0.50347,56,-0.4212
ENSG00000081760,AACS,19,-1.6626,50,-0.1817,93,0.82669,84,0.64657,104,1.01518,66,0.25384,27,-1.1574,46,-0.3284,50,-0.2034,26,-1.1731
ENSG00000139364,TMEM132B,40,-1.3710,64,-0.6682,141,0.59366,127,0.42374,71,-0.5079,103,0.07606,77,-0.3906,99,0.01998,120,0.32682,139,0.56454
ENSG00000256193,LINC00507,0,-6.4154,7,-2.4673,195,3.16598,24,-0.7093,8,-2.2696,8,-2.3486,23,-0.8277,33,-0.2434,54,0.54908,34,-0.2102
ENSG00000139370,SLC15A4,31,0.79448,33,0.86742,17,-0.2112,18,-0.0900,10,-1.0318,14,-0.4711,12,-0.7184,23,0.28742,17,-0.1826,17,-0.1645
ENSG00000151948,GLT1D1,12,-1.2782,33,0.31715,23,-0.2921,42,0.72042,32,0.28356,37,0.49707,21,-0.3722,14,-0.9881,22,-0.3376,35,0.41524
ENSG00000151952,TMEM132D,0,-6.7455,11,-0.6404,28,0.87536,18,0.15664,6,-1.4650,28,0.88073,28,0.88991,11,-0.5423,16,-0.0196,17,0.06237
ENSG00000060709,RIMBP2,6,-2.9795,58,0.26157,83,0.86773,39,-0.3398,76,0.71243,22,-1.2342,50,0.04056,48,-0.0375,43,-0.1965,65,0.44680
ENSG00000132341,RAN,132,-1.2379,287,-0.0406,352,0.28606,352,0.28789,416,0.56616,446,0.68033,215,-0.4972,224,-0.4299,329,0.17922,193,-0.6664
ENSG00000061936,SFSWAP,77,1.79545,28,0.05083,23,-0.2750,14,-1.0032,24,-0.1904,40,0.59003,18,-0.6312,21,-0.4138,14,-1.0001,14,-0.9818
ENSG00000198598,MMP17,9,-2.5112,80,0.75327,81,0.79045,55,0.14444,48,-0.0699,62,0.34001,54,0.12186,36,-0.4990,35,-0.5501,41,-0.3099
ENSG00000177169,ULK1,17,-1.8846,50,-0.2929,69,0.20894,71,0.26688,78,0.40753,74,0.32679,49,-0.3424,57,-0.0990,56,-0.1262,84,0.52906
ENSG00000183495,EP400,25,-0.1699,40,0.58557,31,0.19966,44,0.74473,23,-0.3212,25,-0.1808,16,-0.8264,19,-0.5722,24,-0.2369,31,0.17534
ENSG00000185163,DDX51,43,0.53309,41,0.43294,23,-0.4351,22,-0.5172,47,0.67049,19,-0.7446,29,-0.1130,27,-0.1954,14,-1.1532,44,0.56795
ENSG00000184967,NOC4L,11,-0.9149,23,0.25620,27,0.54165,20,0.02152,18,-0.1454,16,-0.3361,11,-0.8124,7,-1.5959,24,0.31004,39,1.15557
ENSG00000182870,GALNT9,18,-2.1787,80,0.03878,103,0.45357,116,0.66080,105,0.48678,85,0.14147,66,-0.2659,71,-0.1393,57,-0.4942,77,-0.0180
ENSG00000112787,FBRSL1,50,0.41925,64,0.84276,61,0.76139,29,-0.4361,36,-0.0942,26,-0.6198,33,-0.2375,35,-0.1270,19,-1.0384,30,-0.3814
ENSG00000176894,PXMP2,15,-0.5487,30,0.49974,17,-0.3654,17,-0.3564,22,0.03590,28,0.40191,19,-0.2052,22,0.00953,19,-0.2053,28,0.39775
ENSG00000247077,PGAM5,2,-4.0124,40,0.23152,53,0.70378,34,-0.0308,58,0.86363,32,-0.1055,28,-0.3033,26,-0.4085,34,-0.0118,36,0.08668
ENSG00000176915,ANKLE2,33,-0.1588,31,-0.2524,30,-0.3089,40,0.15842,29,-0.3263,31,-0.2322,25,-0.5875,30,-0.3085,65,0.96655,49,0.47944
ENSG00000090615,GOLGA3,48,-0.0551,54,0.13864,66,0.47839,40,-0.3467,69,0.54988,38,-0.4090,57,0.24214,46,-0.1169,46,-0.0956,29,-0.8099
ENSG00000198040,ZNF84,52,0.75644,45,0.51738,33,0.01850,16,-1.0801,37,0.22468,55,0.86064,18,-0.9373,25,-0.4103,23,-0.5532,22,-0.5961
ENSG00000196199,MPHOSPH8,37,-1.1027,73,-0.0483,106,0.54166,68,-0.1664,68,-0.1788,66,-0.2213,95,0.36362,72,-0.0746,120,0.75152,53,-0.5623
ENSG00000121390,PSPC1,23,-1.4184,77,0.47948,64,0.18348,73,0.38700,61,0.09822,57,-0.0112,35,-0.7675,41,-0.5181,63,0.15796,79,0.52553
ENSG00000121741,ZMYM2,56,0.09835,82,0.70336,48,-0.1683,50,-0.0819,42,-0.3554,69,0.43385,30,-0.8740,49,-0.1249,55,0.04481,49,-0.1220
ENSG00000121742,GJB6,6,-3.4687,104,0.72570,29,-1.2504,43,-0.6757,46,-0.5878,24,-1.5234,52,-0.3827,163,1.53315,59,-0.1880,139,1.24469
ENSG00000165475,CRYL1,100,1.63534,43,0.16785,28,-0.4816,14,-1.4986,28,-0.5030,23,-0.8240,34,-0.2060,53,0.51720,11,-1.8482,52,0.47938
ENSG00000278291,AL161772.1,35,-1.1409,42,-0.8755,119,0.77873,79,0.11316,84,0.21370,94,0.38578,52,-0.5348,85,0.22204,85,0.21786,64,-0.2355
ENSG00000172458,IL17D,119,1.45614,63,0.36051,38,-0.4336,26,-1.0010,33,-0.6738,21,-1.3296,44,-0.2186,73,0.59551,31,-0.7514,57,0.19212
ENSG00000150459,SAP18,334,0.69375,291,0.45824,180,-0.3135,235,0.11391,193,-0.2015,241,0.15074,147,-0.6321,118,-0.9646,265,0.30477,190,-0.2313
ENSG00000173141,MRPL57,63,-0.7272,90,-0.1761,121,0.30587,107,0.10653,99,-0.0249,151,0.67226,70,-0.5597,68,-0.6108,96,-0.0724,138,0.52189
ENSG00000180776,ZDHHC20,71,1.23020,32,-0.1060,34,0.01068,20,-0.7888,33,-0.0583,22,-0.6870,40,0.25944,22,-0.6782,27,-0.3875,40,0.25372
ENSG00000165487,MICU2,25,-0.5252,52,0.67432,50,0.60023,34,-0.0246,42,0.29987,31,-0.1669,20,-0.8586,33,-0.0844,43,0.35744,16,-1.1557
ENSG00000102678,FGF9,0,-7.4696,17,-0.5895,25,0.03421,33,0.46796,29,0.30217,44,0.96983,24,-0.0513,15,-0.7608,18,-0.4444,40,0.80063
ENSG00000151835,SACS,56,-0.0318,50,-0.1949,41,-0.5228,103,0.99911,62,0.13887,76,0.46706,48,-0.2673,43,-0.4307,48,-0.2780,41,-0.4918
ENSG00000165566,AMER2,402,2.16521,117,-0.0470,71,-0.8306,78,-0.6741,91,-0.4438,98,-0.3201,101,-0.2752,108,-0.1806,54,-1.2237,85,-0.5539
ENSG00000139505,MTMR6,45,-0.6989,93,0.46699,79,0.20228,86,0.33468,80,0.21851,68,-0.0398,60,-0.2401,48,-0.5908,70,-0.0004,70,-0.0020
ENSG00000139496,NUP58,37,-0.0344,29,-0.3755,42,0.19778,47,0.35256,70,1.04368,36,-0.0469,20,-0.9516,26,-0.5770,34,-0.1289,32,-0.2288
ENSG00000132932,ATP8A2,10,-2.5592,47,-0.2805,45,-0.3438,83,0.64937,83,0.63681,84,0.65752,53,-0.0782,41,-0.5020,53,-0.0987,62,0.15892
ENSG00000127870,RNF6,23,-1.4670,73,0.30185,87,0.60418,75,0.34880,74,0.33213,70,0.24850,24,-1.4040,40,-0.6463,63,0.06469,74,0.32839
ENSG00000132970,WASF3,124,-0.5215,412,1.48839,126,-0.5066,130,-0.4575,150,-0.2244,200,0.23164,128,-0.4801,173,-0.0012,164,-0.0830,125,-0.5132
ENSG00000132975,GPR12,3,-2.6995,48,1.32406,18,-0.2656,23,0.08541,26,0.26583,29,0.43007,11,-0.9849,20,-0.1650,15,-0.5304,25,0.19250
ENSG00000152484,USP12,70,0.61478,41,-0.2490,47,-0.0189,52,0.14834,46,-0.0541,54,0.18930,34,-0.5233,37,-0.3804,38,-0.3760,58,0.32581
ENSG00000122026,RPL21,2279,1.72444,918,0.12697,734,-0.2303,441,-1.0165,687,-0.3336,519,-0.7683,669,-0.3757,794,-0.1058,765,-0.1640,676,-0.3594
ENSG00000122034,GTF3A,56,-0.7351,90,0.00028,94,0.06886,137,0.68591,111,0.32332,102,0.19838,78,-0.2409,79,-0.2059,87,-0.0674,69,-0.4218
ENSG00000122033,MTIF3,51,-0.0482,57,0.12020,57,0.14252,48,-0.1486,63,0.28617,77,0.63357,41,-0.3809,53,0.02715,36,-0.5902,42,-0.3643
ENSG00000186184,POLR1D,29,-0.8743,91,0.95522,46,-0.1476,46,-0.1575,64,0.35760,64,0.35879,45,-0.1827,34,-0.6209,62,0.30701,29,-0.8750
ENSG00000102755,FLT1,23,0.32024,26,0.51394,4,-2.2154,5,-1.9649,3,-2.8091,9,-1.1435,24,0.41747,31,0.81606,11,-0.8530,53,1.77805
ENSG00000132963,POMP,173,-0.0433,145,-0.3248,173,-0.0394,156,-0.2017,247,0.54096,239,0.48223,175,-0.0200,122,-0.5901,155,-0.2109,190,0.10764
ENSG00000132938,MTUS2,0,-5.3149,24,0.71484,21,0.48504,22,0.54146,6,-1.3594,11,-0.5278,18,0.26168,13,-0.3173,21,0.48239,19,0.32713
ENSG00000139514,SLC7A1,31,-0.4475,57,0.53041,35,-0.2489,20,-1.1269,49,0.27860,54,0.42891,44,0.10351,26,-0.7302,45,0.13757,52,0.36553
ENSG00000122042,UBL3,141,-0.2125,194,0.29313,149,-0.1332,186,0.22917,130,-0.3421,196,0.30980,125,-0.3987,165,0.03464,185,0.21467,145,-0.1735
ENSG00000102781,KATNAL1,52,0.41340,35,-0.2203,22,-0.9243,52,0.39199,23,-0.8736,45,0.18443,43,0.10051,14,-1.5601,65,0.76698,53,0.43272
ENSG00000189403,HMGB1,447,0.37467,383,0.12273,423,0.28530,288,-0.3286,288,-0.3277,362,0.03342,236,-0.6393,302,-0.2575,492,0.53336,326,-0.1326
ENSG00000120694,HSPH1,50,-2.6884,287,-0.0712,420,0.55142,557,1.03730,328,0.14445,421,0.55452,208,-0.5765,156,-1.0147,321,0.11066,250,-0.2877
ENSG00000187676,B3GLCT,23,0.35257,25,0.48340,22,0.32516,12,-0.6226,26,0.55741,13,-0.4952,13,-0.5522,18,0.02461,19,0.05845,11,-0.7365
ENSG00000073910,FRY,15,-2.4255,59,-0.3843,125,0.83484,111,0.64201,71,-0.0991,69,-0.1420,79,0.07814,63,-0.2799,94,0.35668,67,-0.1807
ENSG00000139597,N4BP2L1,34,-0.5295,54,0.18559,60,0.35574,57,0.27860,63,0.43184,66,0.52251,31,-0.6679,27,-0.8966,38,-0.3596,50,0.05867
ENSG00000244754,N4BP2L2,95,0.97928,57,0.13138,53,0.01481,34,-0.6719,59,0.19898,45,-0.2527,26,-1.0813,68,0.42716,66,0.37776,21,-1.3688
ENSG00000083642,PDS5B,39,-1.4389,117,0.24270,108,0.10525,138,0.51158,110,0.13308,99,-0.0319,89,-0.2012,101,-0.0078,126,0.35206,83,-0.3062
ENSG00000133121,STARD13,12,-0.7824,33,0.77772,11,-0.9443,12,-0.8154,40,1.12209,33,0.77638,24,0.25354,14,-0.5619,12,-0.7946,13,-0.7115
ENSG00000172915,NBEA,16,-2.8827,136,0.36578,116,0.10773,114,0.08328,135,0.35846,143,0.45191,95,-0.2099,81,-0.4626,134,0.34637,114,0.07872
ENSG00000133083,DCLK1,82,-2.3456,367,-0.0727,182,-1.1519,736,1.09386,752,1.13315,537,0.54837,428,0.17743,160,-1.3543,398,0.05873,195,-1.0477
ENSG00000133104,SPART,124,1.07605,95,0.61247,75,0.23184,44,-0.6104,53,-0.3149,67,0.05758,39,-0.7867,47,-0.5029,49,-0.4418,57,-0.2167
ENSG00000180440,SERTM1,4,-3.1485,56,0.58379,63,0.76082,41,0.06011,24,-0.7630,47,0.28694,28,-0.5142,21,-0.9761,56,0.58165,53,0.47240
ENSG00000120697,ALG5,39,0.78332,24,-0.0471,25,0.06680,33,0.46367,24,-0.0092,24,-0.0139,15,-0.7342,19,-0.3774,28,0.24577,12,-1.1123
ENSG00000102710,SUPT20H,33,1.14990,10,-0.8128,22,0.45112,12,-0.5305,16,-0.0790,13,-0.3851,15,-0.1000,11,-0.6598,8,-1.1114,26,0.74838
ENSG00000120686,UFM1,85,0.43612,73,0.18856,87,0.48093,68,0.07192,63,-0.0482,42,-0.6700,59,-0.1603,45,-0.5620,51,-0.3667,75,0.24041
ENSG00000120685,PROSER1,17,0.05366,14,-0.2809,23,0.51829,26,0.71770,17,0.08492,17,0.08490,4,-1.9943,11,-0.6042,16,-0.0494,19,0.26770
ENSG00000188811,NHLRC3,23,0.49659,24,0.59504,16,-0.1120,17,0.02310,20,0.30155,19,0.16514,18,0.11393,17,0.05339,5,-1.6936,8,-1.0498
ENSG00000183722,LHFPL6,43,-0.0143,25,-0.8504,25,-0.8593,36,-0.2828,64,0.66423,72,0.85889,41,-0.0820,38,-0.1886,37,-0.2212,49,0.19969
ENSG00000133103,COG6,14,-0.8420,13,-1.0151,40,0.79738,31,0.36736,29,0.25431,22,-0.1702,19,-0.4218,29,0.25519,16,-0.6319,33,0.48827
ENSG00000102738,MRPS31,10,-0.8637,13,-0.4298,26,0.68738,14,-0.2943,21,0.33076,28,0.82851,19,0.15716,15,-0.2079,19,0.13746,6,-1.5282
ENSG00000120688,WBP4,16,-0.9169,23,-0.3691,39,0.42994,41,0.52904,34,0.19813,27,-0.1527,23,-0.3808,22,-0.4857,36,0.30882,36,0.29269
ENSG00000165572,KBTBD6,51,-0.2031,54,-0.1204,73,0.37761,43,-0.4551,74,0.40332,97,0.84647,55,-0.0825,43,-0.4631,41,-0.5577,49,-0.2816
ENSG00000120696,KBTBD7,20,-0.4963,84,1.97670,24,-0.1749,17,-0.7494,17,-0.7506,24,-0.1709,16,-0.8068,17,-0.7174,25,-0.1466,29,0.08019
ENSG00000102760,RGCC,270,1.97685,61,-0.5734,81,-0.1451,55,-0.7258,41,-1.1666,48,-0.9273,67,-0.4260,91,0.04416,85,-0.0541,83,-0.1025
ENSG00000102780,DGKH,8,-1.0764,18,0.15045,10,-0.7809,20,0.35640,27,0.83511,18,0.14402,7,-1.2683,10,-0.7900,23,0.55857,22,0.49031
ENSG00000023516,AKAP11,76,-1.4974,272,0.49365,258,0.40670,186,-0.1242,252,0.36455,184,-0.1358,112,-0.9092,202,0.01278,281,0.54812,186,-0.1234
ENSG00000120675,DNAJC15,83,0.78026,96,1.01977,48,-0.1094,42,-0.3366,37,-0.5132,33,-0.7138,44,-0.2659,42,-0.3240,59,0.21094,34,-0.6551
ENSG00000120658,ENOX1,9,-0.8975,2,-2.6923,31,1.06671,21,0.44603,16,0.01787,12,-0.4588,17,0.06481,14,-0.1957,20,0.37341,18,0.18656
ENSG00000151778,SERP2,23,-2.4655,176,0.64475,127,0.11011,136,0.21457,154,0.42170,165,0.54169,107,-0.1692,73,-0.7613,96,-0.3298,130,0.14685
ENSG00000102804,TSC22D1,204,-2.1799,802,-0.0982,1256,0.63558,1175,0.52439,704,-0.3031,1092,0.40154,704,-0.3051,550,-0.6891,987,0.23582,1056,0.34600
ENSG00000133114,GPALPP1,24,-0.2577,21,-0.4608,38,0.50547,48,0.89554,39,0.56866,26,-0.0960,16,-0.8120,22,-0.3270,23,-0.2971,20,-0.4909
ENSG00000188342,GTF2F2,23,0.08578,39,0.98452,18,-0.2626,21,-0.0264,17,-0.3640,8,-1.4003,19,-0.2024,26,0.27287,22,0.03006,22,0.04731
ENSG00000133112,TPT1,2339,1.69457,594,-0.6237,709,-0.3485,632,-0.5286,743,-0.2759,604,-0.5989,590,-0.6346,695,-0.3816,754,-0.2533,1180,0.47047
ENSG00000136152,COG3,19,0.00512,36,1.06857,24,0.37370,23,0.27174,14,-0.4197,24,0.39118,10,-1.0145,19,0.00561,11,-0.7611,9,-1.1186
ENSG00000123200,ZC3H13,96,0.63081,83,0.39949,60,-0.1187,60,-0.1196,64,-0.0145,45,-0.5727,66,0.01602,63,-0.0533,53,-0.3284,60,-0.1306
ENSG00000139684,ESD,55,-0.8087,143,0.71429,111,0.29587,99,0.11588,100,0.12813,107,0.23783,73,-0.3798,60,-0.6620,98,0.09964,77,-0.2795
ENSG00000102468,HTR2A,6,-3.8502,57,-0.5744,55,-0.6233,188,1.42514,182,1.36145,90,0.15897,53,-0.6704,45,-0.9112,83,0.03164,57,-0.5541
ENSG00000136143,SUCLA2,37,-1.9728,120,-0.2019,130,-0.0774,181,0.46640,223,0.81827,214,0.74248,96,-0.5461,72,-0.9957,170,0.36324,118,-0.2233
ENSG00000136159,NUDT15,6,-1.5423,34,1.22636,12,-0.4691,13,-0.3286,26,0.73914,22,0.48681,16,-0.0707,7,-1.2304,19,0.22747,9,-0.9564
ENSG00000136146,MED4,42,-0.2632,47,-0.0686,48,-0.0318,66,0.47099,61,0.33900,44,-0.1834,59,0.29134,29,-0.8316,49,-0.0220,49,-0.0235
ENSG00000136156,ITM2B,917,-0.4174,1212,0.02409,1412,0.27128,1507,0.37812,1446,0.31006,1398,0.25532,821,-0.5902,1015,-0.2588,893,-0.4588,1321,0.16238
ENSG00000139687,RB1,31,0.33417,20,-0.3516,21,-0.2639,26,0.06243,34,0.50221,32,0.41057,29,0.25213,26,0.09166,14,-0.9082,16,-0.6743
ENSG00000102531,FNDC3A,37,-0.3051,46,0.03976,68,0.66056,35,-0.4229,42,-0.1238,48,0.10628,23,-1.0484,59,0.42378,40,-0.2148,55,0.31743
ENSG00000102543,CDADC1,7,-1.2906,26,0.68810,25,0.62033,19,0.16635,17,0.01104,21,0.30855,9,-0.8685,9,-0.8741,10,-0.7784,26,0.67822
ENSG00000102547,CAB39L,18,-1.2141,35,-0.2157,45,0.15756,49,0.29533,69,0.86049,49,0.29517,47,0.23091,35,-0.2462,34,-0.2781,26,-0.7023
ENSG00000136144,RCBTB1,84,1.49114,50,0.58717,33,-0.0887,21,-0.7796,31,-0.1764,38,0.15270,28,-0.3326,12,-1.6435,23,-0.6638,29,-0.2929
ENSG00000123179,EBPL,3,-2.6069,25,0.41163,35,0.99076,25,0.39931,25,0.41829,22,0.19157,15,-0.4068,20,0.05208,9,-1.1602,14,-0.4593
ENSG00000102753,KPNA3,35,-0.4091,58,0.40842,56,0.34670,51,0.20519,59,0.43740,41,-0.1692,28,-0.7248,31,-0.5812,42,-0.1306,51,0.18196
ENSG00000123178,SPRYD7,29,-1.0836,53,-0.1483,52,-0.1930,80,0.50159,80,0.50461,70,0.27884,41,-0.5594,44,-0.4368,78,0.45154,60,0.02745
ENSG00000204977,TRIM13,13,-0.5999,27,0.53995,19,0.02564,11,-0.8551,18,-0.0895,18,-0.1338,13,-0.5339,20,0.04264,17,-0.1478,35,0.99714
ENSG00000136104,RNASEH2B,16,-0.8296,32,0.26561,46,0.84755,21,-0.4301,26,-0.1004,39,0.56427,15,-0.9180,19,-0.6089,23,-0.2506,38,0.51045
ENSG00000102786,INTS6,15,-0.3371,10,-0.8600,27,0.61419,27,0.61249,11,-0.7125,12,-0.5981,14,-0.4308,22,0.28586,31,0.87084,13,-0.4607
ENSG00000136100,VPS36,4,-3.5682,45,-0.0643,57,0.28936,47,-0.0226,85,0.96964,53,0.17031,36,-0.4186,33,-0.5575,66,0.55408,47,-0.0085
ENSG00000136108,CKAP2,8,-0.9611,16,0.07715,26,0.84114,21,0.48272,15,-0.0590,20,0.39746,11,-0.5526,17,0.19164,6,-1.4693,15,-0.0813
ENSG00000165416,SUGT1,107,0.41849,84,0.01920,106,0.40354,67,-0.3246,72,-0.2241,85,0.03774,81,-0.0318,80,-0.0603,95,0.22851,50,-0.7716
ENSG00000136099,PCDH8,0,-9.3322,79,-0.8712,457,2.13659,138,-0.0047,22,-2.7915,51,-1.5420,104,-0.4507,130,-0.0996,224,0.79180,183,0.44806
ENSG00000118946,PCDH17,51,0.00599,65,0.41245,51,0.00197,51,-0.0051,37,-0.4752,74,0.60865,35,-0.5976,58,0.22196,37,-0.4920,48,-0.0694
ENSG00000280165,PCDH20,0,-7.2508,20,0.08892,18,-0.1066,26,0.46963,33,0.88939,15,-0.4132,23,0.30322,12,-0.6877,23,0.28365,22,0.22245
ENSG00000184226,PCDH9,264,0.51045,191,-0.0184,148,-0.4219,183,-0.0828,159,-0.3034,195,0.01848,150,-0.3951,199,0.04631,228,0.27140,213,0.15533
ENSG00000204899,MZT1,17,-1.9321,64,0.05258,106,0.89067,66,0.11037,60,-0.0556,66,0.10373,51,-0.2969,60,-0.0469,64,0.05535,64,0.05786
ENSG00000083520,DIS3,27,0.14723,18,-0.4911,32,0.41533,21,-0.2835,32,0.40108,24,-0.0441,26,0.09204,17,-0.6018,30,0.30135,21,-0.2637
ENSG00000118922,KLF12,6,-2.3794,25,-0.2531,36,0.33430,22,-0.4682,46,0.73838,23,-0.3647,39,0.44054,28,-0.0656,30,0.04103,39,0.44243
ENSG00000136111,TBC1D4,15,-0.6000,24,0.12593,26,0.29056,21,-0.0373,28,0.38996,35,0.74870,28,0.39066,11,-0.9951,7,-1.5939,23,0.09930
ENSG00000188243,COMMD6,188,0.64472,149,0.25190,102,-0.3475,133,0.06773,107,-0.2739,122,-0.0720,88,-0.5805,111,-0.2136,117,-0.1300,155,0.32261
ENSG00000118939,UCHL3,18,0.10160,13,-0.3874,28,0.77309,8,-1.1371,35,1.15820,14,-0.3263,10,-0.8270,15,-0.1908,26,0.65365,5,-1.7974
ENSG00000136153,LMO7,1,-4.8374,35,-0.2684,93,1.37723,57,0.50894,57,0.51189,36,-0.2044,27,-0.6618,31,-0.4586,41,-0.0100,36,-0.2279
ENSG00000178695,KCTD12,60,0.31038,74,0.67029,78,0.75002,36,-0.4914,24,-1.0930,9,-2.4699,23,-1.1351,62,0.38625,41,-0.2748,84,0.87944
ENSG00000102805,CLN5,22,0.57314,14,-0.1708,12,-0.3947,14,-0.1329,17,0.14762,5,-1.5436,7,-1.1619,25,0.76767,18,0.26531,20,0.40002
ENSG00000005812,FBXL3,67,-0.0822,74,0.09317,87,0.34889,105,0.66674,81,0.23655,48,-0.6053,42,-0.7955,71,0.02489,77,0.14444,49,-0.5570
ENSG00000005810,MYCBP2,41,-2.2433,191,0.08726,194,0.11102,238,0.44427,228,0.37391,303,0.84863,140,-0.4036,128,-0.5522,211,0.24421,138,-0.4295
ENSG00000139737,SLAIN1,354,2.93110,61,-0.3715,71,-0.1181,43,-0.9112,35,-1.1884,38,-1.0654,37,-1.1415,44,-0.8730,40,-1.0173,45,-0.8133
ENSG00000136160,EDNRB,36,0.06258,33,-0.0626,22,-0.7264,18,-0.9956,22,-0.6884,22,-0.7023,33,-0.0713,82,1.46046,11,-1.6674,67,1.09789
ENSG00000152193,OBI1,5,-2.0330,16,-0.3207,31,0.72113,29,0.63886,13,-0.6712,32,0.79687,25,0.36337,20,0.00526,13,-0.6253,14,-0.5625
ENSG00000139746,RBM26,56,-0.4257,77,0.07194,104,0.55645,100,0.48369,74,0.00732,66,-0.1906,75,0.02623,72,-0.0384,43,-0.8362,72,-0.0478
ENSG00000102471,NDFIP2,85,-1.1989,164,-0.1922,368,1.15371,209,0.19059,250,0.48603,227,0.32331,115,-0.7432,122,-0.6622,175,-0.0902,140,-0.4466
ENSG00000136158,SPRY2,25,-1.1194,50,-0.0291,49,-0.0643,45,-0.1860,58,0.19738,83,0.78871,52,0.02885,59,0.21931,50,-0.0193,40,-0.3748
ENSG00000178235,SLITRK1,31,-0.7302,42,-0.2734,93,1.02673,40,-0.3407,57,0.21082,52,0.06650,38,-0.4309,47,-0.1136,47,-0.1198,54,0.11775
ENSG00000165300,SLITRK5,16,-1.9059,119,1.20622,122,1.25249,33,-0.8833,41,-0.5506,47,-0.3475,27,-1.1991,48,-0.2841,77,0.45834,51,-0.2039
ENSG00000152749,GPR180,15,-0.6004,11,-1.1072,33,0.65700,28,0.38869,29,0.45856,24,0.14501,15,-0.5477,18,-0.2993,30,0.48640,17,-0.4221
ENSG00000125285,SOX21,22,0.76446,8,-0.7468,9,-0.6380,11,-0.2911,15,0.15918,9,-0.6261,12,-0.2097,34,1.49715,9,-0.6914,8,-0.7767
ENSG00000134873,CLDN10,29,-0.7700,63,0.45811,38,-0.3362,24,-1.0414,22,-1.1823,23,-1.1062,43,-0.1494,129,1.72790,21,-1.2390,83,0.91780
ENSG00000134874,DZIP1,20,-0.6758,45,0.65120,30,-0.0044,9,-1.8504,34,0.16376,15,-1.0955,32,0.07068,45,0.62142,36,0.25610,39,0.41521
ENSG00000102580,DNAJC3,38,0.74047,26,0.11560,16,-0.6388,19,-0.3458,25,0.05081,17,-0.5577,13,-0.8986,25,0.03112,28,0.21763,35,0.58609
ENSG00000185352,HS6ST3,13,-2.7842,31,-1.5192,231,1.73971,97,0.21202,52,-0.7779,54,-0.7189,72,-0.2765,88,0.04348,130,0.69443,84,-0.0181
ENSG00000139793,MBNL2,172,-0.1225,142,-0.4301,213,0.21611,253,0.50295,221,0.27777,264,0.56806,140,-0.4453,116,-0.7373,163,-0.2105,177,-0.0789
ENSG00000125249,RAP2A,105,-0.6450,157,-0.0183,185,0.25026,172,0.12820,187,0.26953,169,0.10353,114,-0.5190,107,-0.6144,274,0.90609,116,-0.4952
ENSG00000065150,IPO5,76,-0.7824,120,-0.0817,242,1.09143,114,-0.1669,110,-0.2181,110,-0.2230,97,-0.4207,122,-0.0503,161,0.39799,110,-0.2135
ENSG00000152767,FARP1,46,-0.8108,142,0.98671,80,0.04273,65,-0.2994,61,-0.3911,64,-0.3228,89,0.20259,82,0.07529,65,-0.2837,88,0.19704
ENSG00000102572,STK24,17,-2.0327,78,0.24259,82,0.31509,52,-0.3930,70,0.05975,101,0.66631,62,-0.1351,55,-0.3189,55,-0.3294,101,0.65966
ENSG00000088387,DOCK9,129,0.95077,59,-0.3331,69,-0.0862,90,0.35205,66,-0.1421,90,0.34803,48,-0.6446,52,-0.5114,51,-0.5461,71,-0.0251
ENSG00000134882,UBAC2,39,0.22484,39,0.22332,51,0.66276,43,0.36625,43,0.38666,26,-0.4471,23,-0.6094,30,-0.1889,20,-0.7837,26,-0.4366
ENSG00000125304,TM9SF2,57,-0.9952,144,0.47268,146,0.49141,130,0.29868,131,0.31948,109,0.01579,76,-0.5392,74,-0.5845,111,0.05403,99,-0.1315
ENSG00000175198,PCCA,27,0.41513,22,0.05872,22,0.07300,13,-0.6886,26,0.36692,11,-0.9680,24,0.19343,12,-0.7995,18,-0.2374,34,0.77925
ENSG00000125247,TMTC4,108,2.71171,20,-0.3845,9,-1.6039,10,-1.4416,36,0.58869,31,0.32480,17,-0.6351,5,-2.2539,14,-0.9049,3,-2.8804
ENSG00000102452,NALCN,28,-0.9475,71,0.53453,64,0.35454,43,-0.2581,76,0.65260,71,0.52708,31,-0.7639,46,-0.1685,41,-0.3473,40,-0.3716
ENSG00000102466,FGF14,8,-3.0720,53,-0.2293,80,0.43689,58,-0.0753,65,0.11070,53,-0.2270,34,-0.9173,69,0.20338,120,1.13112,70,0.23586
ENSG00000134900,TPP2,19,-0.4400,31,0.30181,30,0.26419,21,-0.3270,27,0.09646,10,-1.3860,30,0.26268,25,-0.0125,25,0.00110,36,0.56143
ENSG00000151287,TEX30,9,-1.1535,47,1.38734,8,-1.4446,21,0.07440,31,0.66161,16,-0.3833,20,-0.0175,15,-0.4575,22,0.12652,15,-0.4894
ENSG00000134897,BIVM,6,-1.5825,33,0.90934,18,-0.0946,13,-0.5484,15,-0.3350,21,0.20992,22,0.28726,19,-0.0089,30,0.75555,10,-0.9306
ENSG00000134899,ERCC5,37,0.87455,15,-0.5736,18,-0.3089,15,-0.5885,17,-0.3517,21,-0.0210,13,-0.7401,21,-0.0062,30,0.55582,28,0.41460
ENSG00000125266,EFNB2,26,-0.8886,37,-0.3426,37,-0.3252,55,0.28937,74,0.79154,84,1.00708,36,-0.3722,24,-0.9764,33,-0.4952,51,0.18830
ENSG00000134884,ARGLU1,118,0.18481,125,0.28500,141,0.48404,107,0.02176,105,0.00151,90,-0.2423,48,-1.1989,104,-0.0094,96,-0.1480,116,0.15480
ENSG00000204442,FAM155A,3,-4.4252,83,0.46030,77,0.34454,74,0.27290,77,0.33729,59,-0.0744,73,0.25831,45,-0.5119,72,0.23103,60,-0.0528
ENSG00000174405,LIG4,12,-1.6354,43,0.27918,36,-0.0010,56,0.70476,41,0.19795,42,0.22758,32,-0.1708,24,-0.6068,40,0.17355,35,-0.0647
ENSG00000139826,ABHD13,10,-1.3891,10,-1.4597,58,1.31366,37,0.55610,26,-0.0092,37,0.53262,22,-0.2573,16,-0.7572,26,-0.0353,21,-0.3305
ENSG00000185950,IRS2,47,-1.4565,94,-0.4124,215,0.94462,198,0.80420,83,-0.6031,105,-0.2334,122,-0.0020,96,-0.3757,157,0.40984,102,-0.2867
ENSG00000213995,NAXD,40,-0.1461,52,0.28020,68,0.71091,58,0.44121,40,-0.1611,64,0.60971,25,-0.8820,36,-0.3246,26,-0.8007,31,-0.5348
ENSG00000134905,CARS2,35,0.71106,13,-0.8767,30,0.47832,31,0.51806,37,0.80584,19,-0.2131,19,-0.2540,13,-0.8023,22,-0.0007,5,-2.2688
ENSG00000153487,ING1,8,-1.4834,35,0.72784,24,0.15229,16,-0.4735,40,0.95386,35,0.75308,17,-0.3785,22,-0.0385,7,-1.7582,17,-0.3662
ENSG00000088448,ANKRD10,95,1.21442,53,0.23339,64,0.53030,29,-0.7006,40,-0.2223,40,-0.2281,14,-1.7972,35,-0.4272,42,-0.1500,48,0.08286
ENSG00000102606,ARHGEF7,91,-0.6375,140,0.03615,175,0.40257,169,0.34853,131,-0.0625,233,0.88501,130,-0.0728,91,-0.6329,121,-0.1888,84,-0.7642
ENSG00000126216,TUBGCP3,15,-0.2428,13,-0.4500,30,0.91706,16,-0.0533,32,1.00629,16,-0.0962,21,0.29910,14,-0.3045,8,-1.0477,6,-1.4775
ENSG00000126217,MCF2L,65,-0.4493,104,0.29907,91,0.08947,93,0.11420,75,-0.2175,89,0.04553,66,-0.4177,65,-0.4420,132,0.69180,83,-0.0529
ENSG00000126226,PCID2,25,-0.0071,13,-0.9783,44,0.91257,23,-0.1709,26,0.05979,25,-0.0050,15,-0.7585,19,-0.4117,23,-0.1472,39,0.67735
ENSG00000139842,CUL4A,33,0.02490,33,0.04227,19,-0.8380,28,-0.2039,22,-0.5669,62,1.08087,24,-0.4669,31,-0.0884,36,0.16456,35,0.14517
ENSG00000185896,LAMP1,311,1.25689,129,-0.2221,104,-0.5629,135,-0.1524,103,-0.5654,182,0.33387,123,-0.2922,105,-0.5361,107,-0.5132,183,0.33748
ENSG00000150401,DCUN1D2,19,-0.1113,27,0.42478,13,-0.7104,43,1.25312,20,-0.0639,16,-0.3774,8,-1.3553,18,-0.1714,19,-0.1222,21,0.07906
ENSG00000150403,TMCO3,41,0.79563,43,0.85410,30,0.26806,15,-0.8318,35,0.50262,25,-0.0235,8,-1.6574,25,-0.0156,14,-0.8858,18,-0.5625
ENSG00000198176,TFDP1,54,0.80329,47,0.56343,34,0.04741,40,0.30882,33,-0.0079,27,-0.3117,24,-0.5138,33,-0.0229,10,-1.7265,29,-0.2099
ENSG00000183087,GAS6,49,-0.5503,92,0.45164,61,-0.2107,77,0.16608,70,0.00570,88,0.38682,60,-0.2367,45,-0.6665,50,-0.5027,102,0.64013
ENSG00000185989,RASA3,41,1.10032,36,0.89888,29,0.53133,17,-0.3510,13,-0.7426,9,-1.2707,13,-0.6776,28,0.46119,13,-0.6845,10,-1.1115
ENSG00000130177,CDC16,82,0.68355,54,0.01818,62,0.23342,43,-0.3467,63,0.26017,63,0.24745,30,-0.8794,48,-0.1763,33,-0.7524,59,0.14203
ENSG00000169062,UPF3A,92,1.34029,39,-0.0910,43,0.04952,46,0.16791,33,-0.3824,27,-0.6793,35,-0.2831,39,-0.0984,27,-0.6862,36,-0.2369
ENSG00000198824,CHAMP1,21,0.04935,34,0.83440,13,-0.6560,14,-0.5673,27,0.46795,22,0.11282,14,-0.5278,17,-0.2240,23,0.21909,17,-0.3055
ENSG00000100814,CCNB1IP1,19,-0.3437,41,0.87643,18,-0.4405,24,-0.0027,27,0.16812,20,-0.2537,23,-0.0402,14,-0.7747,27,0.17701,26,0.12748
ENSG00000129484,PARP2,29,-0.8110,86,0.94645,70,0.59178,36,-0.4812,64,0.44583,70,0.58955,28,-0.8573,21,-1.2794,37,-0.4180,45,-0.1006
ENSG00000092094,OSGEP,30,0.05035,23,-0.3803,54,1.02088,30,0.05983,29,-0.0238,17,-0.8202,30,0.02679,25,-0.2533,27,-0.1330,27,-0.1037
ENSG00000100823,APEX1,80,0.01609,86,0.12548,62,-0.3901,114,0.59245,73,-0.1302,103,0.41859,50,-0.7202,60,-0.4350,58,-0.4827,107,0.48997
ENSG00000165782,PIP4P1,28,-1.0091,76,0.54558,98,0.97314,69,0.38342,84,0.69625,61,0.17412,31,-0.8709,38,-0.5834,21,-1.4484,40,-0.4947
ENSG00000129538,RNASE1,1020,3.84679,165,-0.0048,34,-2.3860,45,-1.9856,44,-2.0143,59,-1.5841,81,-1.0966,67,-1.3928,48,-1.8906,91,-0.9210
ENSG00000165795,NDRG2,1663,1.76041,356,-0.8354,325,-0.9723,410,-0.6189,280,-1.1980,290,-1.1472,848,0.54433,797,0.44153,437,-0.5185,671,0.15849
ENSG00000258441,LINC00641,62,-0.6497,79,-0.2651,142,0.67792,111,0.26915,103,0.15526,135,0.59017,96,0.03458,70,-0.4605,63,-0.6211,77,-0.3046
ENSG00000092199,HNRNPC,312,0.41629,247,0.03629,313,0.42292,177,-0.4875,234,-0.0522,296,0.33030,151,-0.7336,190,-0.3800,226,-0.1039,268,0.17038
ENSG00000092201,SUPT16H,75,-0.0079,65,-0.2276,81,0.10903,102,0.49929,75,-0.0117,90,0.28201,77,0.03773,69,-0.1415,52,-0.5874,68,-0.1670
ENSG00000100888,CHD8,33,-0.1498,40,0.14604,36,-0.0138,33,-0.1662,45,0.35557,37,0.03921,30,-0.2795,40,0.13837,29,-0.3734,41,0.17515
ENSG00000129472,RAB2B,20,-0.6144,61,1.23228,27,-0.1530,29,-0.0168,35,0.28671,16,-0.8861,23,-0.3981,19,-0.6624,19,-0.6748,44,0.67910
ENSG00000092203,TOX4,34,-0.5265,51,0.10644,54,0.19508,39,-0.3345,62,0.41656,48,-0.0017,42,-0.1986,39,-0.3269,54,0.17613,57,0.26101
ENSG00000165819,METTL3,28,0.71752,21,0.29323,21,0.25681,20,0.22219,9,-0.9930,35,1.12990,14,-0.3158,12,-0.6442,7,-1.2820,9,-0.9821
ENSG00000165821,SALL2,29,-0.1196,38,0.30441,35,0.18126,17,-0.8982,12,-1.3908,20,-0.6866,35,0.18412,35,0.18174,34,0.12523,57,0.99297
ENSG00000129562,DAD1,200,0.86413,178,0.66179,123,0.04709,76,-0.7024,89,-0.4530,104,-0.2075,74,-0.7413,96,-0.3315,90,-0.4467,159,0.47395
ENSG00000155463,OXA1L,43,-0.3966,96,0.90745,66,0.26971,55,-0.0289,45,-0.3452,67,0.29917,32,-0.8741,39,-0.5651,53,-0.0642,61,0.14746
ENSG00000172590,MRPL52,78,0.05208,71,-0.1050,56,-0.4751,103,0.50087,92,0.30738,87,0.22006,74,-0.0327,47,-0.7312,60,-0.3635,89,0.26123
ENSG00000197324,LRP10,48,1.49268,20,-0.0206,15,-0.4088,11,-0.8704,9,-1.1542,5,-1.9941,16,-0.3957,45,1.37073,6,-1.8004,25,0.32098
ENSG00000100461,RBM23,7,-1.7406,38,0.75557,31,0.41067,26,0.11483,30,0.34214,14,-0.8208,21,-0.2464,17,-0.5373,23,-0.0802,34,0.54229
ENSG00000100462,PRMT5,12,-1.5662,65,1.14250,26,-0.3456,31,-0.0821,35,0.07568,36,0.15457,24,-0.4779,24,-0.4876,24,-0.4949,52,0.73626
ENSG00000100804,PSMB5,113,-0.2715,158,0.25592,169,0.37129,145,0.12171,162,0.30168,221,0.82101,84,-0.7309,77,-0.8657,77,-0.8715,139,0.04828
ENSG00000100813,ACIN1,44,0.52352,32,-0.0112,41,0.41289,34,0.10738,15,-1.1654,40,0.37105,29,-0.1434,32,0.00354,26,-0.3137,26,-0.3402
ENSG00000179933,C14orf119,22,-0.6430,45,0.51156,39,0.26550,35,0.10620,38,0.23944,27,-0.2853,26,-0.3415,22,-0.6136,37,0.17414,37,0.19665
ENSG00000092068,SLC7A8,23,-0.6243,41,0.24367,18,-1.0507,41,0.22831,39,0.17768,43,0.32001,30,-0.2747,24,-0.5723,20,-0.8535,73,1.21810
ENSG00000235194,PPP1R3E,33,0.49779,15,-0.7352,21,-0.2343,40,0.80727,20,-0.2863,29,0.27220,23,-0.0751,14,-0.8252,18,-0.4415,29,0.30735
ENSG00000129473,BCL2L2,169,0.60752,79,-0.6080,84,-0.5073,92,-0.3673,142,0.32444,211,0.99729,118,0.02074,85,-0.4882,109,-0.1024,73,-0.7172
ENSG00000100836,PABPN1,149,0.89362,104,0.30005,86,-0.0117,55,-0.7169,68,-0.3912,75,-0.2190,92,0.09012,79,-0.1472,67,-0.4018,92,0.09678
ENSG00000092096,SLC22A17,232,-1.7129,805,0.20780,1137,0.78301,801,0.19965,851,0.29871,784,0.16461,709,0.00212,417,-0.8262,718,0.02304,625,-0.1984
ENSG00000166091,CMTM5,218,4.52821,3,-3.4216,4,-2.8463,5,-2.6775,6,-2.2459,10,-1.6951,7,-2.0530,13,-1.2580,18,-0.8167,15,-1.0130
ENSG00000129460,NGDN,24,0.19967,17,-0.3427,28,0.42004,32,0.65725,26,0.31303,22,0.05102,15,-0.5807,13,-0.7143,16,-0.4432,20,-0.0802
ENSG00000213983,AP1G2,27,0.55440,21,0.20303,35,1.00570,13,-0.5312,26,0.48957,17,-0.1912,7,-1.3962,11,-0.7929,16,-0.2673,16,-0.2844
ENSG00000092051,JPH4,48,-1.3955,115,-0.0554,230,1.11156,143,0.29672,110,-0.1290,100,-0.2761,81,-0.6070,141,0.27343,95,-0.3503,126,0.09915
ENSG00000100884,CPNE6,46,-0.5223,67,0.07954,112,0.93546,63,-0.0106,57,-0.1830,40,-0.7127,24,-1.4894,51,-0.3495,66,0.06590,111,0.91714
ENSG00000100897,DCAF11,44,-0.3435,59,0.13007,88,0.79533,66,0.31022,48,-0.1935,48,-0.1788,65,0.30481,37,-0.5795,33,-0.7707,54,-0.0104
ENSG00000092010,PSME1,76,0.70213,35,-0.5579,77,0.70864,53,0.10964,48,-0.0605,49,-0.0140,26,-1.0040,47,-0.0726,22,-1.2086,63,0.38446
ENSG00000100908,EMC9,5,-2.6427,38,0.32720,29,-0.1006,35,0.16945,43,0.52953,34,0.13913,26,-0.2623,21,-0.5710,25,-0.3449,54,0.91433
ENSG00000100911,PSME2,58,0.84805,36,0.04086,34,-0.0195,32,-0.1477,45,0.42668,43,0.35581,19,-0.9243,34,-0.0322,12,-1.5960,34,-0.0386
ENSG00000092098,RNF31,22,0.38368,41,1.48077,27,0.73564,13,-0.4040,20,0.26186,5,-1.8868,11,-0.7413,8,-1.1614,9,-1.0435,16,-0.0725
ENSG00000213928,IRF9,71,1.97381,29,0.36895,12,-0.9812,5,-2.3447,22,-0.0434,21,-0.1311,23,-0.0187,16,-0.5268,11,-1.1112,20,-0.2178
ENSG00000100926,TM9SF1,8,-1.2172,26,0.54245,15,-0.3265,10,-1.0176,7,-1.5155,16,-0.2292,12,-0.6438,23,0.27926,20,0.11648,51,1.69802
ENSG00000254505,CHMP4A,81,1.37192,20,-0.9128,25,-0.5656,48,0.45084,27,-0.4694,21,-0.8071,34,-0.1060,37,0.05311,38,0.10022,29,-0.3170
ENSG00000213920,MDP1,33,-0.3822,50,0.26817,55,0.40565,58,0.51012,38,-0.1733,55,0.40284,26,-0.7800,27,-0.7206,35,-0.2946,48,0.20769
ENSG00000129559,NEDD8,173,-0.8802,297,-0.0328,298,-0.0282,370,0.32202,404,0.46660,365,0.30104,288,-0.0855,189,-0.7425,384,0.38174,267,-0.2060
ENSG00000100938,GMPR2,41,0.08446,33,-0.2707,46,0.27192,61,0.72890,57,0.60514,30,-0.4328,25,-0.6708,22,-0.8678,29,-0.4691,47,0.28047
ENSG00000092330,TINF2,32,0.57693,15,-0.5734,26,0.23800,23,0.01458,32,0.57979,20,-0.1643,11,-1.0870,15,-0.6055,21,-0.0889,28,0.38365
ENSG00000100949,RABGGTA,11,-0.9906,30,0.55671,31,0.57198,24,0.16012,15,-0.5090,29,0.46814,18,-0.2774,20,-0.1223,27,0.39041,9,-1.2376
ENSG00000196943,NOP9,26,0.92387,1,-3.2324,19,0.40277,17,0.24914,30,1.12938,9,-0.8211,16,0.12718,19,0.36832,4,-1.7575,7,-1.0992
ENSG00000100445,SDR39U1,45,-0.2445,41,-0.4167,74,0.53799,63,0.26892,51,-0.0791,74,0.54850,40,-0.4324,43,-0.3386,19,-1.5387,81,0.68764
ENSG00000168952,STXBP6,41,-0.8524,76,0.09062,186,1.65281,40,-0.9054,22,-1.8148,66,-0.1161,64,-0.1824,78,0.13959,46,-0.6751,96,0.48300
ENSG00000139910,NOVA1,76,-0.8862,140,0.05251,150,0.16834,202,0.65763,134,-0.0101,137,0.02383,132,-0.0350,133,-0.0287,89,-0.6512,158,0.25167
ENSG00000176165,FOXG1,34,-1.8820,180,0.72723,176,0.68328,122,0.07633,128,0.15560,101,-0.2254,73,-0.7239,125,0.12069,114,-0.0207,107,-0.1217
ENSG00000186960,LINC01551,7,-1.7085,24,0.09316,28,0.37939,42,1.02982,19,-0.2605,25,0.17172,9,-1.2897,19,-0.2188,31,0.55724,18,-0.3014
ENSG00000092108,SCFD1,22,-0.8641,31,-0.3373,53,0.51396,42,0.13750,49,0.38459,59,0.69697,22,-0.8457,26,-0.5719,39,0.04736,40,0.08937
ENSG00000196792,STRN3,14,-1.0429,19,-0.6162,34,0.32338,43,0.68758,39,0.53201,38,0.48386,22,-0.3760,21,-0.4520,35,0.34533,16,-0.8835
ENSG00000100478,AP4S1,13,-1.0162,22,-0.2415,39,0.66341,27,0.06701,31,0.29515,35,0.50110,25,-0.0493,23,-0.2008,22,-0.2545,21,-0.3162
ENSG00000092148,HECTD1,60,-0.4815,97,0.27606,125,0.69121,116,0.56123,89,0.13474,80,-0.0476,55,-0.6279,55,-0.6266,59,-0.5114,84,0.03835
ENSG00000100852,ARHGAP5,85,-0.3404,107,0.02481,76,-0.5036,75,-0.5248,75,-0.5377,90,-0.2433,97,-0.1255,188,0.96531,100,-0.0799,159,0.67498
ENSG00000151320,AKAP6,75,-0.8472,167,0.41057,87,-0.6151,143,0.15761,174,0.47473,145,0.17569,126,-0.0435,95,-0.4954,154,0.28270,130,0.00862
ENSG00000151322,NPAS3,18,-0.1746,22,0.13566,7,-1.5686,13,-0.6605,12,-0.8599,6,-1.7352,14,-0.5379,41,1.15245,18,-0.1626,52,1.58779
ENSG00000129521,EGLN3,50,1.59870,25,0.36628,7,-1.5869,7,-1.4421,4,-2.3368,4,-2.3414,10,-0.9840,43,1.31725,11,-0.8145,35,0.93840
ENSG00000165389,SPTSSA,33,0.42801,45,0.91315,23,-0.1395,18,-0.5432,24,-0.1176,26,0.00777,13,-1.0656,22,-0.2465,24,-0.1017,28,0.17109
ENSG00000129518,EAPP,26,-1.3247,81,0.46425,54,-0.1798,79,0.43092,58,-0.0875,62,0.04210,41,-0.6241,36,-0.8261,87,0.57484,85,0.54458
ENSG00000129515,SNX6,163,2.09790,57,0.19289,19,-1.4648,30,-0.7818,42,-0.2671,60,0.27952,45,-0.1778,28,-0.9216,31,-0.7427,27,-0.9300
ENSG00000165410,CFL2,324,2.20000,114,0.27945,49,-1.0247,72,-0.4397,74,-0.4100,112,0.26273,56,-0.8263,40,-1.3296,44,-1.1901,70,-0.4934
ENSG00000100883,SRP54,42,-0.0014,35,-0.2901,62,0.64202,34,-0.3511,52,0.34726,74,0.92701,24,-0.8524,35,-0.2849,32,-0.4231,30,-0.5060
ENSG00000151327,FAM177A1,134,1.50044,60,0.11046,50,-0.1672,47,-0.2655,43,-0.4116,55,-0.0170,34,-0.7747,35,-0.7286,63,0.18922,37,-0.6351
ENSG00000092020,PPP2R3C,30,-0.0317,35,0.19433,26,-0.3038,44,0.57745,40,0.42145,28,-0.1352,25,-0.3403,25,-0.3634,29,-0.0923,27,-0.1963
ENSG00000100902,PSMA6,71,-0.9741,133,-0.0087,150,0.19068,198,0.64954,173,0.41863,161,0.30651,92,-0.5850,85,-0.6989,142,0.10427,128,-0.0619
ENSG00000100906,NFKBIA,57,1.06686,28,-0.0834,20,-0.5807,23,-0.4164,29,-0.0539,39,0.44283,19,-0.6565,29,-0.0662,16,-0.9101,37,0.35934
ENSG00000174373,RALGAPA1,59,0.45150,31,-0.5592,56,0.36301,58,0.42274,63,0.55012,45,0.02401,24,-0.9466,39,-0.2142,37,-0.3140,35,-0.3947
ENSG00000100916,BRMS1L,24,-0.7003,75,1.13762,39,0.03139,37,-0.0528,43,0.17920,34,-0.1714,43,0.21295,18,-1.1590,45,0.27184,22,-0.8124
ENSG00000151332,MBIP,13,-0.7261,35,0.82680,32,0.70038,13,-0.6914,23,0.16680,30,0.57457,17,-0.3287,15,-0.5598,23,0.12705,9,-1.3182
ENSG00000139874,SSTR1,12,-1.9314,24,-0.9113,93,1.30537,46,0.11233,41,-0.0836,50,0.25267,42,-0.0507,39,-0.1387,56,0.42529,27,-0.7236
ENSG00000100934,SEC23A,21,-2.0994,90,0.11834,86,0.03568,121,0.60798,108,0.40886,107,0.40078,74,-0.1915,76,-0.1572,85,0.02124,69,-0.2969
ENSG00000182400,TRAPPC6B,34,-0.7241,68,0.33938,100,1.00228,58,0.10132,67,0.32787,82,0.67006,20,-1.4999,32,-0.8261,47,-0.2551,38,-0.5486
ENSG00000100941,PNN,75,0.98013,64,0.70310,38,-0.1322,25,-0.8154,46,0.16897,25,-0.7767,18,-1.2781,47,0.18210,39,-0.1133,40,-0.0861
ENSG00000165355,FBXO33,11,-2.2001,37,-0.3562,40,-0.2353,63,0.51199,66,0.58466,84,1.00324,41,-0.1819,45,-0.0483,41,-0.1749,33,-0.5035
ENSG00000165379,LRFN5,0,-5.8699,69,0.82193,47,0.19211,53,0.38552,52,0.34086,47,0.17988,36,-0.2422,18,-1.3048,45,0.12251,52,0.33021
ENSG00000179454,KLHL28,12,-0.6234,16,-0.2086,29,0.80232,23,0.42553,8,-1.1804,16,-0.2114,8,-1.2027,12,-0.5940,22,0.29540,33,1.02043
ENSG00000198718,TOGARAM1,18,-1.0815,35,-0.0636,69,1.08915,43,0.28001,37,0.05380,27,-0.4349,23,-0.6783,31,-0.2404,30,-0.2824,47,0.42742
ENSG00000185246,PRPF39,26,0.51511,36,1.08462,19,0.03003,19,-0.0022,17,-0.1677,17,-0.1125,8,-1.2863,12,-0.6335,16,-0.2237,17,-0.1676
ENSG00000100442,FKBP3,85,-0.9021,179,0.26994,193,0.39200,193,0.38894,194,0.40072,233,0.70129,73,-1.1297,84,-0.9179,148,-0.0396,135,-0.1836
ENSG00000213741,RPS29,2024,1.59380,937,0.24499,618,-0.4180,367,-1.2159,595,-0.4777,570,-0.5450,782,-0.0469,795,-0.0216,778,-0.0553,588,-0.4957
ENSG00000165502,RPL36AL,363,1.01415,184,-0.1126,192,-0.0487,120,-0.7781,132,-0.6286,220,0.17260,170,-0.2338,189,-0.0725,202,0.03190,204,0.05427
ENSG00000165516,KLHDC2,65,-0.8413,173,0.72860,135,0.31936,135,0.31390,119,0.10765,133,0.29962,73,-0.6465,80,-0.5139,119,0.11502,77,-0.5640
ENSG00000165525,NEMF,61,-0.0503,80,0.39120,64,0.03425,59,-0.0934,61,-0.0636,29,-1.2079,64,0.02961,91,0.59569,69,0.14301,52,-0.3047
ENSG00000282885,AL627171.2,212,0.58325,85,-0.8692,42,-1.9121,70,-1.1641,51,-1.6342,58,-1.4448,273,1.01445,393,1.69092,84,-0.8909,218,0.62626
ENSG00000165527,ARF6,45,0.11213,50,0.27150,37,-0.1929,41,-0.0493,39,-0.1202,47,0.18967,41,-0.0190,24,-0.8482,53,0.39152,42,-0.0064
ENSG00000100483,VCPKMT,6,-1.7743,19,-0.0341,35,0.99153,18,-0.0853,37,1.08541,30,0.72584,11,-0.8209,13,-0.5382,18,-0.0693,4,-2.2469
ENSG00000100485,SOS2,72,2.16965,12,-0.8438,20,-0.1210,17,-0.3287,23,0.14896,16,-0.4771,9,-1.2797,26,0.32448,10,-1.0775,7,-1.6189
ENSG00000125375,DMAC2L,29,0.81303,22,0.36857,26,0.66416,9,-1.0583,9,-0.9509,21,0.28122,27,0.70486,10,-0.7823,8,-1.1993,13,-0.4060
ENSG00000012983,MAP4K5,77,1.89730,20,-0.4469,26,0.01038,15,-0.8827,23,-0.1635,14,-0.9410,17,-0.6808,21,-0.3714,23,-0.1856,25,-0.0564
ENSG00000198513,ATL1,58,-1.9630,133,-0.7215,364,0.90648,288,0.50972,258,0.32453,359,0.88555,145,-0.5916,129,-0.7619,274,0.42437,101,-1.1456
ENSG00000151748,SAV1,29,0.61515,25,0.37662,12,-0.7063,36,0.98374,23,0.22827,12,-0.7208,14,-0.5073,15,-0.3902,14,-0.5200,16,-0.2825
ENSG00000100503,NIN,49,0.63678,33,0.01210,51,0.68547,32,-0.0644,36,0.13932,22,-0.6216,32,-0.0793,28,-0.2530,27,-0.3279,22,-0.6499
ENSG00000100505,TRIM9,51,-1.1558,138,0.40733,154,0.59261,112,0.06271,131,0.31913,106,-0.0140,59,-0.9259,94,-0.2170,110,0.03625,119,0.16705
ENSG00000139921,TMX1,42,1.17349,30,0.57417,16,-0.3815,9,-1.2803,12,-0.8016,7,-1.6374,12,-0.8792,17,-0.2749,34,0.77434,29,0.55286
ENSG00000186469,GNG2,36,-1.8165,168,0.54088,313,1.65451,134,0.17378,58,-1.1376,69,-0.8678,38,-1.7743,127,0.08610,121,0.01240,140,0.24754
ENSG00000087302,RTRAF,51,-0.5523,71,-0.0218,75,0.05624,74,0.05350,94,0.43223,86,0.28927,42,-0.8525,73,0.02351,81,0.19416,73,0.02891
ENSG00000087301,TXNDC16,9,-0.9747,24,0.51369,29,0.82676,13,-0.4297,20,0.23556,30,0.84773,8,-1.2157,13,-0.4673,17,-0.0107,12,-0.6288
ENSG00000180998,GPR137C,20,-0.9557,68,1.02358,56,0.70365,28,-0.4041,48,0.42511,33,-0.1797,14,-1.4133,20,-0.9353,28,-0.4270,51,0.55606
ENSG00000197930,ERO1A,32,-0.8540,85,0.67999,92,0.79986,39,-0.5766,64,0.19193,57,0.02859,30,-0.9917,44,-0.3958,59,0.08647,61,0.13606
ENSG00000100519,PSMC6,68,-0.9424,159,0.38910,152,0.32149,132,0.09140,222,0.95671,120,-0.0618,96,-0.4052,92,-0.4720,100,-0.3465,106,-0.2581
ENSG00000100522,GNPNAT1,15,-0.5529,28,0.45081,13,-0.7674,25,0.26621,24,0.21284,27,0.39114,25,0.28989,16,-0.4028,16,-0.4013,21,0.04144
ENSG00000073712,FERMT2,41,0.49984,36,0.29845,6,-2.2536,19,-0.6544,13,-1.2266,15,-1.0732,24,-0.3430,74,1.56075,11,-1.5583,59,1.13398
ENSG00000100523,DDHD1,28,-0.1657,43,0.54232,37,0.30889,27,-0.1816,45,0.59784,14,-1.1926,27,-0.2311,31,0.01382,34,0.13318,23,-0.4731
ENSG00000100528,CNIH1,37,-1.0685,79,0.11348,80,0.12648,65,-0.1934,82,0.16628,132,0.96770,50,-0.6039,66,-0.1794,75,0.02113,72,-0.0409
ENSG00000197045,GMFB,182,0.47932,124,-0.1419,147,0.12604,92,-0.6025,264,1.11476,136,0.00088,105,-0.4013,103,-0.4360,123,-0.1544,81,-0.8050
ENSG00000100532,CGRRF1,20,-0.2127,41,0.93004,24,0.06237,19,-0.3307,25,0.13588,30,0.41548,11,-1.0991,26,0.15160,14,-0.8177,22,-0.0600
ENSG00000020577,SAMD4A,47,0.73802,58,1.12306,17,-0.8076,16,-0.9646,51,0.89519,26,-0.2018,20,-0.6359,29,-0.0203,19,-0.6882,13,-1.2072
ENSG00000180008,SOCS4,14,-0.1622,26,0.76582,12,-0.4597,21,0.42849,9,-0.8426,8,-0.9412,12,-0.4876,15,-0.0656,20,0.35856,22,0.53648
ENSG00000168175,MAPK1IP1L,41,-0.5416,60,0.04699,84,0.59529,74,0.38062,58,-0.0081,79,0.49185,32,-0.9449,49,-0.2839,49,-0.2565,57,-0.0310
ENSG00000131981,LGALS3,32,-0.5048,72,0.82376,25,-0.8550,11,-2.0427,16,-1.4845,21,-1.1495,35,-0.3384,107,1.52455,34,-0.3849,84,1.09284
ENSG00000178974,FBXO34,4,-4.0833,67,-0.0142,107,0.74916,122,0.97195,61,-0.1728,83,0.31958,57,-0.2847,33,-1.1141,103,0.68256,42,-0.7293
ENSG00000126777,KTN1,224,1.60067,79,-0.1883,69,-0.4033,43,-1.1263,66,-0.4735,70,-0.3614,52,-0.8186,77,-0.2180,96,0.12494,111,0.36179
ENSG00000070367,EXOC5,55,-0.0953,66,0.20939,74,0.39049,79,0.50107,52,-0.1686,46,-0.3626,59,0.00919,56,-0.0672,34,-0.8405,61,0.07156
ENSG00000053770,AP5M1,46,-0.0478,56,0.24602,41,-0.2287,54,0.20953,44,-0.1159,69,0.58757,31,-0.6527,46,-0.0637,41,-0.2594,49,0.04653
ENSG00000139977,NAA30,14,-1.7908,75,0.74241,67,0.56260,34,-0.5254,67,0.56337,28,-0.7999,42,-0.2099,53,0.16917,57,0.29720,38,-0.3604
ENSG00000259969,AL049838.1,20,-0.6684,48,0.72884,24,-0.3624,32,0.06765,42,0.50119,41,0.48619,28,-0.1216,23,-0.4355,19,-0.7595,29,-0.0896
ENSG00000131966,ACTR10,59,-1.2401,236,0.95505,152,0.21372,195,0.62825,179,0.49030,166,0.36314,69,-1.0189,82,-0.7447,126,-0.0836,63,-1.1396
ENSG00000100567,PSMA3,27,-1.0186,66,0.38532,44,-0.2752,85,0.80677,76,0.61691,69,0.44998,30,-0.8524,50,-0.0556,42,-0.3444,32,-0.7480
ENSG00000257621,PSMA3-AS1,18,-0.3336,39,0.91228,28,0.38405,9,-1.3962,15,-0.6358,33,0.62942,12,-0.9797,25,0.20567,28,0.35138,16,-0.4668
ENSG00000032219,ARID4A,28,-0.4097,45,0.34073,45,0.33413,39,0.10939,29,-0.3471,25,-0.5682,44,0.31109,36,-0.0271,36,-0.0060,37,0.00685
ENSG00000100575,TIMM9,26,-0.2296,41,0.49343,31,0.05366,31,0.04786,49,0.80306,25,-0.2837,23,-0.4437,21,-0.5690,22,-0.4848,32,0.10848
ENSG00000100592,DAAM1,13,-1.9804,61,0.36640,75,0.70045,69,0.56924,59,0.31464,36,-0.4708,32,-0.6482,56,0.22770,32,-0.6315,53,0.13840
ENSG00000050130,JKAMP,61,0.19645,55,0.02277,50,-0.1266,55,0.03192,45,-0.3118,69,0.37512,50,-0.1191,37,-0.6028,59,0.14175,61,0.19665
ENSG00000139970,RTN1,287,-2.6554,1599,-0.0604,2107,0.38687,2975,0.97352,2533,0.69584,2253,0.49852,1113,-0.6293,697,-1.3430,1911,0.22715,1132,-0.6033
ENSG00000126773,PCNX4,33,0.11298,35,0.21581,32,0.08053,33,0.12829,34,0.17861,21,-0.5741,17,-0.8823,36,0.25370,23,-0.4314,41,0.47659
ENSG00000100612,DHRS7,91,0.08535,146,0.87514,71,-0.3136,90,0.07873,87,0.01003,120,0.54319,59,-0.5856,69,-0.3440,57,-0.6469,71,-0.3051
ENSG00000100614,PPM1A,71,-1.0188,162,0.25783,127,-0.1306,146,0.09841,213,0.71731,184,0.46971,119,-0.2324,95,-0.5887,151,0.14352,110,-0.3545
ENSG00000020426,MNAT1,19,0.25958,15,-0.0766,13,-0.2964,15,-0.1362,11,-0.6315,23,0.57715,8,-1.0057,17,0.04674,22,0.51789,18,0.16444
ENSG00000100644,HIF1A,70,-0.0596,104,0.58457,62,-0.2514,91,0.35999,89,0.33751,53,-0.4762,74,0.02607,59,-0.3140,54,-0.4522,69,-0.0855
ENSG00000139973,SYT16,9,-3.5343,108,0.14575,204,1.22356,98,-0.0074,124,0.36935,92,-0.1151,70,-0.5360,62,-0.7137,116,0.25816,104,0.07851
ENSG00000140015,KCNH5,1,-4.7287,26,-0.1709,26,-0.1718,43,0.60268,27,-0.1301,25,-0.2689,33,0.17002,20,-0.6310,62,1.25751,32,0.11346
ENSG00000154001,PPP2R5E,11,-2.5164,70,0.26731,62,0.06997,62,0.06977,65,0.14180,76,0.39587,49,-0.2945,56,-0.1067,77,0.41493,67,0.17894
ENSG00000126821,SGPP1,36,-0.2493,38,-0.1642,62,0.63178,38,-0.1572,29,-0.5852,95,1.39514,25,-0.8137,24,-0.8595,34,-0.3153,39,-0.1231
ENSG00000100714,MTHFD1,27,-0.8239,47,0.02555,75,0.77871,41,-0.1849,40,-0.2278,61,0.44198,35,-0.4362,45,-0.0449,33,-0.5233,60,0.39535
ENSG00000089775,ZBTB25,6,-1.4157,25,0.62910,26,0.74169,13,-0.3530,8,-1.0814,16,-0.0190,12,-0.5339,10,-0.7791,25,0.66495,25,0.62278
ENSG00000179841,AKAP5,5,-3.1500,22,-0.9255,113,1.77017,40,-0.0442,30,-0.4642,23,-0.9059,22,-0.9199,30,-0.4775,60,0.64121,62,0.69759
ENSG00000126803,HSPA2,580,3.97638,69,-0.4314,23,-2.0743,20,-2.2556,32,-1.5917,30,-1.6962,30,-1.6666,63,-0.5654,22,-2.1278,38,-1.3390
ENSG00000126822,PLEKHG3,137,3.68456,8,-1.6258,9,-1.4260,22,-0.0894,3,-2.9669,5,-2.1705,7,-1.7042,15,-0.6690,8,-1.5687,16,-0.5563
ENSG00000070182,SPTB,5,-2.7291,43,0.44622,31,-0.0716,30,-0.1253,14,-1.3179,37,0.19990,49,0.65974,33,0.01389,56,0.89385,28,-0.2251
ENSG00000258289,CHURC1,70,0.01855,67,-0.0446,59,-0.2450,65,-0.0805,98,0.57554,44,-0.7058,69,-0.0048,37,-0.9676,84,0.32712,96,0.54083
ENSG00000139998,RAB15,10,-2.7463,56,-0.2150,85,0.44548,127,1.13858,83,0.40779,95,0.63811,43,-0.6315,28,-1.2532,66,0.03321,51,-0.3746
ENSG00000257365,FNTB,32,0.85587,9,-1.1689,23,0.34889,25,0.44938,8,-1.3514,41,1.30346,15,-0.3464,14,-0.4503,11,-0.8098,11,-0.8605
ENSG00000125952,MAX,53,0.20628,66,0.56797,50,0.09525,39,-0.2683,46,-0.0298,42,-0.1739,27,-0.8574,44,-0.0970,45,-0.0445,55,0.26013
ENSG00000033170,FUT8,74,1.20294,47,0.41164,34,-0.1057,18,-1.0253,38,0.09199,39,0.10815,28,-0.3934,35,-0.0337,27,-0.4354,21,-0.8644
ENSG00000171723,GPHN,15,-1.6420,79,1.01159,58,0.48392,61,0.54839,44,0.02195,58,0.46702,37,-0.2479,25,-0.8547,31,-0.5246,25,-0.8339
ENSG00000072415,MPP5,34,-0.0290,73,1.25589,32,-0.0991,26,-0.4621,20,-0.8647,39,0.21175,12,-1.5377,29,-0.2660,60,0.91564,20,-0.8718
ENSG00000100554,ATP6V1D,54,-1.9749,156,-0.3774,290,0.62862,287,0.61225,272,0.52092,275,0.54091,166,-0.2730,135,-0.5958,180,-0.1475,161,-0.3264
ENSG00000134001,EIF2S1,25,-1.0439,53,0.11377,54,0.13489,43,-0.2101,55,0.17107,46,-0.1193,56,0.20229,38,-0.4031,70,0.56265,54,0.14408
ENSG00000054690,PLEKHH1,446,4.99146,21,-1.5380,12,-2.3305,11,-2.4211,20,-1.5604,8,-2.8889,9,-2.7502,17,-1.7830,12,-2.3595,12,-2.3079
ENSG00000100564,PIGH,9,-1.7574,43,0.68873,24,-0.2454,34,0.30431,35,0.35367,34,0.30145,24,-0.2678,24,-0.2653,15,-0.9421,40,0.56776
ENSG00000081181,ARG2,1,-4.3698,38,0.66274,34,0.48690,25,0.00596,14,-0.8903,38,0.64894,17,-0.5871,17,-0.5732,31,0.33353,37,0.59675
ENSG00000100568,VTI1B,110,-0.0946,125,0.11085,125,0.10999,129,0.16007,111,-0.0847,111,-0.0716,79,-0.6061,81,-0.5762,139,0.27852,157,0.48405
ENSG00000072042,RDH11,117,0.01998,140,0.30105,89,-0.4188,118,0.03325,130,0.18257,179,0.71954,85,-0.4851,108,-0.1052,101,-0.2207,91,-0.3803
ENSG00000185650,ZFP36L1,126,1.51384,57,0.13600,35,-0.6354,18,-1.6400,12,-2.1788,10,-2.3870,28,-0.9457,103,1.13850,18,-1.6339,115,1.33345
ENSG00000072110,ACTN1,18,-2.3720,75,-0.2353,228,1.67039,83,-0.0747,87,-0.0018,64,-0.4816,37,-1.3098,64,-0.4837,114,0.43788,100,0.22762
ENSG00000139990,DCAF5,24,0.20273,11,-1.0127,23,0.17411,21,0.01084,29,0.51638,20,-0.0344,14,-0.6289,22,0.08519,22,0.09471,23,0.13595
ENSG00000081177,EXD2,28,0.14856,24,-0.1379,44,0.88365,19,-0.4715,19,-0.4953,27,0.08181,16,-0.7056,23,-0.2072,18,-0.5684,40,0.72037
ENSG00000100626,GALNT16,17,-1.4726,55,0.30759,61,0.49235,75,0.81587,35,-0.3847,43,-0.0967,36,-0.3732,27,-0.8125,61,0.48094,44,-0.0564
ENSG00000100632,ERH,99,-0.0792,165,0.76544,127,0.32935,115,0.16846,102,-0.0274,91,-0.2155,60,-0.8612,108,0.06544,89,-0.2472,82,-0.3649
ENSG00000029364,SLC39A9,26,-0.6821,41,0.05980,37,-0.1248,37,-0.1378,45,0.19179,46,0.22200,46,0.22185,28,-0.5548,38,-0.0585,55,0.53244
ENSG00000100647,SUSD6,14,-0.5569,47,1.47332,20,0.01236,19,-0.0277,23,0.23989,27,0.48103,13,-0.6375,12,-0.7795,15,-0.4261,8,-1.3827
ENSG00000100650,SRSF5,193,0.43585,167,0.20174,192,0.42456,163,0.15839,165,0.18491,149,0.02054,81,-0.9266,94,-0.6976,125,-0.2602,145,-0.0281
ENSG00000198732,SMOC1,126,3.42019,13,-0.8402,12,-1.0244,1,-3.7975,2,-3.1822,6,-1.9584,19,-0.3122,23,-0.0075,2,-3.1944,24,0.07909
ENSG00000133983,COX16,71,-0.2196,99,0.30880,83,0.03842,68,-0.2856,107,0.44470,99,0.31719,80,-0.0334,72,-0.1995,44,-0.9660,92,0.19763
ENSG00000213463,SYNJ2BP,43,0.68831,47,0.86148,14,-1.0265,37,0.44699,17,-0.7250,27,-0.0776,21,-0.4792,19,-0.5617,28,0.01158,26,-0.0969
ENSG00000133997,MED6,13,-0.8351,30,0.49873,30,0.51324,26,0.26899,22,-0.0378,35,0.75956,12,-0.9666,20,-0.1521,23,0.06601,10,-1.2095
ENSG00000133985,TTC9,19,-1.5444,48,-0.1541,48,-0.1544,69,0.41501,51,-0.0728,102,1.09677,46,-0.2146,33,-0.7256,65,0.32243,49,-0.1187
ENSG00000006432,MAP3K9,0,-6.4107,39,-0.0496,30,-0.4318,38,-0.0677,42,0.08859,65,0.80638,79,1.14106,36,-0.1511,32,-0.3270,37,-0.1281
ENSG00000100731,PCNX1,37,-0.4975,45,-0.1708,58,0.22683,70,0.53339,75,0.64191,32,-0.6924,34,-0.5998,32,-0.6969,61,0.31039,60,0.26746
ENSG00000197555,SIPA1L1,27,-1.7433,74,-0.2237,181,1.26532,121,0.56456,55,-0.6988,56,-0.6600,43,-1.0533,98,0.21168,90,0.08731,110,0.41342
ENSG00000182732,RGS6,2,-3.7755,23,-0.2703,38,0.52059,31,0.19218,32,0.22128,32,0.23794,14,-1.0758,12,-1.2969,47,0.86325,46,0.83548
ENSG00000165861,ZFYVE1,17,-0.1038,10,-0.9255,26,0.58714,28,0.67162,20,0.17717,17,-0.1138,8,-1.1372,9,-1.0834,21,0.19483,26,0.57665
ENSG00000119707,RBM25,84,0.41360,53,-0.3134,94,0.60482,49,-0.4477,63,-0.0471,77,0.27906,55,-0.2537,57,-0.2153,28,-1.2832,89,0.51445
ENSG00000080815,PSEN1,167,1.92508,61,0.15012,47,-0.2589,54,-0.0673,31,-0.9299,41,-0.4886,30,-0.9625,38,-0.6132,39,-0.5526,51,-0.1313
ENSG00000133961,NUMB,22,-0.7818,39,0.12699,45,0.33559,43,0.29614,41,0.18482,31,-0.2364,35,-0.0535,23,-0.6830,24,-0.6195,58,0.78701
ENSG00000119661,DNAL1,9,-2.1328,39,0.03463,43,0.20344,34,-0.1561,57,0.66444,17,-1.2338,38,-0.0041,31,-0.2951,47,0.33957,64,0.86298
ENSG00000176903,PNMA1,41,-2.6198,317,0.49610,327,0.54666,323,0.52553,367,0.74205,238,0.02331,194,-0.2967,146,-0.7356,199,-0.2576,188,-0.3434
ENSG00000156030,ELMSAN1,27,0.23785,37,0.74339,32,0.52322,25,0.13714,10,-1.3361,22,-0.1039,19,-0.3464,12,-1.0099,22,-0.0592,27,0.23801
ENSG00000140043,PTGR2,34,1.31608,26,0.84230,15,-0.0902,7,-1.1253,5,-1.5794,5,-1.5694,18,0.25478,20,0.38656,12,-0.4451,13,-0.2970
ENSG00000119725,ZNF410,20,0.14155,31,0.80787,30,0.75798,22,0.24367,26,0.51287,15,-0.3630,12,-0.7109,16,-0.2080,6,-1.6764,9,-1.0108
ENSG00000156050,FAM161B,13,-1.0265,42,0.83803,25,-0.0101,25,0.03851,22,-0.1593,20,-0.3701,22,-0.2011,14,-0.8565,47,1.05746,19,-0.4061
ENSG00000119711,ALDH6A1,103,0.44456,103,0.44438,51,-0.6759,59,-0.4548,70,-0.1710,31,-1.4218,86,0.15361,141,0.97884,75,-0.0656,64,-0.3141
ENSG00000119688,ABCD4,53,1.72397,21,0.13890,19,-0.0145,12,-0.6777,18,-0.1243,10,-1.0192,9,-1.2188,19,-0.0348,10,-0.9753,23,0.25513
ENSG00000119655,NPC2,113,1.70323,39,-0.1214,23,-0.9589,21,-1.0403,33,-0.3782,21,-1.0710,32,-0.4479,61,0.58563,35,-0.3179,45,0.11282
ENSG00000165898,ISCA2,15,-0.6935,19,-0.4052,14,-0.8233,32,0.43950,26,0.13652,22,-0.1359,16,-0.6549,17,-0.5404,37,0.69086,44,0.96882
ENSG00000119682,AREL1,21,0.08371,12,-0.7783,24,0.25071,27,0.42194,27,0.43215,22,0.09275,19,-0.1306,19,-0.0770,18,-0.2167,15,-0.4242
ENSG00000119616,FCF1,13,-0.3006,13,-0.3024,17,0.16054,8,-1.0538,25,0.76956,9,-0.8709,13,-0.1963,8,-0.9316,28,1.00136,20,0.44521
ENSG00000119596,YLPM1,65,0.64120,44,0.01091,53,0.30172,59,0.49543,51,0.24617,23,-0.9690,28,-0.6617,29,-0.6245,49,0.17688,35,-0.3313
ENSG00000119689,DLST,9,-0.8682,11,-0.5871,16,0.01211,31,1.08281,23,0.56320,14,-0.2216,9,-0.8904,15,-0.1051,24,0.66206,8,-0.9395
ENSG00000198208,RPS6KL1,28,0.32532,45,1.12566,23,-0.0267,10,-1.1909,22,-0.0859,39,0.87525,18,-0.3438,19,-0.2926,10,-1.2496,15,-0.6641
ENSG00000119718,EIF2B2,13,-1.0046,34,0.53091,32,0.43411,28,0.19189,45,0.98561,40,0.80165,16,-0.6589,13,-1.0170,14,-0.8016,11,-1.2128
ENSG00000119640,ACYP1,10,-1.4654,49,0.96259,19,-0.5580,19,-0.5527,35,0.41624,69,1.58470,15,-0.9596,22,-0.3241,18,-0.6341,17,-0.7672
ENSG00000119638,NEK9,37,0.99029,32,0.73045,26,0.41914,10,-0.9970,17,-0.2985,24,0.26600,9,-1.2123,19,-0.0543,6,-1.7109,21,0.08578
ENSG00000170348,TMED10,194,0.87310,142,0.34823,114,-0.0092,115,-0.0017,99,-0.2258,87,-0.4286,67,-0.8260,125,0.13317,71,-0.7429,132,0.22281
ENSG00000170345,FOS,67,1.66645,41,0.75366,15,-0.8353,10,-1.3649,25,-0.0309,10,-1.4275,4,-2.5075,9,-1.5879,7,-1.8305,67,1.65072
ENSG00000140044,JDP2,10,-1.1295,25,0.21865,20,-0.1148,35,0.77870,17,-0.3289,33,0.67782,15,-0.5950,13,-0.7778,23,0.10152,25,0.23909
ENSG00000133935,ERG28,51,-0.0962,34,-0.7237,76,0.57087,97,0.97315,68,0.37172,53,-0.0374,29,-0.9459,39,-0.5174,47,-0.2125,45,-0.2651
ENSG00000119650,IFT43,20,-0.4188,62,1.47062,41,0.71620,16,-0.7913,20,-0.4061,22,-0.2679,11,-1.3563,17,-0.6536,17,-0.6416,36,0.51774
ENSG00000089916,GPATCH2L,22,0.03198,19,-0.1730,26,0.30997,16,-0.4426,21,0.01853,19,-0.1511,23,0.14785,18,-0.2148,15,-0.4926,32,0.65992
ENSG00000071246,VASH1,87,2.47195,16,-0.5202,15,-0.5867,8,-1.6203,11,-1.0775,4,-2.3886,18,-0.3649,16,-0.5136,10,-1.2700,40,0.94790
ENSG00000119669,IRF2BPL,16,-1.9355,124,1.22976,85,0.58826,44,-0.4854,63,0.09384,40,-0.6255,35,-0.8330,58,-0.0451,54,-0.1642,77,0.41540
ENSG00000198894,CIPC,88,0.16975,123,0.73547,64,-0.3374,62,-0.3747,99,0.37442,71,-0.1760,71,-0.1735,74,-0.1104,58,-0.4783,79,0.01157
ENSG00000165548,TMEM63C,14,-0.3919,21,0.30811,16,-0.1642,32,0.96277,13,-0.4339,23,0.43621,15,-0.2044,12,-0.5962,17,-0.0467,13,-0.5061
ENSG00000177108,ZDHHC22,30,-0.3481,36,-0.0485,22,-0.8164,60,0.77393,38,0.01996,61,0.81598,22,-0.8079,20,-0.9947,41,0.15498,44,0.24362
ENSG00000165553,NGB,8,-1.8096,16,-0.7896,15,-0.9583,39,0.57757,28,0.01197,24,-0.2020,49,0.94737,17,-0.7298,32,0.25392,46,0.85659
ENSG00000100580,TMED8,7,-2.7058,49,0.22424,40,-0.0977,53,0.33633,42,-0.0345,53,0.34887,46,0.11993,46,0.09861,38,-0.1862,54,0.38125
ENSG00000100591,AHSA1,33,-1.6121,115,0.31975,103,0.15079,158,0.85555,135,0.59513,114,0.31289,64,-0.6113,55,-0.8271,82,-0.2242,82,-0.2154
ENSG00000100596,SPTLC2,115,2.03186,30,-0.2950,31,-0.2766,32,-0.1924,20,-0.8943,33,-0.1563,19,-0.9754,23,-0.7050,29,-0.3327,31,-0.2312
ENSG00000119705,SLIRP,143,-0.7941,285,0.28730,261,0.14556,262,0.15084,323,0.49383,174,-0.4942,188,-0.3773,220,-0.1273,288,0.30425,241,0.01482
ENSG00000100603,SNW1,28,-0.2210,48,0.62588,26,-0.3352,41,0.34290,39,0.27970,39,0.26591,20,-0.7614,33,0.01564,16,-1.1110,37,0.21196
ENSG00000021645,NRXN3,25,-2.7083,194,0.39613,182,0.28715,179,0.26446,158,0.06268,128,-0.2753,168,0.16144,110,-0.5120,186,0.32122,192,0.37304
ENSG00000211448,DIO2,6,-1.8921,14,-0.7116,15,-0.6046,19,-0.3006,18,-0.3928,15,-0.5946,26,0.17542,62,1.71016,19,-0.2480,34,0.62552
ENSG00000165417,GTF2A1,25,-1.1104,46,-0.1809,73,0.54706,65,0.37027,45,-0.2221,81,0.72145,39,-0.4355,51,-0.0347,39,-0.4567,55,0.09475
ENSG00000140022,STON2,75,1.58307,36,0.30530,18,-0.7703,15,-1.0516,9,-1.8015,16,-0.9508,26,-0.2019,53,0.96289,22,-0.4667,27,-0.1379
ENSG00000071537,SEL1L,61,-0.5328,74,-0.2380,128,0.65731,62,-0.5220,89,0.05470,121,0.56489,75,-0.2179,82,-0.0754,81,-0.0919,86,0.00039
ENSG00000185070,FLRT2,4,-4.3129,84,0.10540,134,0.89153,126,0.78151,42,-0.9600,82,0.07135,74,-0.0904,70,-0.1898,91,0.23924,77,-0.0221
ENSG00000054983,GALC,58,0.79604,50,0.56348,22,-0.7369,29,-0.3058,30,-0.2701,43,0.30085,27,-0.4258,25,-0.5170,33,-0.1011,37,0.08134
ENSG00000042317,SPATA7,24,0.06613,21,-0.1836,24,0.07743,25,0.13596,27,0.22308,34,0.59604,12,-0.9851,8,-1.5309,28,0.27895,29,0.36739
ENSG00000100722,ZC3H14,34,-0.3426,23,-0.9428,60,0.56242,38,-0.1800,39,-0.1059,41,-0.0261,23,-0.9007,42,-0.0230,73,0.89644,49,0.24619
ENSG00000165533,TTC8,9,-0.9911,21,0.27771,48,1.76951,24,0.49452,18,0.08452,11,-0.7351,4,-2.0195,12,-0.5177,21,0.27393,5,-1.6958
ENSG00000053254,FOXN3,27,-0.2056,62,1.15508,33,0.09698,23,-0.4907,35,0.20298,19,-0.7995,23,-0.4502,31,-0.0033,31,-0.0369,27,-0.2009
ENSG00000100764,PSMC1,73,-0.6973,128,0.17426,118,0.04503,126,0.14729,178,0.72639,154,0.47775,81,-0.5364,73,-0.6994,119,0.05543,96,-0.2759
ENSG00000198668,CALM1,896,-1.5900,2100,-0.2886,3745,0.65269,2345,-0.1141,3338,0.45935,3094,0.33381,2209,-0.2087,2293,-0.1494,2669,0.09363,2496,-0.0144
ENSG00000165914,TTC7B,52,-0.5241,138,1.05017,41,-0.9063,59,-0.3366,106,0.60628,82,0.18785,76,0.06215,52,-0.5290,62,-0.2651,64,-0.2160
ENSG00000100784,RPS6KA5,32,0.79793,27,0.47523,43,1.30429,14,-0.4989,15,-0.4623,9,-1.1849,9,-1.1266,19,-0.0310,15,-0.4755,15,-0.4676
ENSG00000133943,DGLUCY,29,-0.4806,67,0.90132,56,0.59240,35,-0.1882,32,-0.3089,26,-0.6506,23,-0.8366,30,-0.4219,40,0.05424,53,0.49072
ENSG00000100796,PPP4R3A,29,-0.0171,35,0.28233,32,0.16311,31,0.07804,41,0.57267,26,-0.1438,11,-1.4331,31,0.07877,14,-1.1410,41,0.55939
ENSG00000100815,TRIP11,22,-0.0071,20,-0.1335,21,-0.0511,15,-0.5656,15,-0.5983,22,0.03307,20,-0.0910,34,0.70942,13,-0.7259,35,0.77943
ENSG00000066427,ATXN3,20,-0.1685,27,0.30257,22,-0.0119,18,-0.3767,31,0.53989,31,0.50816,17,-0.3863,20,-0.1696,14,-0.6904,23,0.05095
ENSG00000183648,NDUFB1,209,-0.9322,512,0.48757,384,0.01670,403,0.09706,354,-0.1118,539,0.57559,398,0.07455,239,-0.7262,395,0.06240,364,-0.0656
ENSG00000165934,CPSF2,26,0.08714,13,-0.9116,22,-0.1548,15,-0.7776,30,0.35352,25,0.02901,13,-0.9573,21,-0.2560,30,0.35218,49,1.14679
ENSG00000140090,SLC24A4,24,0.41761,7,-1.4423,53,1.80928,21,0.21268,5,-1.9828,7,-1.3666,13,-0.5286,11,-0.7987,27,0.63340,17,-0.1692
ENSG00000100600,LGMN,42,-0.6844,92,0.54509,100,0.69570,68,0.06433,75,0.22091,54,-0.3211,43,-0.6741,24,-1.5005,76,0.22831,82,0.36050
ENSG00000066455,GOLGA5,16,-0.3149,10,-0.9919,20,0.07091,36,0.99351,29,0.66559,21,0.14495,13,-0.6680,20,0.06956,18,-0.0917,11,-0.9059
ENSG00000100604,CHGA,52,-2.9066,394,0.13613,256,-0.5467,551,0.69228,543,0.66779,747,1.22485,332,-0.1371,149,-1.3735,332,-0.1396,264,-0.4969
ENSG00000100605,ITPK1,300,0.79367,217,0.24733,80,-1.3024,214,0.22998,259,0.54039,197,0.09549,158,-0.2538,124,-0.6391,194,0.06951,115,-0.7469
ENSG00000165943,MOAP1,63,-2.7020,472,0.35234,390,0.04349,516,0.49992,661,0.92020,491,0.41829,287,-0.4411,162,-1.3124,372,-0.0343,384,0.01731
ENSG00000012963,UBR7,29,-0.4282,60,0.73790,57,0.66944,34,-0.1543,34,-0.1735,40,0.06984,20,-0.9600,21,-0.9119,46,0.29564,39,0.03980
ENSG00000133958,UNC79,7,-2.0835,49,0.88404,23,-0.3543,31,0.09859,40,0.54536,46,0.75454,17,-0.8335,28,-0.0249,32,0.18709,15,-1.0425
ENSG00000089737,DDX24,117,-1.4540,330,0.14753,395,0.44083,336,0.17532,356,0.27081,336,0.17684,210,-0.5654,222,-0.4791,425,0.56173,285,-0.0896
ENSG00000165948,IFI27L1,8,-1.6357,24,0.07911,32,0.52081,43,1.02878,21,-0.1759,24,0.04477,17,-0.4987,16,-0.5655,19,-0.2894,28,0.29113
ENSG00000165949,IFI27,109,0.97809,49,-0.3177,40,-0.6294,27,-1.2563,30,-1.0613,19,-1.7212,38,-0.7035,91,0.66940,18,-1.8292,182,1.94484
ENSG00000119632,IFI27L2,159,0.92689,83,-0.1532,56,-0.7511,81,-0.1872,46,-1.0656,63,-0.5683,61,-0.6169,133,0.61249,80,-0.2058,149,0.81133
ENSG00000119698,PPP4R4,3,-3.5760,17,-1.0394,94,1.75418,44,0.41398,21,-0.7514,37,0.10901,26,-0.4404,36,0.08938,40,0.23865,24,-0.5250
ENSG00000100697,DICER1,76,0.87284,43,-0.0713,48,0.11728,53,0.28579,36,-0.3563,50,0.18242,28,-0.7392,39,-0.1980,31,-0.5452,42,-0.0795
ENSG00000182512,GLRX5,51,-1.0484,99,-0.0065,97,-0.0466,126,0.37704,112,0.17939,128,0.39626,70,-0.5642,86,-0.2310,148,0.64486,82,-0.3060
ENSG00000250366,TUNAR,0,-6.9984,16,-0.0346,46,1.83535,14,-0.1506,3,-2.5421,15,-0.0885,12,-0.3825,16,-0.0349,15,-0.0967,23,0.58098
ENSG00000227051,C14orf132,62,-1.2456,131,-0.1025,172,0.34663,153,0.15563,173,0.35631,138,-0.0138,120,-0.2314,140,0.01270,162,0.24211,140,0.00718
ENSG00000066739,ATG2B,45,-0.0147,64,0.54510,59,0.40089,46,0.01470,59,0.40022,57,0.34875,29,-0.6996,38,-0.3008,26,-0.8522,35,-0.4345
ENSG00000100744,GSKIP,32,-0.8009,30,-0.8988,120,1.35652,87,0.79042,56,0.05775,45,-0.2880,52,-0.0465,39,-0.5043,36,-0.6481,42,-0.3921
ENSG00000090060,PAPOLA,89,0.08314,93,0.16113,86,0.03460,110,0.43034,81,-0.0622,66,-0.3722,56,-0.6277,83,-0.0164,93,0.15543,84,0.00555
ENSG00000127152,BCL11B,3,-2.6581,32,1.01147,10,-0.8336,5,-1.6932,7,-1.2448,24,0.51745,17,-0.0546,25,0.61863,22,0.41259,27,0.71838
ENSG00000183576,SETD3,83,0.67533,44,-0.3502,77,0.53916,46,-0.2663,53,-0.0556,38,-0.5935,36,-0.6705,44,-0.3623,90,0.81013,40,-0.5069
ENSG00000205476,CCDC85C,2,-3.0061,20,0.19290,38,1.32441,7,-1.3542,2,-2.8942,7,-1.2955,14,-0.3711,28,0.76553,11,-0.6570,45,1.60402
ENSG00000036530,CYP46A1,26,-2.6316,113,-0.4405,348,1.45213,147,-0.0267,126,-0.2690,141,-0.0840,110,-0.4849,127,-0.2488,202,0.49512,151,0.02329
ENSG00000066629,EML1,6,-1.9175,18,-0.2434,60,1.84505,24,0.20652,10,-1.1588,16,-0.4468,8,-1.3563,17,-0.2663,33,0.74751,17,-0.3431
ENSG00000196405,EVL,101,-1.0950,206,0.00675,192,-0.1055,205,-0.0028,259,0.38176,309,0.67535,195,-0.0816,167,-0.3215,218,0.10031,198,-0.0580
ENSG00000100811,YY1,51,-0.5325,66,-0.1464,92,0.39440,72,-0.0148,67,-0.1137,88,0.31082,81,0.19184,61,-0.2664,76,0.08836,68,-0.1015
ENSG00000197119,SLC25A29,76,1.28381,40,0.21647,56,0.74926,30,-0.2430,18,-1.0411,15,-1.3382,19,-0.9175,33,-0.1090,34,-0.0611,32,-0.1504
ENSG00000140105,WARS,31,-1.3661,52,-0.6067,84,0.13569,69,-0.1799,133,0.90814,159,1.22345,51,-0.6317,44,-0.8571,85,0.16290,60,-0.3795
ENSG00000183092,BEGAIN,15,-1.5797,31,-0.5534,66,0.67999,55,0.35360,41,-0.0892,30,-0.5722,43,-0.0154,58,0.46715,41,-0.1040,56,0.40638
ENSG00000214548,MEG3,154,-1.5087,319,-0.3944,773,1.06216,567,0.52829,479,0.24981,460,0.18599,325,-0.3698,460,0.18640,301,-0.4851,263,-0.6963
ENSG00000078304,PPP2R5C,102,-0.3681,104,-0.3444,115,-0.1844,214,0.83783,130,0.01968,181,0.55315,105,-0.3285,133,0.04666,96,-0.4616,110,-0.2545
ENSG00000197102,DYNC1H1,289,-0.0424,301,0.02299,264,-0.1869,274,-0.1255,432,0.61638,368,0.34718,339,0.21164,192,-0.6851,293,-0.0233,217,-0.4916
ENSG00000080824,HSP90AA1,1163,-0.8344,1600,-0.3397,1305,-0.6573,3233,0.81008,3270,0.82966,2394,0.30541,1846,-0.1137,1652,-0.2891,1582,-0.3571,1781,-0.1708
ENSG00000140153,WDR20,31,0.95471,13,-0.4669,19,0.11709,21,0.28834,17,-0.0653,17,0.02079,7,-1.3851,21,0.32897,7,-1.3544,21,0.28382
ENSG00000080823,MOK,24,0.39438,30,0.75752,26,0.48050,19,0.00948,17,-0.1729,8,-1.2831,9,-1.0817,17,-0.1588,23,0.28871,16,-0.2337
ENSG00000100865,CINP,76,1.07915,33,-0.2986,52,0.45625,55,0.53464,33,-0.3005,47,0.26192,33,-0.2643,20,-1.0324,21,-1.0020,26,-0.6290
ENSG00000196663,TECPR2,60,0.66736,54,0.50648,42,0.06946,47,0.27579,32,-0.3348,29,-0.5015,40,0.02124,33,-0.3146,32,-0.3405,29,-0.4978
ENSG00000156381,ANKRD9,43,-0.3201,55,0.07340,55,0.08236,47,-0.1806,45,-0.2351,72,0.51652,58,0.15957,47,-0.1614,26,-1.0825,76,0.61037
ENSG00000131323,TRAF3,10,-1.5072,36,0.38321,22,-0.3801,22,-0.4098,26,-0.1390,26,-0.1487,42,0.61382,27,-0.0943,26,-0.1347,48,0.83825
ENSG00000198752,CDC42BPB,87,0.50919,58,-0.1441,64,0.00621,66,0.06098,48,-0.4215,72,0.20946,65,0.03430,49,-0.3960,64,0.00739,61,-0.0503
ENSG00000100664,EIF5,136,-0.8365,232,5.99224,226,-0.0448,290,0.36296,248,0.10536,319,0.51839,206,-0.1923,179,-0.4101,226,-0.0393,259,0.17885
ENSG00000075413,MARK3,83,0.33190,95,0.54885,60,-0.1880,71,0.07634,79,0.24263,39,-0.8468,30,-1.2425,57,-0.2738,66,-0.0356,97,0.58161
ENSG00000166165,CKB,1027,-0.9953,1584,-0.3260,2555,0.44416,2323,0.28707,1776,-0.1450,2298,0.27000,1723,-0.1933,1825,-0.1017,2069,0.09894,2274,0.25241
ENSG00000166166,TRMT61A,34,0.94036,18,-0.0735,28,0.60383,21,0.12740,16,-0.2335,18,-0.0689,14,-0.4995,13,-0.5982,14,-0.4284,14,-0.4252
ENSG00000166170,BAG5,33,-0.5794,43,-0.1850,62,0.40380,58,0.28639,56,0.22107,43,-0.2092,43,-0.1906,51,0.08647,42,-0.2235,54,0.16511
ENSG00000126214,KLC1,278,-1.2108,767,0.37590,686,0.19431,835,0.51797,982,0.79286,835,0.51784,529,-0.2213,262,-1.3048,557,-0.1413,352,-0.8552
ENSG00000256053,COA8,31,-0.5791,45,0.01486,73,0.80458,62,0.53858,41,-0.1502,59,0.45185,31,-0.5847,30,-0.6244,38,-0.2459,37,-0.2855
ENSG00000100711,ZFYVE21,58,-0.3234,89,0.35077,74,0.04616,76,0.09647,56,-0.3935,97,0.48843,46,-0.6941,64,-0.1686,93,0.42283,63,-0.1939
ENSG00000088808,PPP1R13B,8,-1.8466,35,0.33981,44,0.72967,21,-0.4303,35,0.32947,40,0.56513,22,-0.3638,27,-0.0566,18,-0.6851,31,0.16322
ENSG00000156411,ATP5MPL,273,-1.0812,674,0.33911,611,0.17848,612,0.18168,788,0.59763,592,0.12639,416,-0.4315,418,-0.4246,600,0.14835,486,-0.1866
ENSG00000258986,TMEM179,19,-0.6593,16,-0.9075,28,-0.0137,41,0.58239,49,0.89706,36,0.39230,23,-0.3391,18,-0.7149,27,-0.0578,28,-0.0445
ENSG00000203485,INF2,255,1.55006,54,-1.0145,84,-0.3315,134,0.42032,106,0.03469,85,-0.3152,88,-0.2603,43,-1.3437,85,-0.3025,101,-0.0298
ENSG00000184990,SIVA1,57,-0.0063,91,0.73996,86,0.66090,43,-0.4552,59,0.03231,66,0.20739,36,-0.7124,42,-0.4854,35,-0.7528,60,0.07611
ENSG00000142208,AKT1,59,0.41943,41,-0.1611,64,0.53760,60,0.45473,44,-0.0654,44,-0.0531,42,-0.1194,48,0.06762,27,-0.7912,27,-0.8242
ENSG00000099814,CEP170B,21,-2.2433,80,-0.2814,89,-0.1057,98,0.04776,102,0.11504,105,0.15876,139,0.62216,110,0.22633,98,0.04162,110,0.22925
ENSG00000185567,AHNAK2,0,-8.1063,18,-0.9881,16,-1.2280,72,1.22125,78,1.36303,49,0.56733,48,0.52498,20,-0.8370,22,-0.6956,25,-0.5338
ENSG00000184916,JAG2,23,0.04463,17,-0.4486,27,0.31654,25,0.18509,18,-0.3544,14,-0.7040,12,-0.8875,17,-0.4029,16,-0.5264,54,1.49578
ENSG00000183828,NUDT14,24,-1.2263,41,-0.4170,60,0.19408,88,0.83052,89,0.84999,59,0.16499,51,-0.0519,29,-0.9182,45,-0.2727,46,-0.2420
ENSG00000185024,BRF1,30,-0.1854,31,-0.1500,38,0.18580,38,0.17272,41,0.29088,49,0.58995,29,-0.2196,28,-0.2838,19,-0.8986,36,0.10178
ENSG00000184887,BTBD6,32,-1.1135,125,1.04808,80,0.30583,52,-0.4015,58,-0.2136,84,0.38247,45,-0.6108,48,-0.5074,53,-0.3614,88,0.45402
ENSG00000179364,PACS2,285,2.39994,58,-0.4343,53,-0.5824,54,-0.5416,53,-0.5648,22,-1.8601,33,-1.2988,57,-0.4541,50,-0.6689,101,0.44349
ENSG00000182979,MTA1,51,0.86107,22,-0.4775,48,0.77307,22,-0.4967,43,0.58827,10,-1.5995,24,-0.3766,31,0.03284,23,-0.4033,27,-0.1912
ENSG00000182809,CRIP2,169,-0.1926,100,-1.0036,426,1.36682,172,-0.1626,128,-0.6256,157,-0.3063,133,-0.5732,166,-0.2235,191,0.00178,267,0.54784
ENSG00000184986,TMEM121,33,0.27424,17,-0.7290,36,0.39605,16,-0.8575,32,0.21859,38,0.51870,33,0.28085,19,-0.5571,29,0.07320,24,-0.2077
ENSG00000274253,AC138649.1,27,-0.5862,40,-0.0003,24,-0.8137,74,1.02577,54,0.47530,43,0.09676,39,-0.0276,10,-2.0378,50,0.36872,39,-0.0475
ENSG00000170113,NIPA1,110,0.65851,46,-0.7220,67,-0.1445,94,0.39193,96,0.42918,79,0.10702,61,-0.2964,28,-1.4553,62,-0.2569,92,0.36391
ENSG00000140157,NIPA2,6,-2.8844,37,-0.2473,59,0.50424,53,0.33876,53,0.33519,65,0.66870,27,-0.7271,26,-0.7668,61,0.56998,44,0.02221
ENSG00000273749,CYFIP1,88,0.90403,52,0.04000,63,0.35041,39,-0.4329,40,-0.3757,32,-0.7406,42,-0.3162,65,0.38605,39,-0.4171,50,-0.0250
ENSG00000275835,TUBGCP5,17,-0.0327,18,0.00025,17,-0.0280,23,0.40453,23,0.40600,18,0.01937,21,0.29578,8,-1.1131,11,-0.7792,21,0.24422
ENSG00000182636,NDN,76,-0.5436,203,1.06914,149,0.53834,73,-0.5978,117,0.13831,159,0.64100,58,-0.9416,87,-0.3220,53,-1.0913,97,-0.1634
ENSG00000128739,SNRPN,333,-1.2578,1084,0.60246,767,0.03563,772,0.04546,1047,0.54495,1076,0.59036,718,-0.0700,382,-1.0492,743,-0.0167,583,-0.3993
ENSG00000224078,SNHG14,143,-1.6065,520,0.39645,523,0.40543,371,-0.1517,475,0.24813,417,0.03727,332,-0.3243,478,0.25873,382,-0.1018,434,0.09980
ENSG00000114062,UBE3A,38,-1.0383,87,0.26512,73,-0.0134,95,0.39693,93,0.37031,86,0.24310,55,-0.4596,54,-0.5018,91,0.34235,67,-0.1453
ENSG00000166206,GABRB3,9,-4.2490,152,-0.0563,410,1.65924,242,0.70264,163,0.05596,130,-0.3049,128,-0.3298,105,-0.6318,99,-0.7210,138,-0.2144
ENSG00000186297,GABRA5,23,-2.0967,123,0.44371,47,-1.0536,116,0.34695,234,1.57462,123,0.44120,96,0.03862,38,-1.3963,78,-0.2875,59,-0.7331
ENSG00000182256,GABRG3,0,-6.8354,37,1.32415,9,-0.9060,17,0.00890,22,0.45899,17,0.02596,14,-0.2639,13,-0.3947,17,0.05975,21,0.35333
ENSG00000128731,HERC2,60,-0.0845,136,1.30559,72,0.22191,43,-0.5845,71,0.19450,29,-1.1666,43,-0.5841,36,-0.8486,58,-0.1186,79,0.37648
ENSG00000034053,APBA2,99,-0.9646,174,-0.0834,150,-0.3146,299,0.80671,238,0.41906,239,0.43264,203,0.16002,113,-0.7625,130,-0.5447,191,0.06356
ENSG00000104059,FAM189A1,4,-2.0668,18,0.08209,7,-1.4313,21,0.28479,29,0.82494,18,0.06682,22,0.35065,13,-0.4496,25,0.57866,17,-0.0036
ENSG00000185115,NSMCE3,9,-2.0583,37,-0.0386,49,0.43048,47,0.33417,49,0.40626,60,0.75870,28,-0.4500,21,-0.8697,44,0.23895,33,-0.1991
ENSG00000104067,TJP1,133,1.64023,31,-0.7584,28,-0.9076,27,-0.9900,26,-1.0493,21,-1.3300,50,-0.0498,65,0.38899,52,0.01162,79,0.71523
ENSG00000198690,FAN1,32,0.31985,22,-0.2904,32,0.29744,18,-0.6222,31,0.28091,24,-0.1180,20,-0.3912,22,-0.2560,24,-0.1749,38,0.58433
ENSG00000166912,MTMR10,182,2.77891,40,-0.0530,22,-0.9982,10,-2.0866,22,-0.9921,21,-1.0463,25,-0.7954,48,0.21855,22,-0.9456,24,-0.8183
ENSG00000169926,KLF13,129,1.08058,65,-0.0529,76,0.19490,63,-0.1003,51,-0.4285,28,-1.3428,77,0.21234,63,-0.1144,50,-0.4719,72,0.10445
ENSG00000169918,OTUD7A,33,0.08113,35,0.15701,44,0.52208,33,0.05288,39,0.31797,28,-0.1940,23,-0.4888,29,-0.1685,28,-0.2199,26,-0.2952
ENSG00000166922,SCG5,71,-2.7819,724,0.78403,637,0.56798,557,0.34278,781,0.91615,551,0.32508,295,-0.6631,213,-1.1641,429,-0.0797,248,-0.9296
ENSG00000248905,FMN1,7,-1.7902,24,-0.0179,14,-0.8201,29,0.26534,32,0.43446,33,0.46008,22,-0.1932,14,-0.8457,47,1.05082,24,-0.0666
ENSG00000134153,EMC7,76,-0.1807,61,-0.5297,123,0.59238,102,0.28950,78,-0.1446,120,0.54887,55,-0.6876,75,-0.2044,80,-0.1041,85,-0.0180
ENSG00000134152,KATNBL1,26,0.46091,23,0.28729,24,0.38581,11,-0.8736,20,0.05192,31,0.78240,6,-1.7831,14,-0.4684,9,-1.1914,29,0.64769
ENSG00000128463,EMC4,80,-0.8500,162,0.26007,208,0.67040,154,0.17777,156,0.19585,138,-0.0024,97,-0.5602,99,-0.5186,148,0.11050,139,0.01094
ENSG00000140199,SLC12A6,37,0.18596,43,0.44659,36,0.15976,20,-0.7352,38,0.23421,33,0.03204,21,-0.6550,29,-0.2019,28,-0.2519,42,0.38012
ENSG00000182117,NOP10,42,-1.1080,72,-0.2807,93,0.12560,90,0.08627,106,0.34525,100,0.25295,68,-0.3726,58,-0.6060,127,0.64939,101,0.26034
ENSG00000176454,LPCAT4,1,-5.3481,70,0.03298,111,0.80761,111,0.79355,83,0.32341,92,0.49328,62,-0.1459,25,-1.5205,86,0.38073,40,-0.8344
ENSG00000175265,GOLGA8A,44,-0.3706,69,0.34443,111,1.14457,57,0.03839,56,-0.0038,66,0.27782,23,-1.3384,34,-0.7751,46,-0.3052,52,-0.1061
ENSG00000215252,GOLGA8B,52,0.06101,62,0.36729,114,1.41933,34,-0.6023,38,-0.4234,61,0.34454,31,-0.7150,37,-0.4437,32,-0.6630,34,-0.5877
ENSG00000021776,AQR,18,-0.4489,29,0.36093,12,-1.0760,14,-0.8225,21,-0.1612,15,-0.6522,27,0.20305,30,0.41518,28,0.26782,41,0.92110
ENSG00000198146,ZNF770,19,-1.3370,61,0.44538,49,0.08073,30,-0.6980,88,1.07314,59,0.40194,36,-0.3970,47,0.00594,33,-0.5078,41,-0.1848
ENSG00000134138,MEIS2,11,-0.8641,24,0.39197,73,2.48846,5,-1.8896,2,-3.1403,10,-0.9902,7,-1.4522,39,1.20543,10,-0.9029,7,-1.5094
ENSG00000166068,SPRED1,62,-0.2504,73,-0.0069,105,0.58475,76,0.05189,66,-0.1555,59,-0.3444,38,-1.0179,71,-0.0489,112,0.69327,71,-0.0586
ENSG00000171262,FAM98B,44,-0.4990,48,-0.3885,70,0.20880,70,0.22155,79,0.42454,68,0.16192,51,-0.2963,50,-0.3226,54,-0.1931,78,0.38745
ENSG00000172575,RASGRP1,11,-1.6004,24,-0.4225,20,-0.6960,49,0.71897,84,1.67951,54,0.89382,22,-0.5287,15,-1.1233,20,-0.6969,16,-1.0327
ENSG00000166073,GPR176,16,-0.9518,28,-0.0822,32,0.13464,18,-0.7478,43,0.65513,39,0.46438,23,-0.3406,26,-0.1774,41,0.57266,25,-0.2375
ENSG00000128829,EIF2AK4,19,-0.6114,23,-0.2805,28,0.01708,42,0.65991,30,0.10355,47,0.84407,23,-0.2929,23,-0.2692,20,-0.5299,24,-0.2393
ENSG00000140319,SRP14,387,-0.3804,624,0.38311,693,0.55941,471,-0.0726,494,0.00480,479,-0.0441,429,-0.2202,421,-0.2489,468,-0.0820,460,-0.1094
ENSG00000137843,PAK6,12,-1.6974,33,-0.2102,82,1.30576,36,-0.0996,11,-1.7866,41,0.13781,25,-0.6533,49,0.40887,52,0.49856,38,-0.0086
ENSG00000259330,INAFM2,27,-0.1799,40,0.42980,36,0.27029,19,-0.7341,35,0.20911,24,-0.4080,30,-0.0195,19,-0.7285,27,-0.1930,49,0.76038
ENSG00000140323,DISP2,3,-3.6419,52,0.64061,52,0.62407,35,0.01091,34,-0.0391,69,1.12944,18,-1.0437,22,-0.6923,34,-0.0564,32,-0.1417
ENSG00000128928,IVD,42,-0.0335,40,-0.1090,44,0.03077,55,0.39817,23,-0.9785,44,0.04601,39,-0.1390,34,-0.3789,35,-0.3086,74,0.88262
ENSG00000140320,BAHD1,7,-1.7019,15,-0.4896,35,0.83895,14,-0.6711,13,-0.7622,17,-0.3039,17,-0.3418,23,0.13656,36,0.87381,34,0.77705
ENSG00000128891,CCDC32,13,-0.5103,32,0.94606,12,-0.5676,33,0.97494,21,0.23950,22,0.35381,7,-1.3226,11,-0.7773,14,-0.4386,15,-0.2987
ENSG00000137824,RMDN3,69,0.41971,69,0.42211,63,0.25282,42,-0.3959,77,0.59203,43,-0.3445,37,-0.5885,57,0.10911,42,-0.3922,36,-0.5968
ENSG00000166140,ZFYVE19,23,0.48734,14,-0.2388,10,-0.8000,15,-0.1629,21,0.32885,23,0.47227,15,-0.1563,15,-0.1876,16,-0.0761,17,-0.0327
ENSG00000104142,VPS18,24,-0.1076,11,-1.2973,27,0.13566,40,0.74690,31,0.30806,27,0.12096,28,0.17333,16,-0.7381,25,0.00063,24,-0.0861
ENSG00000187446,CHP1,63,-0.8776,73,-0.6352,127,0.22679,162,0.63377,135,0.32801,143,0.42401,98,-0.1828,80,-0.5052,122,0.15966,99,-0.1715
ENSG00000247556,OIP5-AS1,133,-0.8483,307,0.48172,206,-0.1682,262,0.21824,183,-0.3485,171,-0.4538,241,0.08464,286,0.36190,207,-0.1596,290,0.38861
ENSG00000137806,NDUFAF1,29,-0.3924,36,-0.0553,43,0.21291,43,0.22665,32,-0.2651,62,0.82205,29,-0.3890,25,-0.6134,52,0.53956,23,-0.7386
ENSG00000137815,RTF1,30,-1.6815,72,-0.3550,103,0.20018,116,0.39918,79,-0.2107,128,0.55581,92,0.02687,84,-0.1218,115,0.37846,88,-0.0480
ENSG00000137825,ITPKA,0,-7.6100,44,-1.1840,318,2.19805,99,0.07813,42,-1.2496,46,-1.1104,45,-1.1480,83,-0.1997,132,0.55624,132,0.55309
ENSG00000092445,TYRO3,102,-0.0727,85,-0.3590,213,1.15747,123,0.22382,139,0.43079,97,-0.1565,76,-0.5421,78,-0.4984,72,-0.6181,84,-0.3730
ENSG00000137802,MAPKBP1,16,-0.2306,17,-0.1425,34,0.97624,19,0.03207,27,0.59502,11,-0.8033,21,0.19597,18,-0.0758,10,-0.9815,14,-0.4436
ENSG00000166887,VPS39,53,-0.0969,52,-0.1214,71,0.38097,82,0.60921,70,0.35427,67,0.27695,37,-0.6288,40,-0.5195,42,-0.4617,48,-0.2540
ENSG00000103978,TMEM87A,70,1.24039,33,-0.0200,34,0.02928,36,0.13087,39,0.23506,19,-0.8674,27,-0.3588,30,-0.1946,19,-0.8567,28,-0.2784
ENSG00000092529,CAPN3,338,5.14141,5,-3.1184,8,-2.3811,11,-2.0020,17,-1.3937,8,-2.3954,11,-2.0073,7,-2.6932,5,-3.1001,10,-2.1245
ENSG00000103994,ZNF106,33,-1.0991,87,0.41352,75,0.17255,57,-0.2454,48,-0.5151,48,-0.5394,44,-0.6431,82,0.31369,116,0.91194,81,0.30846
ENSG00000180979,LRRC57,4,-2.2893,22,0.22358,34,0.94748,23,0.29111,16,-0.2557,22,0.18580,8,-1.2144,17,-0.1621,29,0.68346,16,-0.3148
ENSG00000128881,TTBK2,31,-1.0036,54,-0.1592,58,-0.0615,94,0.72616,47,-0.3823,96,0.77770,59,-0.0274,55,-0.1267,57,-0.0863,49,-0.3236
ENSG00000159459,UBR1,25,-0.3920,50,0.69613,38,0.27021,43,0.45331,22,-0.5816,32,-0.0340,25,-0.3920,18,-0.8591,38,0.27151,32,-0.0302
ENSG00000166946,CCNDBP1,25,-1.4378,69,0.09496,48,-0.4670,97,0.64235,110,0.86783,68,0.06146,73,0.18923,54,-0.2999,45,-0.5957,63,-0.0632
ENSG00000137822,TUBGCP4,10,-1.3104,32,0.42695,39,0.76592,23,-0.0447,25,0.08098,17,-0.5283,18,-0.4165,24,-0.0155,32,0.42737,21,-0.1959
ENSG00000067369,TP53BP1,32,-1.1689,78,0.22202,75,0.15501,81,0.27160,72,0.09578,81,0.27415,57,-0.2709,50,-0.4738,72,0.07997,83,0.31902
ENSG00000166963,MAP1A,246,-0.9823,364,-0.3808,408,-0.2002,510,0.15653,375,-0.3348,472,0.02960,761,0.82235,541,0.25010,523,0.19755,430,-0.1162
ENSG00000237289,CKMT1B,7,-2.7092,33,-0.5052,75,0.80312,53,0.24127,94,1.20611,54,0.27077,44,-0.0759,25,-0.9083,35,-0.4249,38,-0.3095
ENSG00000223572,CKMT1A,4,-3.8968,72,0.12375,79,0.26273,58,-0.2108,98,0.63652,155,1.43342,56,-0.2610,19,-1.8950,65,-0.0521,60,-0.1570
ENSG00000167004,PDIA3,92,-0.3041,98,-0.2016,134,0.29516,105,-0.0888,105,-0.0943,120,0.12230,70,-0.7209,102,-0.1377,117,0.07324,171,0.70177
ENSG00000140264,SERF2,745,1.04671,351,-0.2047,419,0.08032,327,-0.3132,376,-0.0925,306,-0.4159,385,-0.0570,353,-0.1932,265,-0.6436,461,0.23246
ENSG00000140259,MFAP1,15,-1.1266,30,-0.0126,41,0.47546,30,-0.0426,29,-0.0924,35,0.19961,28,-0.1170,27,-0.1760,29,-0.0857,42,0.50727
ENSG00000171877,FRMD5,42,1.25090,17,-0.2624,14,-0.4662,47,1.48431,9,-1.1898,18,-0.1068,7,-1.4222,17,-0.1790,10,-1.0532,14,-0.4644
ENSG00000166734,CASC4,96,0.02189,138,0.62214,68,-0.5167,93,-0.0158,86,-0.1504,85,-0.1563,73,-0.3999,93,-0.0252,110,0.24266,101,0.11721
ENSG00000137770,CTDSPL2,16,-0.4886,28,0.33998,27,0.28743,18,-0.3737,24,0.08638,28,0.36858,19,-0.2340,22,0.00325,22,-0.0308,20,-0.1794
ENSG00000179523,EIF3J-DT,19,0.29199,32,1.15642,10,-0.6754,12,-0.3910,12,-0.4014,15,-0.0988,15,-0.1244,16,0.02358,21,0.46803,6,-1.4226
ENSG00000104131,EIF3J,65,0.09036,66,0.11427,63,0.04306,67,0.13526,58,-0.0819,59,-0.0580,43,-0.5566,51,-0.2796,75,0.31888,66,0.12588
ENSG00000104133,SPG11,25,0.41408,21,0.12273,16,-0.2726,10,-1.0396,24,0.34895,6,-1.6266,14,-0.5320,23,0.26323,10,-0.9741,44,1.39683
ENSG00000166710,B2M,915,1.55615,404,0.13435,202,-0.9501,123,-1.6950,174,-1.1766,149,-1.4071,311,-0.2806,423,0.20917,170,-1.2050,843,1.40045
ENSG00000185880,TRIM69,43,-0.0873,53,0.25208,48,0.08209,70,0.70359,58,0.37917,38,-0.2871,30,-0.6615,36,-0.3777,33,-0.5030,47,0.04992
ENSG00000138606,SHF,9,-0.7983,14,-0.1444,21,0.47209,8,-0.9670,18,0.17219,16,0.00318,16,0.05485,16,-0.0322,16,0.01556,24,0.63733
ENSG00000171766,GATM,321,1.52487,125,-0.0893,103,-0.4011,74,-0.9098,65,-1.1051,61,-1.2029,79,-0.7949,227,0.89641,89,-0.6260,180,0.50049
ENSG00000104164,BLOC1S6,32,-1.1178,106,0.75023,113,0.86002,85,0.37656,46,-0.5849,73,0.12094,56,-0.3014,50,-0.4768,46,-0.6052,66,-0.0248
ENSG00000137872,SEMA6D,30,-0.4588,24,-0.7995,38,-0.0767,47,0.27465,20,-1.0291,43,0.13095,36,-0.1523,36,-0.1706,71,0.96041,53,0.46269
ENSG00000104177,MYEF2,50,-0.3670,70,0.15698,72,0.20150,59,-0.1277,72,0.20869,96,0.68241,43,-0.6151,51,-0.3290,72,0.19177,50,-0.3889
ENSG00000233932,CTXN2,1,-3.5143,14,-0.2557,24,0.61906,27,0.82886,17,0.07578,20,0.28861,12,-0.4870,8,-1.1393,22,0.49059,19,0.20864
ENSG00000128951,DUT,78,-0.4898,158,0.65070,135,0.39175,97,-0.1497,103,-0.0496,122,0.22461,70,-0.6615,68,-0.6975,81,-0.4208,151,0.57047
ENSG00000255302,EID1,187,-1.0482,552,0.66784,428,0.24712,348,-0.0871,439,0.28871,432,0.26279,269,-0.4904,327,-0.1836,339,-0.1296,353,-0.0647
ENSG00000138593,SECISBP2L,307,1.87859,74,-0.5474,116,0.15460,65,-0.7565,73,-0.5843,107,0.02592,76,-0.5173,65,-0.7425,77,-0.4940,94,-0.1776
ENSG00000166200,COPS2,50,-0.5072,119,0.91219,78,0.19725,76,0.16611,57,-0.2899,118,0.89781,27,-1.4093,44,-0.6975,70,0.03887,47,-0.5805
ENSG00000104047,DTWD1,14,-0.6160,16,-0.4789,52,1.49831,19,-0.1694,18,-0.2905,25,0.25781,15,-0.5895,24,0.18170,16,-0.4973,16,-0.4433
ENSG00000285410,GABPB1-IT1,13,-1.2501,39,0.46617,29,-0.0125,35,0.26994,33,0.21473,47,0.76898,24,-0.3279,16,-0.8705,32,0.14453,24,-0.2857
ENSG00000138592,USP8,18,-1.2249,34,-0.3009,35,-0.2429,41,-0.0160,59,0.57924,31,-0.4342,51,0.35926,45,0.16383,48,0.26387,47,0.23371
ENSG00000138600,SPPL2A,24,0.47818,23,0.44929,9,-1.0491,9,-0.9641,11,-0.7088,16,-0.1825,10,-0.8050,27,0.67552,16,-0.1876,32,0.95451
ENSG00000104093,DMXL2,29,-2.0122,166,0.70416,108,0.00356,122,0.20113,181,0.85792,120,0.17178,85,-0.3827,66,-0.7628,114,0.08419,89,-0.3108
ENSG00000104112,SCG3,123,-1.5477,404,0.29445,275,-0.3235,262,-0.3950,358,0.09840,432,0.40511,305,-0.1582,493,0.62623,237,-0.5546,479,0.57664
ENSG00000140280,LYSMD2,8,-3.6292,121,0.30790,126,0.37991,103,0.05104,144,0.59886,154,0.71605,69,-0.5727,53,-0.9661,108,0.13523,110,0.15597
ENSG00000128872,TMOD2,107,-1.5273,328,0.20623,307,0.09864,279,-0.0525,428,0.64815,299,0.06029,286,-0.0148,239,-0.2955,353,0.32975,258,-0.1782
ENSG00000138594,TMOD3,12,-0.5576,18,0.08851,17,-0.0194,9,-0.9612,13,-0.3940,27,0.75697,12,-0.5168,21,0.33160,25,0.60518,16,-0.0652
ENSG00000166477,LEO1,16,-0.5613,44,1.08804,35,0.72626,22,-0.0530,16,-0.5713,14,-0.7125,19,-0.2512,12,-0.9439,24,0.12161,24,0.09347
ENSG00000069956,MAPK6,37,-0.9727,58,-0.2911,108,0.72186,65,-0.1019,81,0.25358,101,0.61010,58,-0.2817,63,-0.1510,60,-0.2426,64,-0.1339
ENSG00000069966,GNB5,23,-2.3617,219,1.14343,118,0.10014,142,0.39734,141,0.39610,137,0.34747,111,2.09870,70,-0.7056,45,-1.3894,102,-0.1368
ENSG00000197535,MYO5A,102,-1.5007,398,0.62888,195,-0.5176,330,0.31566,349,0.40737,330,0.31597,238,-0.2050,200,-0.4818,397,0.62660,174,-0.6981
ENSG00000128989,ARPP19,367,-1.1656,348,-1.2463,1702,1.33022,1061,0.50557,768,-0.0228,743,-0.0764,596,-0.4217,637,-0.3194,958,0.33643,609,-0.3903
ENSG00000047346,FAM214A,31,0.94458,16,-0.1690,19,0.11974,13,-0.4109,22,0.32320,11,-0.7500,11,-0.6467,22,0.34765,15,-0.2298,15,-0.1974
ENSG00000137766,UNC13C,16,-1.2110,45,0.42358,18,-0.9988,19,-0.9518,49,0.53776,32,-0.1244,47,0.46932,55,0.72852,41,0.25612,28,-0.3505
ENSG00000137876,RSL24D1,48,-0.9479,137,0.71065,101,0.19841,81,-0.1495,135,0.68367,116,0.42108,40,-1.2315,69,-0.4092,77,-0.2325,87,-0.0353
ENSG00000260916,CCPG1,60,-0.0327,49,-0.3374,87,0.57939,40,-0.6580,83,0.49856,61,0.00685,46,-0.4218,62,0.02075,68,0.18408,53,-0.2226
ENSG00000137871,ZNF280D,48,0.71135,47,0.67939,44,0.57016,28,-0.1501,25,-0.3405,20,-0.6820,18,-0.7992,22,-0.5380,33,0.09565,25,-0.3590
ENSG00000140262,TCF12,78,2.02325,31,0.33723,33,0.45101,8,-1.6100,10,-1.3714,8,-1.6670,13,-1.0080,16,-0.6356,16,-0.6779,35,0.54827
ENSG00000255529,POLR2M,65,0.53623,72,0.72247,42,-0.1538,41,-0.1995,48,0.04461,36,-0.4135,35,-0.4394,37,-0.3720,30,-0.6694,59,0.39351
ENSG00000137845,ADAM10,91,1.01994,35,-0.5190,68,0.52584,30,-0.7401,40,-0.3023,54,0.14691,35,-0.5213,52,0.10498,34,-0.5796,51,0.06111
ENSG00000128923,MINDY2,37,-0.0277,69,1.01439,22,-0.8263,24,-0.6777,28,-0.4630,40,0.11279,46,0.33624,41,0.13185,21,-0.8504,46,0.33668
ENSG00000157450,RNF111,18,-0.9997,34,-0.0042,45,0.42860,35,0.00893,39,0.19626,33,-0.0467,37,0.12616,25,-0.4773,59,0.87922,19,-0.9284
ENSG00000137776,SLTM,94,1.02796,90,0.95941,68,0.49228,33,-0.6422,37,-0.4694,22,-1.2708,20,-1.4207,46,-0.1318,57,0.18616,37,-0.4854
ENSG00000157470,FAM81A,16,-2.3767,75,-0.1207,118,0.63107,134,0.83772,110,0.50679,56,-0.5708,57,-0.5366,60,-0.4492,97,0.29628,82,0.02286
ENSG00000140307,GTF2A2,50,-0.1256,62,0.23333,56,0.05610,49,-0.1671,53,-0.0371,49,-0.1581,64,0.26411,42,-0.3859,62,0.21737,54,-0.0050
ENSG00000140299,BNIP2,22,0.40228,18,0.00718,29,0.79434,11,-0.7250,8,-1.1423,27,0.69829,6,-1.4568,17,0.00381,16,-0.1782,21,0.26416
ENSG00000069667,RORA,9,-2.0472,91,1.53319,24,-0.6814,27,-0.4689,30,-0.3486,30,-0.3510,30,-0.3271,25,-0.6024,57,0.69632,48,0.41292
ENSG00000129003,VPS13C,59,-0.0375,83,0.51576,62,0.02728,54,-0.1811,57,-0.0951,69,0.20190,56,-0.1312,51,-0.2786,45,-0.4717,71,0.24757
ENSG00000171914,TLN2,40,-1.3404,62,-0.6861,113,0.27004,143,0.65679,122,0.38787,113,0.26968,85,-0.1887,63,-0.6519,127,0.45597,90,-0.0992
ENSG00000140416,TPM1,60,-0.8877,64,-0.8001,126,0.26558,97,-0.1579,92,-0.2353,80,-0.4514,98,-0.1321,89,-0.2977,130,0.31873,233,1.31773
ENSG00000185088,RPS27L,107,0.62597,78,0.10145,68,-0.1121,32,-1.2655,78,0.10054,81,0.16930,71,-0.0534,53,-0.4983,73,-0.0081,90,0.33694
ENSG00000166128,RAB8B,40,0.34916,36,0.18593,36,0.18652,44,0.50050,18,-0.8798,39,0.29287,24,-0.4726,19,-0.8177,30,-0.0977,36,0.17500
ENSG00000138613,APH1B,42,1.36714,11,-0.7643,24,0.38291,9,-1.0881,19,0.04900,16,-0.2480,15,-0.3376,21,0.22323,10,-0.8720,18,-0.0308
ENSG00000103657,HERC1,59,-1.1984,142,0.16568,124,-0.0581,126,-0.0315,215,0.85999,196,0.70221,94,-0.4797,76,-0.8096,139,0.12547,110,-0.2383
ENSG00000166797,CIAO2A,24,0.41233,28,0.67323,26,0.56615,24,0.38823,11,-0.8561,17,-0.0957,10,-0.9447,11,-0.8206,11,-0.7885,24,0.37867
ENSG00000028528,SNX1,98,1.49197,45,0.16683,42,0.04278,30,-0.4779,18,-1.2327,48,0.27733,31,-0.4257,34,-0.2859,24,-0.8168,37,-0.1446
ENSG00000166794,PPIB,114,0.21233,142,0.57651,77,-0.4143,91,-0.1462,67,-0.6207,113,0.19706,51,-1.0444,84,-0.2701,101,0.02675,158,0.75690
ENSG00000180304,OAZ2,125,0.07506,120,0.00857,118,-0.0081,173,0.61246,146,0.32921,113,-0.0862,94,-0.3664,94,-0.3764,105,-0.1931,102,-0.2402
ENSG00000090487,SPG21,48,0.27316,45,0.17119,47,0.23052,49,0.29856,27,-0.6276,36,-0.1823,28,-0.5954,30,-0.4444,36,-0.1760,59,0.61079
ENSG00000103707,MTFMT,4,-1.9249,22,0.51051,22,0.54864,16,0.06765,19,0.29079,9,-0.8877,8,-1.0096,12,-0.3734,20,0.41112,25,0.71753
ENSG00000090470,PDCD7,7,-1.4386,11,-0.8172,31,0.81216,15,-0.3775,24,0.34153,14,-0.5033,20,0.10578,18,-0.0812,22,0.24175,28,0.61242
ENSG00000166855,CLPX,33,-0.4463,46,0.09044,65,0.66430,48,0.17382,46,0.10978,48,0.16221,25,-0.8201,38,-0.2139,43,-0.0245,41,-0.0825
ENSG00000074603,DPP8,51,-0.3879,48,-0.4866,72,0.16684,100,0.70240,66,0.03353,74,0.19947,58,-0.1749,57,-0.2169,65,0.00491,60,-0.1362
ENSG00000074696,HACD3,81,-0.9206,245,0.86412,128,-0.2003,162,0.16867,171,0.25601,192,0.45179,94,-0.6899,141,-0.0515,115,-0.3760,128,-0.2047
ENSG00000174485,DENND4A,15,-0.8769,27,-0.0032,32,0.27879,28,0.06666,17,-0.6856,22,-0.3004,27,0.01115,25,-0.1650,42,0.68325,36,0.43361
ENSG00000103769,RAB11A,63,-1.5721,174,-0.0168,163,-0.1219,240,0.50400,178,0.01372,266,0.68001,171,-0.0506,95,-0.9598,220,0.35700,192,0.13550
ENSG00000166938,DIS3L,35,0.59585,42,0.89603,19,-0.3775,15,-0.7843,15,-0.7020,13,-0.9129,20,-0.3390,25,0.02280,19,-0.3730,40,0.82673
ENSG00000169032,MAP2K1,50,-2.0179,202,0.11882,372,1.15068,202,0.11513,355,1.06584,237,0.37335,101,-0.9634,93,-1.0956,156,-0.2948,111,-0.8142
ENSG00000174446,SNAPC5,20,-1.3810,70,0.59446,65,0.46955,62,0.39213,35,-0.5279,87,0.95789,29,-0.7857,25,-1.0256,38,-0.3917,56,0.23127
ENSG00000174444,RPL4,1127,1.32791,612,0.27367,528,0.03600,253,-1.1075,423,-0.3163,365,-0.5460,361,-0.5626,475,-0.1335,538,0.06491,483,-0.1075
ENSG00000166949,SMAD3,8,-1.6608,10,-1.3105,54,1.36284,35,0.59005,13,-0.9178,12,-1.1145,9,-1.4214,22,-0.1467,17,-0.5462,62,1.59671
ENSG00000103591,AAGAB,26,-0.7796,25,-0.8614,55,0.37027,61,0.55737,52,0.29783,74,0.87944,32,-0.4815,25,-0.8592,32,-0.4939,53,0.30929
ENSG00000189227,C15orf61,25,-1.3364,79,0.46941,56,-0.0842,66,0.16737,72,0.31800,90,0.68880,60,0.02465,45,-0.4172,42,-0.5318,56,-0.0746
ENSG00000137764,MAP2K5,13,-1.1644,15,-0.9229,35,0.38357,57,1.22648,32,0.23681,36,0.45838,20,-0.4867,18,-0.6140,23,-0.2910,25,-0.1357
ENSG00000033800,PIAS1,12,-1.8367,49,0.23754,82,1.11733,26,-0.7533,49,0.23010,39,-0.1308,41,-0.0393,40,-0.0707,44,0.05694,39,-0.1045
ENSG00000169018,FEM1B,50,-1.5527,195,0.55379,143,0.04290,119,-0.2449,201,0.60346,143,0.04790,172,0.34472,111,-0.3458,162,0.25187,92,-0.6416
ENSG00000103647,CORO2B,101,-0.3843,138,0.12242,181,0.55888,197,0.70476,108,-0.2651,120,-0.1077,158,0.33294,87,-0.6016,62,-1.1130,130,0.02702
ENSG00000140350,ANP32A,141,0.98095,82,0.07237,80,0.03394,48,-0.7616,110,0.55568,84,0.11620,51,-0.6716,60,-0.4246,47,-0.7876,80,0.02988
ENSG00000138604,GLCE,32,0.15630,16,-0.9241,68,1.45157,34,0.26856,15,-1.0341,22,-0.4267,18,-0.6987,20,-0.5440,34,0.23956,30,0.07430
ENSG00000137818,RPLP1,2215,1.38835,853,-0.2256,770,-0.3868,532,-0.9568,749,-0.4289,770,-0.3865,776,-0.3733,915,-0.1138,910,-0.1228,1338,0.50426
ENSG00000140332,TLE3,9,-1.3231,12,-0.9010,31,0.63024,18,-0.2467,15,-0.5378,12,-0.8417,31,0.59975,18,-0.2562,19,-0.1842,48,1.35383
ENSG00000166173,LARP6,216,1.41087,107,0.19511,97,0.03847,109,0.23197,81,-0.2496,85,-0.1691,60,-0.6952,32,-1.6249,97,0.04958,60,-0.7073
ENSG00000137821,LRRC49,14,-0.9410,33,0.37744,30,0.23234,35,0.46325,29,0.13934,20,-0.3870,29,0.17464,22,-0.2713,33,0.36723,16,-0.7385
ENSG00000066933,MYO9A,24,-0.7325,20,-0.9680,41,0.11397,49,0.42079,36,-0.0780,36,-0.0897,34,-0.1787,41,0.11370,40,0.08038,59,0.72480
ENSG00000067225,PKM,428,-1.1022,668,-0.4170,1001,0.22733,885,0.02794,1222,0.55642,1403,0.79058,703,-0.3379,530,-0.7755,756,-0.2231,1103,0.38576
ENSG00000137817,PARP6,47,0.00043,57,0.30831,50,0.10148,55,0.24388,67,0.58051,46,-0.0391,32,-0.5834,44,-0.1270,31,-0.6756,42,-0.1721
ENSG00000140488,CELF6,24,-0.1019,26,-0.0147,34,0.40175,49,1.04921,17,-0.6419,27,0.07776,27,0.03086,13,-1.0090,18,-0.5640,25,-0.0561
ENSG00000213614,HEXA,67,0.81335,27,-0.6622,42,0.05267,29,-0.5474,31,-0.4280,45,0.14352,23,-0.9020,39,-0.0899,45,0.16285,62,0.66936
ENSG00000166233,ARIH1,27,-1.1615,102,0.93453,71,0.31342,61,0.08698,61,0.08779,68,0.26168,38,-0.6441,35,-0.7757,53,-0.1585,64,0.14791
ENSG00000159322,ADPGK,24,0.39497,19,0.04073,16,-0.2295,22,0.26293,19,-0.0187,15,-0.3525,10,-0.9596,15,-0.3568,20,0.11664,28,0.61543
ENSG00000067141,NEO1,108,1.84226,33,-0.1829,34,-0.1434,29,-0.3992,23,-0.7827,23,-0.7726,29,-0.4264,32,-0.2493,22,-0.8527,43,0.23016
ENSG00000156642,NPTN,71,-2.9740,318,-0.7518,878,0.89106,614,0.28699,847,0.82856,794,0.71700,339,-0.6528,281,-0.9391,557,0.13098,439,-0.2503
ENSG00000067221,STOML1,35,-1.2572,62,-0.3997,123,0.69768,100,0.35197,113,0.55719,78,-0.0402,78,-0.0401,43,-0.9491,85,0.10004,84,0.07259
ENSG00000138623,SEMA7A,25,-0.4730,28,-0.3017,44,0.40271,37,0.14821,46,0.49558,52,0.68749,32,-0.0852,20,-0.8109,35,0.04268,21,-0.7691
ENSG00000138629,UBL7,52,-0.4981,65,-0.1572,99,0.53148,82,0.22907,85,0.28828,105,0.63723,55,-0.4130,34,-1.1339,51,-0.5110,85,0.27467
ENSG00000179335,CLK3,19,0.18202,11,-0.6776,20,0.26224,20,0.31759,21,0.34168,13,-0.3438,11,-0.6547,8,-1.0070,11,-0.5693,32,1.09650
ENSG00000103653,CSK,48,0.71690,39,0.35849,35,0.21576,28,-0.1734,27,-0.1868,47,0.67558,14,-1.1759,36,0.24257,14,-1.2136,21,-0.5959
ENSG00000140474,ULK3,49,0.45500,49,0.44965,37,-0.0133,45,0.29744,40,0.12369,45,0.32660,28,-0.4609,24,-0.6437,19,-1.0064,34,-0.1163
ENSG00000140497,SCAMP2,48,1.24878,39,0.89080,19,-0.2845,11,-1.0885,17,-0.4379,14,-0.7146,11,-1.0956,20,-0.2013,17,-0.4767,31,0.50654
ENSG00000178802,MPI,38,-0.5196,88,0.81924,26,-1.1100,64,0.27407,81,0.66899,60,0.17460,48,-0.1747,33,-0.7479,39,-0.4901,59,0.15668
ENSG00000178761,FAM219B,64,0.62008,37,-0.2535,52,0.26104,51,0.25070,55,0.36396,27,-0.7592,36,-0.3282,29,-0.6282,35,-0.3709,53,0.30111
ENSG00000178741,COX5A,143,-1.2211,369,0.25307,314,-0.0082,361,0.21525,441,0.54575,429,0.50238,355,0.19018,200,-0.7165,270,-0.2482,274,-0.2234
ENSG00000178718,RPP25,4,-2.2436,67,2.45770,4,-2.0502,9,-0.9572,6,-1.6257,15,-0.2216,10,-0.7724,8,-1.1233,27,0.68387,24,0.48991
ENSG00000198794,SCAMP5,79,-1.9826,420,0.59976,323,0.16612,323,0.16769,344,0.26948,446,0.70107,215,-0.4818,175,-0.7947,238,-0.3185,350,0.29425
ENSG00000140365,COMMD4,44,0.35860,32,-0.1552,41,0.20847,38,0.10599,26,-0.4610,48,0.47688,25,-0.5372,40,0.20400,34,-0.0807,27,-0.4397
ENSG00000140398,NEIL1,11,-0.5374,9,-0.8792,25,0.69564,19,0.24018,22,0.51076,32,1.14350,2,-2.7010,14,-0.2350,4,-1.8446,22,0.50947
ENSG00000140400,MAN2C1,62,0.73872,46,0.23286,56,0.55942,35,-0.1856,48,0.31010,42,0.08015,14,-1.5553,31,-0.4080,36,-0.1505,27,-0.6180
ENSG00000169375,SIN3A,30,0.51328,30,0.52751,26,0.25544,26,0.28631,19,-0.2205,9,-1.3288,11,-1.0486,17,-0.4141,17,-0.3973,34,0.70646
ENSG00000169410,PTPN9,3,-3.1418,22,-0.2746,35,0.45162,33,0.34059,18,-0.5592,33,0.33796,23,-0.1933,14,-0.9538,29,0.13669,54,1.19905
ENSG00000169371,SNUPN,31,0.14589,30,0.10174,41,0.58374,34,0.27437,31,0.12800,25,-0.2035,19,-0.6081,28,0.00857,29,0.02812,16,-0.8983
ENSG00000177971,IMP3,36,-1.0372,68,-0.0752,109,0.70176,78,0.14415,80,0.18456,89,0.35140,40,-0.9112,44,-0.7640,92,0.41168,77,0.13260
ENSG00000140367,UBE2Q2,29,-0.0041,30,0.05526,30,0.09037,44,0.71156,28,-0.0155,22,-0.4212,28,-0.0163,24,-0.2817,40,0.53367,11,-1.4114
ENSG00000167196,FBXO22,18,0.00440,18,-0.0007,25,0.49090,13,-0.5227,24,0.45845,19,0.10748,9,-1.0376,18,-0.0485,25,0.52985,12,-0.6304
ENSG00000140374,ETFA,48,-0.0165,31,-0.7085,62,0.39869,30,-0.7286,43,-0.1739,70,0.60661,32,-0.6454,56,0.23246,50,0.04743,62,0.39676
ENSG00000140386,SCAPER,18,-0.7854,37,0.30189,39,0.39994,30,0.01104,25,-0.3195,43,0.56438,16,-1.0151,39,0.41575,34,0.17524,23,-0.4574
ENSG00000117906,RCN2,76,-1.4475,230,0.26937,219,0.19512,201,0.05716,208,0.10600,295,0.68844,176,-0.1584,176,-0.1595,181,-0.1148,182,-0.1068
ENSG00000140391,TSPAN3,389,0.04104,428,0.19489,477,0.37442,392,0.05259,355,-0.1050,410,0.12814,315,-0.2939,328,-0.2306,325,-0.2432,371,-0.0320
ENSG00000173517,PEAK1,29,0.13013,12,-1.2092,29,0.11318,30,0.18599,27,-0.0077,19,-0.5224,20,-0.4745,38,0.55176,31,0.20457,35,0.39270
ENSG00000140382,HMG20A,19,-1.1845,41,0.00449,53,0.42185,47,0.24723,54,0.45410,36,-0.1776,41,0.00602,39,-0.0745,41,0.03625,35,-0.2148
ENSG00000169783,LINGO1,38,-2.4360,129,-0.6141,214,0.18305,306,0.77996,226,0.27839,188,-0.0206,160,-0.2727,98,-1.0394,266,0.54474,281,0.63901
ENSG00000166411,IDH3A,91,-0.2023,105,0.02327,95,-0.1350,98,-0.0795,163,0.74703,180,0.92325,92,-0.1907,54,-0.9991,83,-0.3531,73,-0.5435
ENSG00000103740,ACSBG1,43,-0.0283,86,1.14576,22,-1.0307,28,-0.6749,21,-1.0905,24,-0.9033,28,-0.7002,89,1.19568,28,-0.6810,66,0.67221
ENSG00000140403,DNAJA4,63,-0.9693,113,-0.0634,134,0.21288,145,0.33247,132,0.18652,158,0.48284,101,-0.2435,87,-0.4701,140,0.27430,104,-0.2000
ENSG00000140395,WDR61,55,-0.1265,30,-1.0771,85,0.57202,47,-0.3748,94,0.75760,85,0.58405,37,-0.7425,35,-0.8197,80,0.47824,48,-0.3448
ENSG00000136381,IREB2,14,-1.0994,38,0.48778,21,-0.4315,31,0.15300,20,-0.4962,40,0.55624,37,0.43660,25,-0.2066,28,-0.0073,28,-0.0278
ENSG00000041357,PSMA4,56,-1.1124,142,0.33460,121,0.07248,120,0.06268,155,0.47124,125,0.12465,112,-0.0511,80,-0.5725,149,0.41218,96,-0.2972
ENSG00000185787,MORF4L1,326,-1.0182,757,0.30570,678,0.12690,576,-0.1350,849,0.49586,726,0.23762,611,-0.0390,480,-0.4222,654,0.06752,610,-0.0418
ENSG00000103811,CTSH,133,2.20766,28,-0.5030,10,-2.0259,11,-1.8778,22,-0.8951,17,-1.2312,31,-0.3409,78,1.16367,16,-1.3296,42,0.12940
ENSG00000058335,RASGRF1,12,-3.4189,157,0.42299,143,0.26787,190,0.74241,169,0.54316,103,-0.2613,128,0.09072,74,-0.7741,132,0.13842,103,-0.2518
ENSG00000166557,TMED3,27,-0.4339,33,-0.1046,37,0.07576,64,0.98390,56,0.75695,36,0.03100,37,0.06116,17,-1.1103,21,-0.8245,26,-0.4870
ENSG00000086666,ZFAND6,41,-0.1766,88,1.07447,43,-0.0919,50,0.12264,33,-0.4939,33,-0.5061,51,0.16720,45,-0.0472,37,-0.3308,38,-0.2831
ENSG00000172379,ARNT2,86,-1.4363,214,-0.0437,296,0.48505,237,0.12257,216,-0.0261,252,0.22065,156,-0.5345,209,-0.0813,265,0.30263,266,0.30821
ENSG00000136379,ABHD17C,14,-0.8258,43,0.88273,34,0.53023,23,-0.0898,12,-1.0435,20,-0.3608,16,-0.6517,23,-0.1082,19,-0.4395,43,0.90436
ENSG00000117899,MESD,33,0.05048,45,0.56802,36,0.20319,22,-0.5930,32,0.01100,26,-0.3342,24,-0.4712,33,0.04180,31,-0.0435,38,0.26139
ENSG00000140406,TLNRD1,22,-0.2883,39,0.59820,27,-0.0023,31,0.22329,13,-1.0682,31,0.20152,29,0.11663,18,-0.6030,26,-0.0791,33,0.34241
ENSG00000182774,RPS17,605,0.82021,566,0.70662,328,-0.1865,269,-0.4939,317,-0.2402,224,-0.7786,329,-0.1791,341,-0.1259,322,-0.2134,385,0.06887
ENSG00000214575,CPEB1,33,0.04884,37,0.20698,54,0.85139,18,-0.9361,35,0.13162,25,-0.3852,25,-0.4139,18,-0.9159,38,0.23672,41,0.37684
ENSG00000103723,AP3B2,12,-2.6962,73,0.03888,90,0.37646,125,0.93444,95,0.46795,84,0.25880,67,-0.0944,36,-1.0660,51,-0.5355,81,0.19845
ENSG00000103942,HOMER2,10,-0.8165,19,0.24873,9,-0.8520,16,-0.0080,25,0.68951,10,-0.7594,19,0.26687,17,0.06468,9,-0.9442,29,0.94653
ENSG00000169612,RAMAC,18,-0.5219,35,0.56659,34,0.51809,26,0.05096,26,0.09169,37,0.66192,19,-0.4477,14,-0.9075,19,-0.4170,20,-0.2973
ENSG00000064726,BTBD1,12,-1.6546,53,0.63773,44,0.30119,34,-0.1083,41,0.19056,44,0.30528,18,-1.0373,25,-0.5500,61,0.86460,29,-0.3295
ENSG00000136404,TM6SF1,7,-2.5906,37,-0.1580,13,-1.7535,73,0.94094,62,0.67364,83,1.17528,50,0.30845,12,-1.8133,43,0.06437,31,-0.4179
ENSG00000166503,HDGFL3,117,-0.5424,164,-0.0135,179,0.12299,153,-0.1278,231,0.54020,193,0.24309,173,0.07008,137,-0.3041,142,-0.2414,168,0.02338
ENSG00000140600,SH3GL3,322,2.23178,85,-0.1567,96,0.04987,83,-0.1883,102,0.13291,75,-0.3542,42,-1.2140,36,-1.4563,60,-0.6866,34,-1.5457
ENSG00000140612,SEC11A,82,1.78512,32,0.15106,27,-0.1404,19,-0.6384,20,-0.5950,36,0.30712,15,-1.0048,30,0.05156,17,-0.8058,14,-1.0716
ENSG00000166716,ZNF592,31,0.74748,25,0.41781,18,-0.0861,24,0.33559,21,0.07832,19,-0.0783,13,-0.6580,9,-1.1218,10,-1.0226,25,0.41970
ENSG00000073417,PDE8A,150,3.63989,8,-1.7706,10,-1.4284,9,-1.5263,13,-0.9792,19,-0.4641,9,-1.5595,8,-1.6476,6,-2.1363,22,-0.2065
ENSG00000170776,AKAP13,5,-2.1122,7,-1.4796,29,0.63719,31,0.72068,26,0.47017,17,-0.2412,28,0.58906,19,-0.0258,17,-0.2585,17,-0.1925
ENSG00000140538,NTRK3,25,-1.7700,96,0.27365,170,1.25474,89,0.15382,56,-0.5830,48,-0.8086,62,-0.4115,79,-0.0409,87,0.11149,97,0.29554
ENSG00000259494,MRPL46,13,-1.2904,27,-0.1729,46,0.67272,45,0.65799,23,-0.4084,34,0.20080,37,0.30304,24,-0.3782,34,0.18461,20,-0.6700
ENSG00000181991,MRPS11,27,-1.0821,44,-0.3382,78,0.57287,75,0.50523,64,0.23792,86,0.72843,47,-0.2488,37,-0.6264,30,-0.9120,61,0.17644
ENSG00000140545,MFGE8,18,-2.0447,20,-1.8837,66,-0.0756,133,1.09016,31,-1.2395,52,-0.4641,68,-0.0445,82,0.27480,60,-0.2402,165,1.48040
ENSG00000140526,ABHD2,26,-1.8640,81,-0.1541,115,0.41087,84,-0.1028,76,-0.2534,106,0.27162,85,-0.0919,107,0.28454,83,-0.1234,132,0.63808
ENSG00000140521,POLG,35,0.52151,17,-0.6109,37,0.60099,25,-0.0327,21,-0.3034,46,0.97034,17,-0.5982,21,-0.2841,26,0.03862,9,-1.5474
ENSG00000166823,MESP1,18,-0.8638,48,0.63862,41,0.38354,33,0.05724,35,0.14098,41,0.40243,24,-0.4473,21,-0.6747,38,0.24051,23,-0.5377
ENSG00000157823,AP3S2,48,-0.0562,44,-0.1846,67,0.48585,51,0.03313,60,0.28721,71,0.56604,38,-0.4334,41,-0.3122,49,-0.0231,30,-0.7925
ENSG00000259291,ZNF710-AS1,38,0.23016,29,-0.2177,30,-0.1345,44,0.46349,24,-0.5132,8,-2.0968,42,0.38385,44,0.46534,25,-0.4488,46,0.55430
ENSG00000182054,IDH2,98,0.56171,73,0.08750,54,-0.3994,80,0.23539,30,-1.2826,63,-0.1532,54,-0.3863,63,-0.1401,65,-0.1107,113,0.80310
ENSG00000185033,SEMA4B,18,0.09894,43,1.62226,14,-0.2245,12,-0.4529,5,-1.8886,4,-1.9579,14,-0.2394,24,0.59472,11,-0.5722,20,0.30481
ENSG00000185043,CIB1,72,0.64863,33,-0.6022,84,0.89204,50,0.05679,15,-1.7743,25,-1.0069,37,-0.4344,56,0.23210,57,0.24481,57,0.25815
ENSG00000182768,NGRN,199,-1.3465,601,0.37912,458,-0.0594,484,0.02839,766,0.78827,553,0.24222,368,-0.4037,316,-0.6418,468,-0.0243,543,0.21361
ENSG00000140577,CRTC3,71,2.29440,12,-0.7430,29,0.62205,19,-0.0655,9,-1.0955,6,-1.6309,9,-1.1184,16,-0.2941,6,-1.6986,18,-0.0984
ENSG00000140564,FURIN,21,-0.5948,32,0.06923,36,0.25833,34,0.16502,32,0.04202,51,0.81982,21,-0.5690,31,0.01086,25,-0.3295,25,-0.3386
ENSG00000196547,MAN2A2,146,1.09699,95,0.37007,62,-0.3144,113,0.65969,78,0.03847,85,0.18499,22,-1.8827,31,-1.3420,70,-0.1180,55,-0.5100
ENSG00000184508,HDDC3,15,-0.7453,8,-1.7029,27,0.14685,23,-0.1293,40,0.78014,42,0.85385,27,0.13253,13,-0.9579,22,-0.1818,31,0.34554
ENSG00000140553,UNC45A,29,0.12864,49,0.96688,29,0.07800,20,-0.4951,18,-0.6467,33,0.29690,16,-0.8418,19,-0.5375,15,-0.9239,45,0.82049
ENSG00000184056,VPS33B,2,-3.1634,17,-0.1317,20,0.10858,20,0.12083,12,-0.6094,55,1.87956,9,-1.0829,14,-0.4892,24,0.43098,13,-0.5763
ENSG00000185518,SV2B,62,-2.4123,257,-0.2682,443,0.61728,466,0.70421,503,0.83268,348,0.21995,318,0.06956,160,-0.9978,283,-0.1118,201,-0.6520
ENSG00000176463,SLCO3A1,103,2.20006,40,0.45781,16,-0.9506,22,-0.4933,28,-0.1339,26,-0.1983,19,-0.6787,12,-1.3510,15,-1.0584,19,-0.6871
ENSG00000185442,FAM174B,6,-1.8818,15,-0.6475,22,-0.0515,27,0.26633,18,-0.3871,38,0.82455,17,-0.5095,19,-0.2750,44,1.04430,24,0.06496
ENSG00000272888,LINC01578,170,1.11178,130,0.63584,81,-0.1290,59,-0.6311,94,0.10835,56,-0.6951,73,-0.2943,76,-0.2185,55,-0.7269,84,-0.0714
ENSG00000173575,CHD2,72,0.29773,85,0.55783,59,-0.0331,45,-0.4524,51,-0.2700,49,-0.3119,34,-0.8673,55,-0.1484,39,-0.6840,113,1.04476
ENSG00000182175,RGMA,81,1.68009,24,-0.3754,26,-0.2611,8,-2.0587,44,0.60259,25,-0.3353,14,-1.2064,46,0.65333,7,-2.0942,31,0.03742
ENSG00000185551,NR2F2,9,-1.1862,32,0.70047,11,-0.9699,1,-3.6991,2,-3.1265,2,-3.2131,11,-1.0029,44,1.27946,8,-1.4087,86,2.63775
ENSG00000140443,IGF1R,28,-0.4985,35,-0.1394,48,0.34869,37,-0.0583,37,-0.0542,35,-0.1767,31,-0.3277,33,-0.2675,55,0.57985,47,0.30443
ENSG00000182253,SYNM,123,0.99213,64,-0.0949,114,0.85014,56,-0.3020,66,-0.0543,35,-1.0354,40,-0.8069,68,0.01317,67,-0.0144,46,-0.6185
ENSG00000068305,MEF2A,34,-1.5577,117,0.34774,195,1.22540,108,0.22496,63,-0.6193,93,-0.0240,77,-0.3264,67,-0.5260,92,-0.0347,96,0.02785
ENSG00000154237,LRRK1,18,0.01076,19,0.08803,8,-1.2578,27,0.63887,31,0.86530,25,0.47638,19,0.06790,8,-1.2603,20,0.15212,7,-1.3765
ENSG00000131871,SELENOS,37,0.30124,38,0.33384,27,-0.1824,30,-0.0423,27,-0.1847,23,-0.4370,29,-0.0884,28,-0.1526,30,-0.0583,38,0.34094
ENSG00000131876,SNRPA1,27,-0.7324,61,0.58350,49,0.22196,45,0.08250,57,0.47169,71,0.83574,25,-0.8058,26,-0.7569,35,-0.3003,30,-0.5316
ENSG00000184277,TM2D3,50,-1.4926,144,0.14411,179,0.50421,221,0.86484,157,0.29114,140,0.10063,55,-1.3422,93,-0.5447,174,0.45385,101,-0.4087
ENSG00000185418,TARSL2,61,1.23791,16,-0.9564,33,0.20590,31,0.08395,14,-1.1111,23,-0.3449,28,-0.0459,16,-0.9354,39,0.48039,30,0.05657
ENSG00000161980,POLR3K,9,-1.9931,31,-0.2568,42,0.23737,71,1.13395,43,0.28922,40,0.15744,24,-0.6525,21,-0.8346,41,0.19221,39,0.13586
ENSG00000161981,SNRNP25,15,-2.5710,113,0.45930,97,0.20140,64,-0.4508,95,0.17190,117,0.50951,96,0.18290,63,-0.4746,102,0.27792,92,0.12507
ENSG00000103152,MPG,42,-0.2654,36,-0.4842,69,0.55239,60,0.32220,70,0.56401,69,0.53437,36,-0.5053,31,-0.7325,39,-0.3606,42,-0.2566
ENSG00000103148,NPRL3,31,0.25689,32,0.29830,33,0.32796,27,0.04269,37,0.51985,22,-0.2798,18,-0.6358,34,0.39247,13,-1.0519,19,-0.5324
ENSG00000188536,HBA2,146,0.05722,233,0.83612,5,-4.8196,15,-3.3259,38,-1.9992,12,-3.6131,38,-2.0019,35,-2.1045,11,-3.7417,874,3.87322
ENSG00000206172,HBA1,75,0.29292,55,-0.2062,3,-4.3310,15,-2.1292,28,-1.2300,11,-2.5280,23,-1.5222,9,-2.9182,7,-3.3056,402,3.96950
ENSG00000007392,LUC7L,64,0.35774,90,0.93091,56,0.14002,56,0.15008,36,-0.5381,56,0.13650,31,-0.7854,24,-1.1679,38,-0.4557,61,0.28414
ENSG00000167930,FAM234A,80,2.15359,22,-0.1426,19,-0.3817,12,-1.0840,13,-0.8877,9,-1.4470,11,-1.1186,20,-0.2783,20,-0.2931,33,0.52457
ENSG00000076344,RGS11,68,1.49861,36,0.41469,28,0.00425,36,0.38016,24,-0.2496,28,0.02057,14,-1.1045,23,-0.3121,10,-1.5730,14,-1.0360
ENSG00000242173,ARHGDIG,108,-1.4284,379,0.53596,227,-0.2945,336,0.33671,315,0.23213,339,0.35122,223,-0.3220,161,-0.8244,396,0.61150,246,-0.1660
ENSG00000185615,PDIA2,88,2.03962,30,0.11144,21,-0.4091,29,0.04635,15,-0.9666,23,-0.3055,19,-0.6022,11,-1.4202,18,-0.6694,25,-0.1773
ENSG00000086504,MRPL28,100,-0.1538,80,-0.5079,140,0.39070,142,0.40981,94,-0.2572,151,0.51318,112,0.02150,104,-0.0904,76,-0.5802,104,-0.0988
ENSG00000103202,NME4,58,1.17505,20,-0.5556,40,0.55066,19,-0.6615,16,-0.9185,15,-1.0054,36,0.37765,36,0.35725,21,-0.4480,26,-0.1764
ENSG00000090565,RAB11FIP3,63,0.25729,74,0.52464,72,0.48602,38,-0.5375,53,-0.0302,31,-0.8359,38,-0.5446,38,-0.5308,48,-0.1836,81,0.68037
ENSG00000007541,PIGQ,48,0.21587,46,0.13995,50,0.27642,45,0.09338,39,-0.1090,35,-0.2906,33,-0.3642,25,-0.7865,38,-0.1726,61,0.61769
ENSG00000197562,RAB40C,34,-0.7454,43,-0.4049,88,0.75960,61,0.15455,86,0.73279,75,0.50369,51,-0.1179,39,-0.5585,29,-0.9774,46,-0.2841
ENSG00000130731,METTL26,94,-0.7221,127,-0.2563,216,0.59989,195,0.42792,185,0.34233,159,0.09421,104,-0.5661,127,-0.2620,142,-0.0878,148,-0.0185
ENSG00000172366,MCRIP2,49,0.24763,54,0.41526,26,-0.7340,42,0.01212,38,-0.1628,27,-0.6844,29,-0.5447,37,-0.2026,52,0.35557,64,0.69858
ENSG00000140983,RHOT2,54,0.16295,48,-0.0368,51,0.07781,80,0.80715,45,-0.1339,47,-0.0600,33,-0.6332,46,-0.0914,31,-0.6865,54,0.15039
ENSG00000103269,RHBDL1,17,-1.1314,72,1.15386,50,0.52687,43,0.27546,33,-0.1439,38,0.07886,16,-1.1958,29,-0.3724,39,0.11826,24,-0.6151
ENSG00000103266,STUB1,168,-0.2137,196,0.02977,176,-0.1395,220,0.21566,233,0.31491,210,0.14104,164,-0.2466,148,-0.4091,202,0.08411,204,0.09352
ENSG00000161999,JMJD8,22,-0.2922,49,0.98388,29,0.14072,13,-1.0715,16,-0.8351,32,0.28678,17,-0.7140,25,-0.1151,23,-0.2364,42,0.74133
ENSG00000127585,FBXL16,95,-2.1491,571,0.63272,485,0.35953,461,0.27616,367,-0.0901,246,-0.7168,386,-0.0108,501,0.41291,509,0.43839,265,-0.5988
ENSG00000103260,METRN,598,1.91643,163,-0.3386,181,-0.1774,119,-0.8245,68,-1.6761,80,-1.4250,148,-0.4875,310,0.70497,100,-1.0838,253,0.36678
ENSG00000103254,ANTKMT,79,-0.1340,96,0.16861,118,0.51418,84,-0.0494,76,-0.2033,98,0.19765,58,-0.6089,58,-0.6229,81,-0.0906,114,0.45786
ENSG00000103253,HAGHL,56,0.12417,31,-0.7706,37,-0.5090,75,0.61202,51,-0.0104,91,0.95047,42,-0.3230,37,-0.5172,43,-0.2900,52,0.00335
ENSG00000103245,CIAO3,22,-0.1426,29,0.32612,31,0.40123,27,0.21178,42,0.93250,17,-0.5184,6,-2.0275,21,-0.1869,21,-0.2052,22,-0.0986
ENSG00000007376,RPUSD1,11,-0.7121,11,-0.7387,17,-0.1159,40,1.35466,15,-0.2983,23,0.36778,15,-0.2777,11,-0.7411,19,0.09761,18,-0.0164
ENSG00000103227,LMF1,46,1.09139,21,-0.1533,30,0.38326,20,-0.2741,16,-0.5659,18,-0.4570,12,-1.0654,25,0.07764,26,0.13304,23,-0.0269
ENSG00000260807,AC009041.2,169,1.93532,53,-0.1099,95,0.86132,36,-0.6931,30,-0.9744,28,-1.0942,37,-0.6413,53,-0.1101,36,-0.6914,27,-1.1096
ENSG00000005513,SOX8,365,3.57988,40,-0.7121,37,-0.8269,30,-1.1538,19,-1.8466,21,-1.6595,36,-0.8875,24,-1.4741,35,-0.9327,29,-1.2256
ENSG00000103275,UBE2I,56,-0.7410,128,0.57797,123,0.51251,85,-0.0746,106,0.27220,95,0.09486,54,-0.7854,61,-0.6112,100,0.17152,89,-0.0132
ENSG00000007516,BAIAP3,80,-0.9107,95,-0.6559,273,1.06907,190,0.44419,107,-0.4643,125,-0.2296,135,-0.1051,112,-0.4041,164,0.21077,161,0.18049
ENSG00000007520,TSR3,105,0.88447,50,-0.3250,47,-0.4294,48,-0.3702,51,-0.2956,94,0.70709,51,-0.2812,61,-0.0149,56,-0.1407,50,-0.3148
ENSG00000090581,GNPTG,115,0.42443,118,0.46673,144,0.79736,98,0.17023,114,0.41637,64,-0.5148,69,-0.3857,61,-0.5813,66,-0.4638,36,-1.3854
ENSG00000059145,UNKL,18,0.08413,21,0.35900,16,-0.1297,21,0.33443,21,0.33303,11,-0.6273,11,-0.6160,11,-0.5899,14,-0.3191,25,0.63120
ENSG00000174109,C16orf91,0,-4.5144,25,0.51342,27,0.65359,19,0.10387,28,0.69942,26,0.61165,10,-0.9365,10,-0.8616,11,-0.8131,24,0.46358
ENSG00000103249,CLCN7,99,0.88407,55,-0.0772,68,0.24473,62,0.09818,39,-0.6184,82,0.55322,32,-0.9377,46,-0.3675,39,-0.6145,60,0.03905
ENSG00000100726,TELO2,38,0.89095,26,0.25679,22,0.01429,15,-0.5535,17,-0.4061,25,0.17258,14,-0.6605,20,-0.1805,24,0.12531,20,-0.1861
ENSG00000138834,MAPK8IP3,145,-0.2901,139,-0.3563,192,0.15911,263,0.67715,185,0.09379,211,0.31092,153,-0.2045,149,-0.2477,159,-0.1495,146,-0.2788
ENSG00000103024,NME3,146,0.81128,92,0.04274,106,0.27938,72,-0.3429,75,-0.2688,102,0.21589,61,-0.5847,75,-0.2636,54,-0.7925,109,0.32350
ENSG00000074071,MRPS34,74,-0.1316,103,0.40187,90,0.18864,88,0.13976,89,0.17475,61,-0.4332,68,-0.2583,49,-0.7561,92,0.22423,88,0.14423
ENSG00000162032,SPSB3,59,0.42867,43,-0.0777,48,0.07861,49,0.13213,55,0.32629,71,0.72648,27,-0.8204,38,-0.2753,21,-1.1906,42,-0.1019
ENSG00000095906,NUBP2,55,0.24004,50,0.07838,39,-0.3056,61,0.40134,31,-0.6648,39,-0.3058,61,0.40976,41,-0.2416,35,-0.4785,63,0.45533
ENSG00000063854,HAGH,66,-0.8994,136,0.23413,158,0.48282,205,0.92565,93,-0.3601,183,0.72505,77,-0.6510,70,-0.8147,92,-0.3864,95,-0.3370
ENSG00000180185,FAHD1,14,-0.9404,20,-0.4117,22,-0.2182,24,-0.0892,27,0.10795,40,0.72196,33,0.39635,28,0.15469,29,0.20959,19,-0.4945
ENSG00000140990,NDUFB10,208,-0.0119,223,0.09448,208,-0.0161,233,0.16954,190,-0.1589,245,0.25018,215,0.04081,161,-0.4183,195,-0.1182,221,0.08118
ENSG00000140988,RPS2,983,1.50199,415,0.01969,287,-0.5636,337,-0.3106,363,-0.1934,343,-0.2840,273,-0.6367,386,-0.0958,332,-0.3338,382,-0.1128
ENSG00000255198,SNHG9,76,1.05576,37,-0.1489,39,-0.0497,28,-0.5371,25,-0.7388,53,0.45558,16,-1.3819,44,0.16220,22,-0.9279,61,0.68897
ENSG00000183751,TBL3,29,0.88024,25,0.63497,24,0.56494,16,-0.0482,19,0.21895,11,-0.5856,10,-0.8282,13,-0.4058,9,-0.9698,12,-0.5300
ENSG00000127561,SYNGR3,42,-2.4785,318,0.64374,205,-0.0756,248,0.23116,290,0.48849,394,1.01575,170,-0.3662,103,-1.1430,219,0.02893,160,-0.4673
ENSG00000167962,ZNF598,24,0.51677,32,0.96577,11,-0.6620,14,-0.3143,20,0.23261,18,0.03671,15,-0.2761,18,0.07873,12,-0.5532,10,-0.8091
ENSG00000065054,SLC9A3R2,176,2.58647,56,0.41339,29,-0.6464,32,-0.4796,34,-0.3756,19,-1.2918,25,-0.8345,29,-0.6292,13,-1.7610,22,-1.0462
ENSG00000065057,NTHL1,43,0.22122,44,0.25554,35,-0.1003,45,0.28277,37,-0.0427,40,0.07483,52,0.51213,21,-0.8908,30,-0.3541,30,-0.3573
ENSG00000103197,TSC2,69,0.36128,92,0.84090,77,0.54219,43,-0.3823,70,0.37663,43,-0.4055,34,-0.7481,53,-0.0694,36,-0.6730,36,-0.6790
ENSG00000008710,PKD1,92,-0.0447,107,0.19662,135,0.58398,81,-0.2403,124,0.43632,115,0.32297,80,-0.2649,74,-0.3913,56,-0.8054,81,-0.2433
ENSG00000167964,RAB26,40,-0.3190,47,-0.0569,75,0.68879,39,-0.3475,56,0.21272,63,0.40853,45,-0.1566,30,-0.7740,58,0.26187,38,-0.3996
ENSG00000260260,SNHG19,45,1.22621,48,1.31626,15,-0.5406,4,-2.5709,10,-1.1017,17,-0.4152,21,-0.0236,21,-0.0289,8,-1.4094,27,0.35741
ENSG00000131653,TRAF7,23,-0.2583,34,0.32281,30,0.11488,22,-0.3829,23,-0.3146,35,0.39333,27,-0.0088,25,-0.1792,32,0.21426,26,-0.0867
ENSG00000167971,CASKIN1,32,-1.5014,49,-0.8362,83,-0.0320,66,-0.3833,108,0.40633,91,0.12648,107,0.38955,92,0.13346,84,-0.0128,132,0.73102
ENSG00000167965,MLST8,54,-0.1968,36,-0.8192,52,-0.2486,57,-0.0976,74,0.30599,86,0.55773,76,0.34847,49,-0.3529,45,-0.4611,81,0.46285
ENSG00000184207,PGP,23,-2.2459,106,0.06692,126,0.33467,148,0.61115,135,0.45588,147,0.59707,97,-0.0832,64,-0.7217,78,-0.4298,96,-0.0906
ENSG00000167967,E4F1,25,0.33928,21,0.06147,20,-0.0637,25,0.32890,27,0.42456,34,0.81853,6,-1.7880,15,-0.5149,14,-0.5466,18,-0.2279
ENSG00000167969,ECI1,73,0.85211,81,1.04539,28,-0.6997,28,-0.6576,28,-0.6710,44,0.01560,34,-0.3612,47,0.11141,31,-0.5147,40,-0.1433
ENSG00000205937,RNPS1,131,-0.5982,167,-0.2175,211,0.15694,230,0.29618,210,0.14945,302,0.75107,138,-0.5166,147,-0.4178,205,0.10818,174,-0.1495
ENSG00000167972,ABCA3,41,-1.1844,66,-0.4740,93,0.07562,152,0.88471,114,0.40199,145,0.80593,56,-0.7361,64,-0.5106,66,-0.4609,93,0.06339
ENSG00000162065,TBC1D24,7,-3.2073,72,0.20560,87,0.52448,72,0.20578,78,0.35058,55,-0.2255,53,-0.2731,51,-0.3240,59,-0.0946,96,0.69322
ENSG00000185883,ATP6V0C,421,-1.7093,1311,0.03614,1662,0.42359,1429,0.17603,1688,0.44936,1748,0.50698,1369,0.10666,834,-0.6738,1075,-0.2794,1278,-0.0047
ENSG00000140992,PDPK1,27,-2.0952,100,-0.1382,160,0.61839,169,0.71535,100,-0.1524,91,-0.2883,84,-0.4097,113,0.04352,149,0.49821,102,-0.1143
ENSG00000167978,SRRM2,253,1.14515,153,0.29106,116,-0.1523,118,-0.1206,122,-0.0787,107,-0.2739,101,-0.3714,98,-0.4175,60,-1.1714,150,0.25655
ENSG00000103363,ELOB,470,-0.0215,514,0.12123,446,-0.1076,460,-0.0556,467,-0.0317,544,0.21261,418,-0.2080,382,-0.3527,369,-0.4045,697,0.62300
ENSG00000162076,FLYWCH2,28,-0.1063,58,1.08111,36,0.26206,41,0.48050,22,-0.4619,27,-0.1513,15,-1.0349,22,-0.4846,21,-0.5958,32,0.08214
ENSG00000059122,FLYWCH1,54,0.08954,59,0.25269,74,0.62004,59,0.23087,65,0.40414,45,-0.1779,32,-0.7274,31,-0.7742,36,-0.5223,52,0.04499
ENSG00000162073,PAQR4,123,1.85995,22,-1.0260,27,-0.7212,33,-0.3908,30,-0.5418,58,0.51188,19,-1.1930,19,-1.1846,41,-0.0680,52,0.33776
ENSG00000103145,HCFC1R1,108,-0.6692,198,0.28100,110,-0.6391,190,0.21721,218,0.44509,299,0.98279,150,-0.1649,125,-0.4501,130,-0.3857,132,-0.3622
ENSG00000006194,ZNF263,4,-2.5091,19,-0.2566,27,0.34647,38,0.90531,19,-0.2539,18,-0.3242,20,-0.1397,8,-1.4983,20,-0.1177,47,1.26394
ENSG00000122390,NAA60,42,0.19261,57,0.69829,38,0.05932,24,-0.6553,15,-1.3769,28,-0.4408,41,0.17857,29,-0.3862,44,0.29687,51,0.52771
ENSG00000103351,CLUAP1,17,-0.6591,17,-0.6560,48,1.02984,23,-0.2149,25,-0.0297,26,0.00201,18,-0.5759,26,0.02325,40,0.69981,19,-0.4731
ENSG00000126602,TRAP1,38,-1.0883,82,0.09077,103,0.46013,86,0.15625,82,0.08682,112,0.59735,58,-0.4650,57,-0.4817,93,0.28881,66,-0.2659
ENSG00000005339,CREBBP,57,-0.0011,52,-0.1507,70,0.33757,56,-0.0238,56,-0.0139,60,0.07662,48,-0.2624,50,-0.1880,54,-0.0860,65,0.22635
ENSG00000162104,ADCY9,7,-1.4550,17,-0.1513,30,0.79182,32,0.90680,15,-0.3657,11,-0.8329,12,-0.6556,14,-0.4244,15,-0.3211,33,0.92535
ENSG00000217930,PAM16,52,-0.1553,44,-0.4344,94,0.80144,48,-0.2775,64,0.16489,60,0.06752,60,0.04956,30,-0.9865,55,-0.0893,70,0.31248
ENSG00000262246,CORO7,74,1.96868,12,-1.0005,21,-0.2227,24,-0.0119,8,-1.6046,36,0.66048,16,-0.6559,12,-1.1079,17,-0.5170,21,-0.2303
ENSG00000103423,DNAJA3,20,-1.3118,57,0.31991,53,0.18857,56,0.29490,43,-0.1316,45,-0.0565,47,0.02089,35,-0.4359,37,-0.3587,74,0.75007
ENSG00000153406,NMRAL1,54,0.22407,56,0.28457,57,0.30511,60,0.39198,41,-0.2399,39,-0.2803,48,0.03343,29,-0.7302,27,-0.8828,60,0.38153
ENSG00000103415,HMOX2,91,-0.1231,99,-0.0015,87,-0.1979,207,1.24851,83,-0.2732,119,0.30097,81,-0.3174,42,-1.3012,103,0.06669,75,-0.4235
ENSG00000089486,CDIP1,128,-0.7768,299,0.57228,219,0.06265,287,0.50327,239,0.20542,278,0.44892,199,-0.0890,162,-0.4130,128,-0.7827,168,-0.3585
ENSG00000153443,UBALD1,23,-0.8966,27,-0.6490,85,1.23643,59,0.60321,45,0.16531,39,-0.0757,36,-0.2070,42,0.04865,29,-0.5454,23,-0.8562
ENSG00000102858,MGRN1,27,-0.6539,44,0.08629,74,0.94141,45,0.10916,36,-0.2379,42,0.00572,34,-0.3294,51,0.32437,30,-0.5315,35,-0.2688
ENSG00000168101,NUDT16L1,53,0.08951,75,0.64392,67,0.44930,51,0.01767,28,-0.8998,61,0.29593,33,-0.6763,41,-0.3363,37,-0.4668,59,0.25357
ENSG00000067836,ROGDI,276,1.30431,72,-0.8850,126,-0.0261,106,-0.2919,200,0.73318,111,-0.2206,85,-0.6413,100,-0.3878,81,-0.7186,122,-0.0758
ENSG00000140632,GLYR1,48,-1.0444,91,-0.0496,106,0.18465,102,0.13120,130,0.52878,107,0.20088,95,0.00830,59,-0.7366,105,0.17419,99,0.08597
ENSG00000118900,UBN1,11,-0.4556,22,0.64003,30,1.13747,14,-0.0444,15,0.02230,10,-0.5366,11,-0.5088,11,-0.4028,13,-0.2686,11,-0.4170
ENSG00000118898,PPL,4,-2.3843,28,0.64738,28,0.62814,21,0.14246,24,0.36830,12,-0.6245,26,0.52489,11,-0.7616,20,0.12664,14,-0.4559
ENSG00000103184,SEC14L5,77,1.43233,34,0.03209,59,0.96453,27,-0.3082,44,0.45499,14,-1.3029,16,-1.0929,17,-1.0069,17,-1.0199,25,-0.4006
ENSG00000103174,NAGPA,7,-2.7059,30,-0.5447,74,0.91517,56,0.46296,56,0.45777,60,0.55262,22,-1.0028,23,-0.9650,62,0.63189,34,-0.3413
ENSG00000078328,RBFOX1,39,-2.7537,260,0.11799,444,1.01474,313,0.41712,354,0.62284,269,0.17302,187,-0.4105,167,-0.5810,227,-0.1014,160,-0.6508
ENSG00000183044,ABAT,81,-1.2230,273,0.70107,158,-0.1979,193,0.12512,126,-0.5463,202,0.19967,182,0.03040,148,-0.2925,217,0.31513,205,0.22262
ENSG00000153048,CARHSP1,120,2.65206,12,-1.3236,20,-0.5809,19,-0.6580,10,-1.5430,20,-0.5568,24,-0.3033,25,-0.1974,12,-1.3430,26,-0.1417
ENSG00000187555,USP7,62,-0.5283,111,0.39212,117,0.47777,86,-0.0192,98,0.18878,72,-0.3115,48,-0.9280,79,-0.1545,104,0.28799,95,0.13042
ENSG00000182831,C16orf72,24,-0.3270,31,0.08512,31,0.09102,35,0.28607,38,0.42736,20,-0.5739,40,0.49969,21,-0.4851,21,-0.5379,32,0.12700
ENSG00000183454,GRIN2A,24,-3.2575,232,0.13154,303,0.57470,253,0.27629,248,0.24242,158,-0.4711,258,0.30399,116,-0.9434,325,0.69112,217,0.02672
ENSG00000182108,DEXI,42,-0.9076,80,0.07405,78,0.04279,76,0.00473,86,0.18696,132,0.91323,75,-0.0279,51,-0.6226,68,-0.1798,73,-0.0628
ENSG00000038532,CLEC16A,12,-0.6009,42,1.36549,22,0.26249,27,0.60559,14,-0.3835,13,-0.5765,7,-1.5165,9,-1.1250,17,-0.1079,22,0.29260
ENSG00000189067,LITAF,178,3.94434,5,-2.4570,9,-1.6589,17,-0.7327,3,-3.2020,3,-3.3178,12,-1.3035,24,-0.2127,13,-1.1551,14,-1.0358
ENSG00000184602,SNN,96,-0.9482,163,-0.1306,318,0.97238,266,0.66422,148,-0.2878,152,-0.2440,148,-0.2854,109,-0.7607,209,0.26329,164,-0.1200
ENSG00000122299,ZC3H7A,22,0.12534,32,0.77366,32,0.76718,13,-0.6013,18,-0.1498,15,-0.4080,10,-1.0770,7,-1.6064,11,-0.9086,39,1.12981
ENSG00000171490,RSL1D1,59,0.10252,45,-0.2999,70,0.39085,90,0.80092,46,-0.2865,48,-0.2278,55,-0.0044,43,-0.3715,46,-0.2849,49,-0.1899
ENSG00000103342,GSPT1,52,-0.5856,81,0.09823,105,0.52608,118,0.71491,76,-0.0091,54,-0.5339,60,-0.3891,66,-0.2333,63,-0.3030,88,0.22167
ENSG00000237515,SHISA9,9,-2.1103,61,0.82422,54,0.61633,34,-0.1304,41,0.15351,33,-0.1900,20,-0.9696,35,-0.0830,44,0.27744,39,0.10534
ENSG00000186260,MRTFB,28,-2.7876,172,-0.0840,375,1.22979,209,0.23052,218,0.29969,155,-0.2472,126,-0.5695,139,-0.4177,266,0.62712,124,-0.5974
ENSG00000140694,PARN,24,-0.0900,28,0.18652,30,0.29943,33,0.42474,29,0.19846,40,0.76853,14,-0.8668,21,-0.3150,19,-0.4208,14,-0.9368
ENSG00000103429,BFAR,24,0.23810,16,-0.3906,30,0.63455,26,0.36147,17,-0.2632,20,-0.0702,18,-0.1818,18,-0.1833,20,-0.0498,16,-0.3880
ENSG00000103512,NOMO1,39,-1.0566,103,0.46662,111,0.59756,89,0.22550,109,0.56076,63,-0.3068,53,-0.5880,37,-1.1196,88,0.21977,79,0.03190
ENSG00000183426,NPIPA1,36,1.05753,14,-0.5091,36,1.03383,15,-0.3424,23,0.27035,30,0.72119,16,-0.2419,6,-1.5882,8,-1.2055,6,-1.6859
ENSG00000179889,PDXDC1,31,-0.7067,26,-1.0007,54,0.13445,71,0.59311,42,-0.2543,76,0.69859,41,-0.2989,37,-0.4526,65,0.44743,52,0.06153
ENSG00000157045,NTAN1,5,-2.3486,19,-0.5100,16,-0.7760,36,0.51399,40,0.67759,30,0.21934,24,-0.1629,18,-0.6213,46,0.91092,30,0.19017
ENSG00000085721,RRN3,13,-0.9849,41,0.76160,33,0.39290,13,-0.9905,24,-0.1207,36,0.53137,15,-0.8527,24,-0.1257,30,0.23980,28,0.16242
ENSG00000166780,BMERB1,88,-1.5864,315,0.39754,301,0.32022,227,-0.1311,474,1.09406,304,0.33498,216,-0.2100,132,-0.9702,222,-0.1660,189,-0.4205
ENSG00000166783,MARF1,51,-0.6385,77,0.00655,73,-0.0774,110,0.59021,129,0.86990,45,-0.8134,94,0.34538,55,-0.5169,65,-0.2453,65,-0.2640
ENSG00000133393,FOPNL,20,-0.3854,9,-1.5636,21,-0.3502,45,0.89919,42,0.81135,45,0.93146,28,0.13443,16,-0.7584,13,-1.0156,19,-0.4945
ENSG00000103489,XYLT1,11,-1.4134,24,-0.2656,33,0.23255,53,1.02299,35,0.31994,44,0.71758,29,0.01363,19,-0.5795,13,-1.1885,23,-0.2986
ENSG00000134419,RPS15A,731,1.31515,391,0.23810,324,-0.0625,298,-0.1970,296,-0.2089,237,-0.5569,189,-0.8991,323,-0.0690,217,-0.6898,366,0.13369
ENSG00000170540,ARL6IP1,195,-1.5259,702,0.47221,326,-0.7465,694,0.45469,807,0.70619,634,0.30504,456,-0.2263,378,-0.5188,625,0.28001,438,-0.2903
ENSG00000157106,SMG1,35,-0.3508,78,0.94476,52,0.27747,31,-0.5313,31,-0.5700,38,-0.2285,32,-0.5059,42,-0.0932,36,-0.3278,66,0.65728
ENSG00000103528,SYT17,21,-0.7111,58,0.94135,51,0.70908,31,-0.1048,58,0.92741,20,-0.7924,14,-1.2996,37,0.20188,19,-0.8187,20,-0.7314
ENSG00000006007,GDE1,121,0.54980,87,0.00420,112,0.42326,97,0.18153,100,0.23648,80,-0.1193,49,-0.8876,77,-0.1813,75,-0.2339,67,-0.4034
ENSG00000103540,CCP110,115,1.47144,60,0.35237,35,-0.4819,46,-0.0701,45,-0.1283,55,0.22106,26,-0.9485,32,-0.6604,33,-0.6060,36,-0.4391
ENSG00000103544,VPS35L,63,0.47910,34,-0.5106,46,-0.0414,39,-0.2966,60,0.39842,33,-0.5460,58,0.32742,30,-0.7034,41,-0.2041,66,0.55682
ENSG00000174628,IQCK,29,0.50385,26,0.34971,17,-0.3323,8,-1.4145,11,-1.0468,21,-0.0086,10,-1.1374,37,0.93182,20,-0.1277,33,0.70082
ENSG00000167191,GPRC5B,1025,2.40642,232,-0.2758,129,-1.1794,135,-1.1127,135,-1.1115,177,-0.6948,105,-1.4818,431,0.73553,135,-1.1083,257,-0.1144
ENSG00000066654,THUMPD1,25,-0.6475,70,1.00763,46,0.29538,47,0.35305,29,-0.4384,36,-0.0799,21,-0.8949,24,-0.7204,43,0.19177,40,0.06020
ENSG00000102897,LYRM1,13,-1.5310,46,0.40724,27,-0.4376,41,0.23839,41,0.24954,35,-0.0011,24,-0.6171,36,0.04554,37,0.06929,54,0.68325
ENSG00000103316,CRYM,31,-2.9506,167,-0.4618,284,0.39372,483,1.30978,262,0.25756,300,0.48330,165,-0.4748,66,-1.8561,312,0.54887,162,-0.5071
ENSG00000197006,METTL9,86,-0.1587,122,0.40431,88,-0.1270,84,-0.1951,97,0.03509,91,-0.0613,117,0.34431,77,-0.3351,87,-0.1339,100,0.08600
ENSG00000140740,UQCRC2,93,-1.2618,207,-0.0398,235,0.16591,308,0.61182,260,0.33233,284,0.47623,182,-0.2389,118,-0.9077,172,-0.3254,259,0.32490
ENSG00000185716,MOSMO,10,-2.5064,52,-0.0687,93,0.88520,80,0.64424,58,0.12055,48,-0.1894,47,-0.2312,43,-0.3781,66,0.31073,45,-0.2793
ENSG00000058600,POLR3E,18,-0.0209,22,0.23981,23,0.36708,10,-0.8601,15,-0.3437,30,0.80018,17,-0.1770,9,-1.1072,34,0.98724,7,-1.3914
ENSG00000140743,CDR2,2,-3.5092,28,0.49166,27,0.42647,31,0.65845,29,0.55629,35,0.88613,12,-0.8253,11,-0.8906,18,-0.2217,13,-0.7313
ENSG00000122254,HS3ST2,19,-0.7189,42,0.50595,0,-7.3022,9,-1.8455,173,3.46579,40,0.40765,20,-0.6390,3,-3.1382,0,-5.2885,2,-3.7229
ENSG00000103404,USP31,20,0.27809,17,0.01872,13,-0.4289,16,-0.0575,34,1.16562,9,-0.9180,10,-0.7634,18,0.12221,11,-0.6187,19,0.23329
ENSG00000103365,GGA2,11,-1.5688,74,1.48076,40,0.39962,24,-0.4227,29,-0.1206,32,0.06109,21,-0.6366,32,0.06451,27,-0.2455,22,-0.5678
ENSG00000103353,UBFD1,7,-3.0292,74,0.54855,35,-0.6297,88,0.83071,51,-0.0675,70,0.43652,57,0.10888,45,-0.2646,52,-0.0220,52,-0.0339
ENSG00000004779,NDUFAB1,62,-2.2040,260,-0.0324,284,0.11010,307,0.23436,297,0.17976,353,0.46549,253,-0.0768,166,-0.7354,323,0.31811,349,0.44570
ENSG00000166847,DCTN5,45,-0.6327,40,-0.8041,81,0.29185,52,-0.4079,79,0.25670,82,0.30585,58,-0.2443,70,0.05558,81,0.28996,88,0.42058
ENSG00000166501,PRKCB,74,-2.7025,227,-1.0409,780,0.94157,407,-0.1353,468,0.08529,548,0.34223,528,0.28370,602,0.49853,423,-0.0750,377,-0.2564
ENSG00000006116,CACNG3,11,-3.6538,106,-0.2827,291,1.42477,128,0.02298,138,0.14205,140,0.17189,81,-0.6872,78,-0.7422,160,0.38083,130,0.04216
ENSG00000122257,RBBP6,16,-1.0649,29,-0.1882,52,0.72946,27,-0.3217,30,-0.1637,36,0.13190,28,-0.2809,36,0.12000,56,0.86362,21,-0.6758
ENSG00000090905,TNRC6A,53,-0.0992,77,0.51999,47,-0.2847,40,-0.5355,75,0.48101,59,0.08407,51,-0.1460,39,-0.5465,46,-0.2899,72,0.41372
ENSG00000205629,LCMT1,47,-0.5942,79,0.20943,87,0.36884,42,-0.7931,84,0.30953,118,0.87627,55,-0.3746,38,-0.9315,71,0.03726,73,0.07990
ENSG00000169189,NSMCE1,46,0.43451,56,0.75154,30,-0.2389,41,0.24161,42,0.26919,18,-1.0361,19,-0.9532,27,-0.3963,24,-0.6264,50,0.56233
ENSG00000077235,GTF3C1,34,-0.9147,68,0.16821,62,0.00568,83,0.48378,62,0.01204,66,0.11640,61,-0.0103,45,-0.4845,76,0.33786,58,-0.0956
ENSG00000169180,XPO6,73,0.39438,45,-0.3603,61,0.10933,65,0.22005,63,0.15974,50,-0.2005,45,-0.3889,45,-0.3705,85,0.64489,38,-0.6221
ENSG00000188322,SBK1,11,-0.9858,28,0.44595,24,0.20064,17,-0.3333,17,-0.3124,35,0.81334,23,0.14112,21,-0.0304,13,-0.7211,23,0.08221
ENSG00000196502,SULT1A1,22,-0.8230,47,0.34592,55,0.60008,59,0.71286,34,-0.1680,29,-0.4128,27,-0.5244,30,-0.3629,37,-0.0362,39,0.04652
ENSG00000168488,ATXN2L,21,-0.8141,38,0.09588,54,0.66877,52,0.61896,46,0.42353,49,0.52374,22,-0.7050,28,-0.3704,22,-0.7161,23,-0.6815
ENSG00000178952,TUFM,164,0.06593,208,0.45157,117,-0.4731,139,-0.2006,187,0.27945,172,0.13927,119,-0.4364,119,-0.4441,172,0.13893,179,0.20290
ENSG00000178188,SH2B1,67,0.72315,54,0.35758,49,0.19030,49,0.21074,39,-0.1822,38,-0.2202,30,-0.5782,22,-1.0105,44,0.01313,41,-0.0766
ENSG00000176953,NFATC2IP,30,0.38641,21,-0.2315,22,-0.1158,15,-0.7452,18,-0.4562,42,0.91311,28,0.25281,17,-0.5165,16,-0.6057,30,0.38324
ENSG00000169682,SPNS1,43,0.99607,22,-0.0934,26,0.15747,19,-0.3568,14,-0.7551,34,0.57616,11,-1.1670,20,-0.2174,17,-0.5130,29,0.34502
ENSG00000183336,BOLA2,3,-2.6092,24,0.22386,18,-0.2111,20,-0.0536,31,0.64308,29,0.53107,26,0.35087,16,-0.4034,25,0.31421,15,-0.4801
ENSG00000103485,QPRT,16,-0.3213,25,0.40480,4,-2.1270,14,-0.4920,46,1.45784,17,-0.2095,16,-0.2657,24,0.37303,5,-2.0705,26,0.48281
ENSG00000079616,KIF22,31,0.15153,33,0.26871,32,0.22264,13,-1.1135,29,0.03719,30,0.12023,40,0.59288,25,-0.1471,20,-0.4816,25,-0.1688
ENSG00000103495,MAZ,112,0.35790,129,0.58355,77,-0.2524,66,-0.4770,101,0.19051,95,0.09159,73,-0.3220,67,-0.4688,99,0.15250,80,-0.1835
ENSG00000167371,PRRT2,32,-2.1429,102,-0.3973,288,1.32925,139,0.08642,162,0.33850,97,-0.4842,143,0.13566,157,0.28633,102,-0.3954,93,-0.5377
ENSG00000280789,PAGR1,66,1.39798,38,0.43292,40,0.50880,15,-1.0136,20,-0.5723,18,-0.7209,13,-1.1587,22,-0.4074,17,-0.7955,40,0.51292
ENSG00000103502,CDIPT,61,-0.8863,133,0.34197,121,0.18624,119,0.15702,120,0.17885,125,0.24057,79,-0.4849,70,-0.6672,116,0.11478,133,0.33987
ENSG00000174938,SEZ6L2,73,-2.3620,397,0.22232,329,-0.0782,347,0.00675,526,0.69054,487,0.56154,336,-0.0457,211,-0.7696,396,0.21965,355,0.04085
ENSG00000174939,ASPHD1,203,1.54882,79,-0.0786,88,0.09768,87,0.09141,46,-0.9123,59,-0.5330,60,-0.5005,45,-0.9247,89,0.12915,69,-0.2799
ENSG00000174943,KCTD13,20,-0.8933,31,-0.1796,39,0.17939,41,0.26509,38,0.13292,35,-0.0129,30,-0.2608,26,-0.4679,48,0.51649,42,0.30219
ENSG00000149932,TMEM219,294,1.67716,79,-0.5525,90,-0.3364,75,-0.6236,70,-0.7185,98,-0.2121,127,0.20349,107,-0.0644,84,-0.4483,93,-0.2825
ENSG00000149930,TAOK2,43,0.05311,31,-0.4601,39,-0.0992,63,0.67309,50,0.27125,34,-0.3486,39,-0.1172,43,0.04587,23,-0.9222,54,0.39824
ENSG00000149929,HIRIP3,50,0.94720,29,0.08168,34,0.33939,15,-0.9049,28,-0.0146,22,-0.3337,18,-0.6965,36,0.40887,11,-1.3643,35,0.36105
ENSG00000169592,INO80E,39,0.20025,47,0.48643,30,-0.2033,23,-0.6232,50,0.58820,20,-0.8706,31,-0.1859,32,-0.1044,23,-0.6273,51,0.62898
ENSG00000149927,DOC2A,25,-2.5512,79,-0.8719,239,0.90774,211,0.68708,195,0.55686,119,-0.2461,108,-0.3961,102,-0.4867,160,0.23467,148,0.10622
ENSG00000149926,TLCD3B,1,-4.6880,27,-0.1509,35,0.24527,31,0.03564,51,0.87750,19,-0.7044,51,0.86988,21,-0.5514,21,-0.5212,43,0.57060
ENSG00000149925,ALDOA,67,-1.0800,177,0.43889,155,0.22132,160,0.26487,146,0.12283,210,0.72394,68,-1.0750,60,-1.2646,155,0.22045,155,0.22299
ENSG00000149923,PPP4C,37,-0.1119,39,-0.0258,45,0.22362,30,-0.4313,41,0.05347,36,-0.1532,27,-0.5870,27,-0.5795,37,-0.1126,76,1.09589
ENSG00000090238,YPEL3,265,-0.1680,353,0.29577,357,0.31389,317,0.11888,351,0.28592,410,0.54377,264,-0.1700,193,-0.6568,197,-0.6254,233,-0.3661
ENSG00000102882,MAPK3,140,0.10933,154,0.26154,160,0.31850,96,-0.4922,112,-0.2443,144,0.15403,142,0.13156,137,0.07396,98,-0.4515,126,-0.0590
ENSG00000102879,CORO1A,22,-1.8290,84,0.20039,151,1.19078,72,-0.0507,91,0.32968,71,-0.0726,62,-0.2949,34,-1.2010,69,-0.1207,87,0.25835
ENSG00000169217,CD2BP2,66,0.30201,40,-0.4749,63,0.23761,62,0.22307,49,-0.1697,64,0.25502,37,-0.5884,52,-0.0727,58,0.09696,53,-0.0435
ENSG00000169221,TBC1D10B,58,0.27421,57,0.23493,38,-0.3741,63,0.41110,45,-0.1126,37,-0.4433,48,-0.0242,52,0.10402,52,0.09384,38,-0.3871
ENSG00000180035,ZNF48,1,-3.9356,17,-0.0115,18,0.06819,18,0.01100,18,0.07974,20,0.19435,28,0.77466,7,-1.2837,12,-0.6039,35,1.16189
ENSG00000179965,ZNF771,25,-0.6782,27,-0.5266,54,0.55309,44,0.20446,49,0.38751,47,0.31801,32,-0.2764,33,-0.2546,30,-0.3704,44,0.19528
ENSG00000179958,DCTPP1,19,-1.1069,57,0.58749,35,-0.1658,57,0.59180,50,0.39532,48,0.32975,32,-0.3198,33,-0.2808,30,-0.4174,32,-0.3161
ENSG00000179918,SEPHS2,9,-2.3211,42,-0.1063,42,-0.0872,64,0.59580,73,0.81570,75,0.84327,20,-1.2589,34,-0.4174,39,-0.1949,48,0.10551
ENSG00000229809,ZNF688,37,1.21224,19,0.14186,17,-0.0479,8,-1.0900,8,-1.2541,29,0.78894,6,-1.5813,20,0.20268,8,-1.2454,25,0.54985
ENSG00000156858,PRR14,13,-0.3066,12,-0.4291,27,0.82163,10,-0.6622,22,0.45207,25,0.67478,8,-1.0423,10,-0.7061,14,-0.1815,20,0.36006
ENSG00000156860,FBRS,40,1.24737,16,-0.2867,31,0.77106,21,0.14557,16,-0.2997,11,-0.8791,17,-0.1644,7,-1.4826,24,0.36622,8,-1.2217
ENSG00000080603,SRCAP,32,0.20651,30,0.11373,36,0.42958,33,0.28857,36,0.42273,24,-0.2376,22,-0.3742,22,-0.3752,21,-0.4547,22,-0.3386
ENSG00000156873,PHKG2,29,-0.3826,64,0.88494,55,0.62818,28,-0.4827,64,0.87931,34,-0.1766,18,-1.1620,17,-1.1670,30,-0.3492,37,-0.0469
ENSG00000103549,RNF40,33,-0.4018,42,-0.0117,52,0.31769,58,0.49851,36,-0.2511,57,0.45941,26,-0.7465,50,0.24060,42,-0.0301,30,-0.5259
ENSG00000099385,BCL7C,67,1.61522,13,-1.0838,18,-0.5815,24,-0.1424,17,-0.6689,12,-1.1238,28,0.08803,27,0.04292,17,-0.6432,39,0.63411
ENSG00000099364,FBXL19,6,-2.5568,32,-0.1139,41,0.29220,29,-0.2517,35,0.00454,45,0.41267,45,0.41700,33,-0.0492,24,-0.5670,55,0.75804
ENSG00000099381,SETD1A,14,0.01822,5,-1.4665,23,0.79335,16,0.25146,26,1.06430,9,-0.6058,9,-0.5668,16,0.24277,12,-0.2338,7,-0.9885
ENSG00000099365,STX1B,55,-2.2973,211,-0.2811,242,-0.0615,359,0.58240,357,0.57032,321,0.39287,332,0.45154,207,-0.3127,206,-0.3203,228,-0.1575
ENSG00000103496,STX4,63,1.19379,23,-0.4808,30,-0.0235,26,-0.2880,37,0.27280,20,-0.7014,40,0.39635,28,-0.1701,19,-0.7596,25,-0.3478
ENSG00000167397,VKORC1,82,1.27348,34,-0.1895,46,0.27623,32,-0.2710,47,0.32081,60,0.71820,17,-1.2415,20,-0.9888,27,-0.5282,19,-1.0560
ENSG00000103507,BCKDK,22,-0.9083,38,-0.0807,39,-0.0538,27,-0.6393,61,0.66932,61,0.68229,32,-0.3330,19,-1.1573,50,0.35509,53,0.44429
ENSG00000103510,KAT8,50,0.13273,30,-0.6771,62,0.48857,23,-1.0378,27,-0.8362,68,0.65793,43,-0.0889,48,0.08025,38,-0.2738,68,0.65161
ENSG00000089280,FUS,204,0.41099,238,0.66872,205,0.42138,184,0.24385,135,-0.2457,153,-0.0506,114,-0.5189,126,-0.3584,112,-0.5457,111,-0.5539
ENSG00000140691,ARMC5,15,-0.0657,27,0.83015,16,-0.0310,35,1.27527,18,0.22280,8,-1.0233,6,-1.3557,15,-0.0682,12,-0.4460,8,-1.0905
ENSG00000140688,C16orf58,26,-0.9423,32,-0.6614,69,0.56549,75,0.71001,68,0.55373,51,0.07152,36,-0.4626,28,-0.8482,60,0.33544,41,-0.2730
ENSG00000069329,VPS35,58,-2.0113,224,0.03420,201,-0.1356,445,1.19811,309,0.56395,238,0.13199,203,-0.1221,119,-0.9528,183,-0.2802,209,-0.0708
ENSG00000155330,C16orf87,0,-4.5697,10,-0.7510,32,1.11847,13,-0.3398,12,-0.4730,16,-0.0297,19,0.23014,14,-0.1697,33,1.19992,12,-0.4028
ENSG00000166123,GPT2,95,1.10011,71,0.60400,44,-0.1806,31,-0.7115,32,-0.6633,22,-1.2608,46,-0.0940,77,0.73223,25,-1.0321,49,-0.0189
ENSG00000069345,DNAJA2,47,-1.6480,124,-0.1591,164,0.28752,227,0.83554,160,0.25126,178,0.42924,129,-0.0907,87,-0.7101,130,-0.0798,124,-0.1641
ENSG00000171208,NETO2,3,-3.9584,107,1.43123,87,1.04383,47,0.01536,40,-0.2188,56,0.30531,29,-0.7434,32,-0.5523,42,-0.1328,19,-1.3256
ENSG00000129636,ITFG1,80,-1.6930,286,0.26990,330,0.50450,273,0.19712,364,0.67047,414,0.89336,175,-0.5115,134,-0.9208,238,-0.0273,126,-1.0159
ENSG00000102893,PHKB,27,-0.6615,68,0.77236,35,-0.2928,55,0.43161,50,0.26726,36,-0.2652,44,0.06842,49,0.22552,14,-1.6918,45,0.09697
ENSG00000102910,LONP2,85,0.42517,56,-0.2583,89,0.49759,70,0.11273,76,0.22729,48,-0.5007,39,-0.8092,75,0.20879,70,0.09952,49,-0.4628
ENSG00000196470,SIAH1,6,-2.0617,25,0.05422,28,0.17752,14,-0.8064,30,0.31055,35,0.56199,28,0.22995,14,-0.8113,45,0.98070,20,-0.3038
ENSG00000102921,N4BP1,20,-0.2133,15,-0.6629,29,0.34008,27,0.25941,15,-0.6346,22,-0.0637,20,-0.2414,15,-0.6636,35,0.67024,33,0.57121
ENSG00000205423,CNEP1R1,7,-1.6658,12,-0.8581,18,-0.2734,20,-0.1256,22,0.05506,24,0.20540,20,-0.0666,13,-0.7356,26,0.34906,50,1.44524
ENSG00000121274,TENT4B,16,-0.7975,44,0.82647,26,0.00582,36,0.51678,15,-0.8420,42,0.76689,23,-0.2115,17,-0.7014,21,-0.3798,24,-0.1641
ENSG00000166164,BRD7,81,1.19377,33,-0.2847,56,0.56158,36,-0.1558,31,-0.3851,31,-0.3850,31,-0.3867,30,-0.4424,27,-0.5953,41,0.04674
ENSG00000083799,CYLD,39,-0.3538,61,0.36100,51,0.08676,44,-0.1556,70,0.59183,46,-0.0755,46,-0.0944,51,0.08409,26,-0.9611,52,0.10038
ENSG00000103449,SALL1,58,2.04350,36,1.12666,8,-1.2520,7,-1.4558,4,-2.1194,3,-2.7431,10,-0.8503,33,0.97266,11,-0.8033,12,-0.5860
ENSG00000177200,CHD9,28,-0.4150,87,1.46564,45,0.33649,25,-0.6042,27,-0.4697,22,-0.8105,27,-0.4617,56,0.69857,17,-1.1727,33,-0.1881
ENSG00000103479,RBL2,38,0.86547,40,0.92712,30,0.44188,18,-0.3502,15,-0.6082,16,-0.5139,8,-1.5669,27,0.28781,13,-0.8564,21,-0.1265
ENSG00000166971,AKTIP,89,0.24393,69,-0.1643,88,0.21464,70,-0.1328,95,0.34906,78,0.02647,59,-0.4218,63,-0.3002,83,0.13292,72,-0.1040
ENSG00000103494,RPGRIP1L,2,-2.7452,11,-0.3664,25,0.86418,14,-0.0678,34,1.42553,9,-0.7234,5,-1.5577,15,0.09772,11,-0.4041,19,0.39225
ENSG00000140718,FTO,33,-1.8176,106,-0.0421,146,0.48367,117,0.11279,156,0.59448,102,-0.1063,70,-0.6755,86,-0.3742,147,0.49527,124,0.20698
ENSG00000087258,GNAO1,193,-1.0137,551,0.65528,364,-0.0253,439,0.27785,451,0.31850,394,0.10200,313,-0.2650,322,-0.2188,347,-0.1019,325,-0.2050
ENSG00000159461,AMFR,60,-0.6919,94,-0.0087,126,0.47615,84,-0.1744,80,-0.2580,103,0.14621,62,-0.6454,93,-0.0127,112,0.27849,126,0.47627
ENSG00000167005,NUDT21,66,-0.9669,106,-0.2333,170,0.53551,121,-0.0156,168,0.51900,145,0.27391,101,-0.3103,89,-0.4940,113,-0.1207,145,0.27155
ENSG00000087263,OGFOD1,45,0.60769,41,0.47774,38,0.35373,45,0.62038,19,-0.7346,19,-0.7263,21,-0.5985,13,-1.3273,34,0.16294,32,0.06390
ENSG00000125124,BBS2,70,0.31423,73,0.37616,92,0.76727,45,-0.3814,41,-0.5367,35,-0.7747,28,-1.0939,72,0.35609,46,-0.3563,74,0.41433
ENSG00000087250,MT3,3105,0.17056,2198,-0.3793,2550,-0.1452,1840,-0.6558,2002,-0.5254,1972,-0.5487,2398,-0.2428,4822,0.90878,2680,-0.0665,4368,0.73811
ENSG00000125148,MT2A,578,0.73592,424,0.21937,260,-0.5533,166,-1.2440,162,-1.2791,144,-1.4507,306,-0.3029,702,1.07323,274,-0.4752,686,1.03203
ENSG00000169715,MT1E,400,0.62106,292,0.10477,204,-0.4600,125,-1.2111,152,-0.9173,120,-1.2722,184,-0.6198,523,1.08773,256,-0.1053,480,0.93454
ENSG00000205364,MT1M,140,0.68104,99,0.09947,73,-0.3763,38,-1.3477,50,-0.9677,62,-0.6213,94,0.02149,177,1.08092,60,-0.6670,133,0.59316
ENSG00000198417,MT1F,72,0.40586,45,-0.3417,31,-0.9014,26,-1.1786,18,-1.7035,25,-1.2333,43,-0.4132,130,1.43503,52,-0.1008,117,1.24191
ENSG00000125144,MT1G,93,0.04275,91,-0.0031,73,-0.3557,38,-1.3492,35,-1.4417,38,-1.3451,59,-0.6793,247,1.73923,72,-0.3679,164,0.98117
ENSG00000187193,MT1X,195,1.48281,78,-0.0735,60,-0.4898,36,-1.2458,27,-1.7007,42,-1.0234,81,-0.0240,119,0.61337,50,-0.7667,131,0.77204
ENSG00000102900,NUP93,10,-1.4824,28,0.10547,37,0.55423,37,0.56655,34,0.40701,23,-0.1955,18,-0.6197,16,-0.7272,27,0.06664,32,0.32245
ENSG00000051108,HERPUD1,53,-0.5261,71,-0.0679,128,0.91023,96,0.41190,81,0.15105,94,0.38317,42,-0.8929,35,-1.1349,47,-0.7228,94,0.38760
ENSG00000140848,CPNE2,103,2.62363,40,0.79158,22,-0.1886,6,-2.1374,6,-2.0960,14,-0.8530,7,-1.8587,19,-0.4379,11,-1.2365,21,-0.2594
ENSG00000172775,FAM192A,114,0.39570,63,-0.5470,81,-0.1475,104,0.23497,92,0.04567,106,0.26963,107,0.29154,62,-0.5717,79,-0.2048,87,-0.0524
ENSG00000102931,ARL2BP,34,-1.3908,80,-0.0799,82,-0.0340,102,0.32258,119,0.57981,96,0.21870,64,-0.4147,58,-0.5852,73,-0.2157,129,0.71447
ENSG00000102934,PLLP,525,3.94634,46,-0.8998,18,-2.3135,30,-1.5331,26,-1.7527,55,-0.6323,42,-1.0405,29,-1.6170,16,-2.4478,40,-1.1207
ENSG00000006210,CX3CL1,34,-1.6140,114,0.23890,152,0.72039,101,0.04523,113,0.21971,160,0.80133,65,-0.6559,52,-0.9919,87,-0.1983,106,0.11785
ENSG00000005194,CIAPIN1,29,-1.0869,77,0.45670,58,0.00722,56,-0.0597,82,0.56308,78,0.47932,38,-0.6736,30,-1.0171,63,0.14465,69,0.28869
ENSG00000088682,COQ9,29,-0.2812,53,0.66663,33,-0.0964,44,0.36872,32,-0.1548,29,-0.2685,26,-0.4702,37,0.11031,22,-0.6836,44,0.36843
ENSG00000102978,POLR2C,64,0.04899,75,0.31845,78,0.38761,75,0.31505,61,-0.0049,78,0.37999,46,-0.4560,33,-0.9738,49,-0.3573,57,-0.1235
ENSG00000205336,ADGRG1,162,0.79960,114,0.21091,72,-0.5246,68,-0.5937,46,-1.1895,62,-0.7382,94,-0.0976,162,0.79925,60,-0.7910,159,0.76018
ENSG00000140854,KATNB1,15,-1.4473,27,-0.5786,44,0.16912,52,0.43994,58,0.62991,42,0.11785,21,-0.9478,33,-0.2866,57,0.59633,45,0.20422
ENSG00000140859,KIFC3,25,-0.5556,38,0.11738,79,1.33550,30,-0.2780,23,-0.7004,38,0.09820,23,-0.6976,31,-0.1994,33,-0.1081,37,0.04928
ENSG00000103005,USB1,17,-0.8294,27,-0.0637,24,-0.2581,34,0.28033,38,0.45340,26,-0.1406,40,0.53781,26,-0.1251,28,-0.0277,25,-0.2054
ENSG00000070761,CFAP20,39,-0.5392,79,0.57276,66,0.28350,65,0.26637,62,0.17691,38,-0.5992,33,-0.8250,35,-0.7232,56,0.00113,82,0.64535
ENSG00000070770,CSNK2A2,33,0.07715,17,-0.9636,57,0.98754,25,-0.3589,40,0.40994,35,0.17849,28,-0.1763,19,-0.7437,30,-0.0594,29,-0.1248
ENSG00000103034,NDRG4,142,-2.3447,946,0.58231,457,-0.5850,912,0.52025,1067,0.78646,946,0.58121,711,0.11179,383,-0.8571,608,-0.1396,461,-0.5712
ENSG00000125107,CNOT1,33,-0.5919,82,0.89125,45,-0.0948,39,-0.3072,38,-0.3566,73,0.70714,25,-0.9637,44,-0.1090,47,-0.0307,50,0.07920
ENSG00000125166,GOT2,38,-1.9806,138,-0.0218,190,0.49526,195,0.53905,142,0.01325,254,0.98795,110,-0.3847,90,-0.6868,145,0.04908,101,-0.5169
ENSG00000150394,CDH8,6,-3.2877,54,-0.0021,76,0.55661,55,0.01435,94,0.91559,54,-0.0079,47,-0.2292,29,-0.9787,57,0.08366,70,0.42036
ENSG00000140937,CDH11,24,0.26082,21,0.09202,36,0.93941,16,-0.3195,24,0.25906,21,0.08414,15,-0.4236,16,-0.3437,8,-1.3001,19,-0.0603
ENSG00000166548,TK2,68,1.09719,15,-1.2655,37,0.08473,19,-0.9429,31,-0.2146,44,0.36234,43,0.30274,28,-0.3687,18,-1.0494,50,0.55863
ENSG00000183723,CMTM4,54,-0.6962,99,0.25208,96,0.20721,94,0.17918,55,-0.6801,81,-0.0709,72,-0.2572,74,-0.2168,83,-0.0240,137,0.80103
ENSG00000135720,DYNC1LI2,781,2.78344,145,-0.3375,99,-0.9216,113,-0.7194,158,-0.2062,94,-1.0029,113,-0.7284,104,-0.8471,113,-0.7199,76,-1.3226
ENSG00000159593,NAE1,30,-0.7342,65,0.46763,52,0.09822,65,0.45902,66,0.48093,65,0.46974,25,-1.0216,31,-0.7168,32,-0.6523,57,0.24790
ENSG00000172840,PDP2,2,-2.9726,22,0.33847,23,0.42569,28,0.72844,9,-1.0475,20,0.20755,15,-0.3073,16,-0.1560,19,0.09904,24,0.46998
ENSG00000166595,CIAO2B,168,0.73414,94,-0.2060,127,0.26379,66,-0.7678,129,0.28866,95,-0.1893,61,-0.8895,65,-0.7828,143,0.45963,128,0.28313
ENSG00000172831,CES2,20,-0.0088,30,0.64812,14,-0.5293,17,-0.2685,10,-1.0304,18,-0.1977,27,0.50790,18,-0.1537,14,-0.5090,31,0.74227
ENSG00000172824,CES4A,33,1.08730,13,-0.4390,25,0.59992,16,-0.0809,24,0.52570,7,-1.2948,4,-2.0501,7,-1.3685,16,-0.1146,26,0.69416
ENSG00000125149,C16orf70,28,-0.3834,33,-0.1011,52,0.61134,44,0.34957,52,0.62639,35,-0.0227,19,-0.9531,17,-1.0918,40,0.17852,35,-0.0325
ENSG00000102878,HSF4,25,0.71218,25,0.74493,32,1.16223,14,-0.2420,19,0.25678,10,-0.6976,3,-2.3823,11,-0.6011,15,-0.0956,6,-1.4387
ENSG00000140939,NOL3,48,1.53745,34,0.92637,11,-0.8266,8,-1.3893,16,-0.3458,19,-0.0473,19,-0.0632,12,-0.7507,8,-1.3397,20,0.07111
ENSG00000196123,KIAA0895L,26,-0.0429,34,0.39308,50,1.05639,34,0.41316,24,-0.1805,28,0.05690,12,-1.1749,29,0.12471,10,-1.4315,19,-0.5331
ENSG00000205250,E2F4,19,-0.6724,22,-0.4055,44,0.69894,50,0.91753,39,0.50026,35,0.28922,17,-0.8496,17,-0.7869,22,-0.4466,24,-0.3179
ENSG00000168701,TMEM208,34,-0.6569,57,0.16371,79,0.70120,37,-0.5105,88,0.88073,52,0.00972,30,-0.8411,42,-0.3202,51,-0.0046,45,-0.2063
ENSG00000159713,TPPP3,508,3.89503,32,-1.4158,5,-4.0085,24,-1.8483,58,-0.5152,60,-0.4720,32,-1.4077,50,-0.7485,13,-2.7261,28,-1.6099
ENSG00000159720,ATP6V0D1,110,-1.5170,298,0.01925,305,0.05650,532,0.99021,342,0.24534,362,0.33782,225,-0.4233,164,-0.9144,284,-0.0561,320,0.13551
ENSG00000039523,RIPOR1,46,-0.3572,54,-0.1262,58,0.00307,51,-0.2132,65,0.17899,50,-0.2299,53,-0.1575,59,0.01383,86,0.63069,60,0.05709
ENSG00000102974,CTCF,42,0.49687,33,0.09682,43,0.55798,37,0.29312,20,-0.6724,22,-0.5056,21,-0.5807,20,-0.6699,40,0.42002,29,-0.0614
ENSG00000159753,CARMIL2,18,-1.2743,28,-0.5941,54,0.41693,48,0.23147,46,0.17169,66,0.76871,32,-0.3803,37,-0.1834,50,0.31530,34,-0.2899
ENSG00000102977,ACD,16,-0.7838,18,-0.5443,40,0.69182,34,0.40244,35,0.46721,26,-0.0464,12,-1.2140,11,-1.3692,29,0.17158,42,0.77648
ENSG00000102981,PARD6A,13,-1.5347,53,0.61681,34,-0.1212,36,-0.0193,47,0.41922,39,0.11377,27,-0.4959,23,-0.7012,41,0.19498,51,0.54471
ENSG00000141098,GFOD2,0,-5.0927,22,-0.3643,27,0.00808,34,0.34540,34,0.35888,39,0.58917,27,0.00907,14,-0.9603,34,0.36886,40,0.61111
ENSG00000102901,CENPT,43,0.68639,39,0.53309,41,0.60589,36,0.39721,34,0.32545,24,-0.2119,11,-1.3647,15,-0.9172,12,-1.2488,24,-0.2366
ENSG00000168286,THAP11,30,-0.1860,60,0.92356,42,0.32452,24,-0.5708,35,0.04503,41,0.29143,28,-0.2923,25,-0.4795,26,-0.4111,30,-0.1935
ENSG00000102898,NUTF2,67,-0.5442,101,0.09635,89,-0.1116,125,0.44585,95,-0.0058,103,0.13015,95,0.00520,70,-0.4893,127,0.47201,79,-0.2944
ENSG00000038358,EDC4,33,-0.7429,45,-0.2598,84,0.75760,52,-0.0213,56,0.10100,67,0.36886,42,-0.3687,47,-0.1781,48,-0.1399,55,0.05974
ENSG00000205220,PSMB10,69,0.29592,33,-0.8762,49,-0.2357,77,0.47553,45,-0.3748,74,0.41245,69,0.30527,49,-0.2557,47,-0.3298,62,0.12398
ENSG00000103066,PLA2G15,16,-0.2998,18,-0.1148,28,0.59154,35,0.97084,15,-0.3966,37,1.07223,7,-1.5113,9,-1.1099,13,-0.5582,15,-0.3922
ENSG00000132600,PRMT7,37,0.17599,49,0.60607,59,0.94223,19,-0.8436,31,-0.1448,28,-0.2920,16,-1.0933,30,-0.1823,22,-0.6569,44,0.43435
ENSG00000103056,SMPD3,2,-2.9502,8,-1.0278,28,0.91822,22,0.47961,18,0.12877,14,-0.2559,16,-0.0149,18,0.16309,13,-0.3779,24,0.60457
ENSG00000184939,ZFP90,21,-0.2308,17,-0.6119,30,0.31309,31,0.36452,25,0.03263,34,0.50559,25,0.01896,20,-0.3155,22,-0.2129,22,-0.1616
ENSG00000141076,UTP4,14,-1.0915,23,-0.3724,32,0.15351,31,0.05789,23,-0.4097,33,0.16121,23,-0.3662,11,-1.4309,54,0.99429,50,0.88104
ENSG00000168807,SNTB2,2,-2.9119,29,0.98414,50,1.96577,12,-0.4767,10,-0.7687,3,-2.2820,12,-0.4242,15,-0.0845,17,0.08781,11,-0.6029
ENSG00000132612,VPS4A,106,-0.1081,112,-0.0180,120,0.09301,156,0.51732,136,0.29589,92,-0.3284,116,0.04062,95,-0.2836,88,-0.4068,113,-0.0057
ENSG00000132604,TERF2,36,-0.5803,47,-0.1622,71,0.50476,78,0.64906,67,0.40548,53,0.03914,50,-0.0709,49,-0.0882,53,0.02597,17,-1.6913
ENSG00000103018,CYB5B,29,-1.0836,40,-0.6373,76,0.39208,73,0.33994,75,0.37069,77,0.41323,52,-0.2019,60,0.00659,68,0.21903,45,-0.4454
ENSG00000181019,NQO1,22,-0.1404,21,-0.2088,26,0.10538,17,-0.5617,19,-0.3906,18,-0.4862,23,-0.0561,53,1.29823,13,-0.8986,30,0.36149
ENSG00000141101,NOB1,16,-0.2657,14,-0.4145,30,0.74902,26,0.54404,16,-0.2553,28,0.64570,9,-1.0905,12,-0.6183,26,0.55656,9,-1.0515
ENSG00000198373,WWP2,44,0.70508,37,0.41438,21,-0.4628,18,-0.6704,26,-0.1196,25,-0.1885,20,-0.5627,24,-0.2717,14,-1.1136,55,1.10697
ENSG00000223496,EXOSC6,51,-1.2360,149,0.45116,131,0.24599,99,-0.2001,125,0.15958,135,0.28498,108,-0.0656,108,-0.0747,124,0.15198,99,-0.2119
ENSG00000090861,AARS,121,-0.4459,168,0.07229,129,-0.3452,260,0.79859,194,0.30547,205,0.39712,142,-0.1980,97,-0.7858,148,-0.1278,141,-0.2024
ENSG00000168872,DDX19A,16,-0.5769,25,0.09304,37,0.76268,21,-0.1451,28,0.27976,16,-0.5581,18,-0.3895,24,0.05624,26,0.15850,22,-0.1039
ENSG00000157350,ST3GAL2,6,-1.4963,10,-0.7041,18,0.19066,15,-0.0656,28,0.87820,5,-1.5749,12,-0.4340,24,0.62329,23,0.59984,19,0.26700
ENSG00000103051,COG4,28,-0.1763,29,-0.1230,19,-0.7437,32,0.03967,45,0.58310,38,0.31292,41,0.41079,20,-0.6808,26,-0.3304,36,0.21837
ENSG00000189091,SF3B3,39,-0.3375,88,0.99335,62,0.39548,58,0.28630,35,-0.5014,44,-0.1650,39,-0.3601,43,-0.2101,29,-0.8171,49,0.02588
ENSG00000157368,IL34,3,-2.2199,11,-0.4302,23,0.63060,16,0.11932,24,0.75344,30,1.10011,14,-0.1086,11,-0.5484,7,-1.0921,12,-0.3080
ENSG00000132613,MTSS2,80,0.63198,40,-0.4617,43,-0.3559,25,-1.2055,31,-0.8659,48,-0.1873,77,0.57287,72,0.45055,35,-0.6998,92,0.86752
ENSG00000103043,VAC14,19,-0.4434,35,0.49671,23,-0.1642,28,0.15419,28,0.12399,37,0.61183,13,-1.0163,26,0.02758,26,0.00916,21,-0.3312
ENSG00000172137,CALB2,0,-8.3017,51,0.40564,90,1.37507,13,-1.7236,3,-3.7564,14,-1.5341,16,-1.4273,86,1.28558,42,0.06380,86,1.28535
ENSG00000040199,PHLPP2,0,-6.6636,35,0.30592,35,0.32078,38,0.45131,33,0.23361,46,0.78536,25,-0.1964,17,-0.7632,26,-0.1313,30,0.09639
ENSG00000166747,AP1G1,44,-0.1459,52,0.11408,75,0.71735,62,0.39155,51,0.08501,47,-0.0514,30,-0.7266,31,-0.6833,56,0.23264,36,-0.4683
ENSG00000182149,IST1,134,1.26074,52,-0.3198,69,0.12634,67,0.08038,41,-0.6882,74,0.25258,38,-0.7856,51,-0.3507,49,-0.3970,60,-0.0855
ENSG00000102984,ZNF821,22,0.33002,19,0.13343,23,0.41595,17,-0.0368,29,0.80632,19,0.08865,10,-0.8407,10,-0.8739,13,-0.5000,15,-0.2547
ENSG00000140829,DHX38,41,0.76607,10,-1.3970,30,0.28767,35,0.51276,32,0.35887,12,-1.1371,33,0.40675,23,-0.1488,17,-0.5699,21,-0.3072
ENSG00000103035,PSMD7,60,-1.0513,112,-0.0841,124,0.07911,131,0.17202,131,0.17530,176,0.65302,88,-0.4678,80,-0.6021,154,0.43625,123,0.07024
ENSG00000090863,GLG1,141,0.25339,148,0.33080,116,-0.0605,122,0.02503,131,0.13319,93,-0.3976,93,-0.4031,114,-0.0809,129,0.10736,116,-0.0537
ENSG00000103089,FA2H,289,5.02541,25,-0.5641,2,-4.0280,7,-2.4333,3,-3.3977,5,-2.9841,16,-1.2458,4,-3.0363,8,-2.2843,5,-2.8678
ENSG00000103091,WDR59,36,1.09026,15,-0.3370,20,0.12477,10,-0.9594,39,1.25800,17,-0.1363,6,-1.6050,19,0.01935,8,-1.2784,15,-0.2822
ENSG00000186187,ZNRF1,24,-0.7778,27,-0.5910,64,0.81083,44,0.20129,55,0.55100,55,0.54726,13,-1.6830,22,-0.8629,57,0.60033,31,-0.3698
ENSG00000184517,ZFP1,3,-2.9596,30,0.50175,36,0.79161,23,0.10092,30,0.47965,17,-0.4129,14,-0.7256,25,0.17424,26,0.28897,17,-0.4109
ENSG00000050820,BCAR1,104,1.17266,37,-0.5221,76,0.62616,51,-0.0142,35,-0.6191,42,-0.3285,50,-0.0622,40,-0.3822,26,-1.0780,56,0.13722
ENSG00000153774,CFDP1,75,-0.0636,99,0.39074,79,0.02427,94,0.30888,91,0.25253,81,0.07196,53,-0.6006,55,-0.5269,82,0.09296,67,-0.2224
ENSG00000166822,TMEM170A,26,0.68488,33,1.06993,24,0.50776,14,-0.3478,16,-0.1091,10,-0.8181,9,-1.0211,21,0.29016,7,-1.3828,13,-0.4029
ENSG00000034713,GABARAPL2,373,0.10619,340,-0.0405,492,0.56222,340,-0.0411,288,-0.3026,468,0.47893,195,-0.9027,268,-0.4160,334,-0.0667,390,0.17794
ENSG00000065427,KARS,25,-1.1543,36,-0.6345,50,-0.1224,58,0.10500,69,0.38127,71,0.45059,52,-0.0667,51,-0.1073,73,0.49682,56,0.04897
ENSG00000166848,TERF2IP,166,-1.0418,536,0.83452,450,0.53960,334,0.04994,438,0.49307,342,0.08846,262,-0.3369,215,-0.6425,303,-0.1080,193,-0.8109
ENSG00000152910,CNTNAP4,216,2.53248,73,0.46950,17,-1.7939,25,-1.1924,38,-0.5778,32,-0.8372,23,-1.3135,31,-0.9021,27,-1.1028,67,0.32287
ENSG00000103111,MON1B,76,1.45643,24,-0.4412,30,-0.1098,16,-1.0303,30,-0.1262,20,-0.7460,38,0.27034,32,-0.0142,27,-0.2548,28,-0.1902
ENSG00000171724,VAT1L,48,0.08596,102,1.35649,5,-3.1019,33,-0.5206,110,1.50058,84,0.99616,31,-0.5896,17,-1.5098,13,-1.8968,15,-1.7280
ENSG00000178573,MAF,35,-0.5815,99,1.12023,54,0.09006,26,-1.0370,18,-1.5953,67,0.45534,37,-0.5118,69,0.48421,51,0.02000,53,0.05484
ENSG00000166446,CDYL2,5,-2.2893,12,-1.1242,48,1.02788,35,0.47270,13,-0.9879,27,0.08697,27,0.09725,33,0.38516,22,-0.2183,34,0.45569
ENSG00000103121,CMC2,52,-0.0495,60,0.17966,81,0.66655,53,-0.0071,60,0.18975,47,-0.2195,42,-0.3931,34,-0.7287,62,0.23092,46,-0.2397
ENSG00000166454,ATMIN,64,-0.2784,65,-0.2725,97,0.37646,85,0.16229,87,0.20038,114,0.64112,53,-0.5913,74,-0.0705,84,0.13952,47,-0.7772
ENSG00000140905,GCSH,239,1.68828,86,-0.0775,92,0.02483,56,-0.7519,71,-0.3828,54,-0.8021,85,-0.1019,100,0.16457,61,-0.5989,60,-0.6464
ENSG00000153815,CMIP,44,-1.5032,102,-0.2035,101,-0.2223,134,0.22359,156,0.48221,133,0.21204,111,-0.0701,87,-0.4619,143,0.33065,153,0.44207
ENSG00000197943,PLCG2,10,-2.0857,74,0.93481,35,-0.2873,25,-0.7644,26,-0.7107,13,-1.7741,30,-0.5181,81,1.09891,42,-0.0069,82,1.13009
ENSG00000135698,MPHOSPH6,17,-1.0763,44,0.36953,55,0.74182,20,-0.8771,24,-0.5497,51,0.64040,32,-0.1470,29,-0.2559,52,0.64906,23,-0.6114
ENSG00000140945,CDH13,4,-4.7328,92,-0.1779,219,1.26804,113,0.15097,60,-0.8439,108,0.06711,79,-0.4274,67,-0.6753,124,0.30091,167,0.79001
ENSG00000230989,HSBP1,293,0.62795,277,0.53691,155,-0.4002,170,-0.2524,222,0.17379,213,0.10186,122,-0.7637,144,-0.5135,205,0.04064,195,-0.0397
ENSG00000103154,NECAB2,12,-2.3717,103,0.93336,131,1.37310,49,-0.2659,21,-1.5653,34,-0.8182,22,-1.4606,96,0.81932,39,-0.6197,76,0.43039
ENSG00000140943,MBTPS1,33,-0.7043,63,0.31837,102,1.13377,60,0.23446,47,-0.1438,40,-0.4195,34,-0.6604,55,0.09584,41,-0.3693,43,-0.2817
ENSG00000103160,HSDL1,31,-0.9520,80,0.55932,56,-0.0027,82,0.60767,58,0.05089,88,0.71797,44,-0.3780,39,-0.5802,45,-0.3601,42,-0.4542
ENSG00000103168,TAF1C,47,1.36563,24,0.19662,33,0.72942,15,-0.5218,14,-0.6515,18,-0.2713,14,-0.6098,20,-0.1042,16,-0.4489,10,-1.0813
ENSG00000103175,WFDC1,9,-0.7142,2,-2.7425,46,1.95750,16,0.08306,6,-1.2260,9,-0.8265,18,0.31537,14,-0.1191,11,-0.4220,18,0.27242
ENSG00000103187,COTL1,90,0.73251,74,0.39875,26,-1.2512,28,-1.1038,49,-0.2675,82,0.56310,49,-0.2496,70,0.30004,41,-0.5505,70,0.30639
ENSG00000135686,KLHL36,21,-0.1923,32,0.53922,38,0.80778,13,-0.8426,23,-0.0396,20,-0.2410,19,-0.3259,18,-0.4143,29,0.34557,20,-0.2472
ENSG00000103194,USP10,13,-2.2996,94,0.77681,77,0.44152,54,-0.1330,84,0.58682,40,-0.6136,53,-0.1740,28,-1.1328,72,0.32423,73,0.35167
ENSG00000153786,ZDHHC7,17,-0.5806,20,-0.3199,32,0.41457,50,1.14743,29,0.23499,26,0.07505,16,-0.6871,14,-0.8736,25,-0.0283,20,-0.3111
ENSG00000135709,KIAA0513,34,-2.6275,241,0.33851,203,0.05777,227,0.24419,250,0.39841,270,0.52687,172,-0.2030,164,-0.2812,229,0.25831,165,-0.2705
ENSG00000131149,GSE1,8,-1.1835,25,0.49619,31,0.82976,15,-0.3367,26,0.54974,16,-0.2327,12,-0.7060,18,-0.0713,14,-0.4201,21,0.14980
ENSG00000131148,EMC8,33,0.47975,40,0.82203,35,0.58672,26,0.08626,13,-0.9006,27,0.17486,17,-0.5469,12,-1.0715,20,-0.3017,20,-0.3159
ENSG00000131143,COX4I1,744,-0.4202,1151,0.27595,1036,0.10454,1067,0.15196,1015,0.07132,1139,0.25950,950,-0.0344,693,-0.5301,934,-0.0618,977,0.01113
ENSG00000103264,FBXO31,30,-0.5298,57,0.47261,67,0.74818,34,-0.3511,31,-0.4677,43,0.01041,21,-1.0604,30,-0.5339,43,0.02619,67,0.76723
ENSG00000140941,MAP1LC3B,140,-0.9061,183,-0.4933,256,0.03847,294,0.26539,388,0.72731,390,0.73544,244,-0.0348,156,-0.7314,189,-0.4367,257,0.04308
ENSG00000140948,ZCCHC14,17,-0.6744,36,0.54239,38,0.63937,12,-1.1656,18,-0.5707,44,0.85002,16,-0.7572,19,-0.4928,42,0.76999,18,-0.5555
ENSG00000154118,JPH3,38,-1.6543,149,0.44906,151,0.47451,109,-0.0581,107,-0.0841,96,-0.2489,136,0.30541,113,-0.0024,159,0.55872,70,-0.7387
ENSG00000103257,SLC7A5,62,0.11919,60,0.04978,37,-0.6987,43,-0.4685,68,0.25429,48,-0.3021,62,0.09409,80,0.53166,26,-1.2322,94,0.79369
ENSG00000179588,ZFPM1,39,0.46966,34,0.23882,30,0.04941,18,-0.7755,20,-0.6112,19,-0.6899,39,0.49139,23,-0.3339,32,0.14534,38,0.41298
ENSG00000167508,MVD,96,1.28046,36,-0.3413,31,-0.6000,54,0.30257,64,0.56320,40,-0.1893,32,-0.5262,41,-0.1535,32,-0.5451,25,-0.9329
ENSG00000260630,SNAI3-AS1,12,-0.4507,19,0.25446,11,-0.5574,22,0.52839,22,0.50159,14,-0.1893,24,0.68648,21,0.42324,9,-0.8194,5,-1.6521
ENSG00000198931,APRT,58,0.28314,25,-1.0144,56,0.24286,71,0.62652,46,-0.0871,50,0.06533,44,-0.1289,43,-0.1737,29,-0.7869,60,0.36112
ENSG00000167515,TRAPPC2L,113,0.30791,70,-0.4563,125,0.47982,104,0.17800,78,-0.2811,91,-0.0314,66,-0.5383,74,-0.3583,102,0.14168,109,0.24697
ENSG00000176715,ACSF3,18,0.00924,15,-0.3027,26,0.57707,16,-0.2004,18,0.02941,34,1.04372,13,-0.5076,16,-0.2279,16,-0.1827,9,-1.0809
ENSG00000167522,ANKRD11,54,-0.5026,84,0.20048,88,0.27511,96,0.41755,94,0.38324,52,-0.5499,62,-0.2839,75,0.01905,83,0.17797,54,-0.5029
ENSG00000197912,SPG7,71,-0.2022,65,-0.3440,83,0.04436,109,0.47454,102,0.36715,65,-0.3489,62,-0.4165,61,-0.4533,87,0.10711,106,0.43412
ENSG00000167526,RPL13,2533,1.70258,849,-0.1856,860,-0.1640,544,-0.8757,725,-0.4322,591,-0.7502,733,-0.4169,1007,0.08683,773,-0.3327,921,-0.0553
ENSG00000178773,CPNE7,11,-1.0213,27,0.31729,5,-2.0726,39,0.93320,67,1.93260,24,0.14771,12,-0.9118,10,-1.1313,13,-0.7867,12,-0.9678
ENSG00000131165,CHMP1A,83,0.71527,35,-0.6651,62,0.23389,54,-0.0025,62,0.23006,52,-0.0588,40,-0.4440,43,-0.3616,40,-0.4545,66,0.33676
ENSG00000185324,CDK10,45,0.82121,34,0.38336,27,0.00419,22,-0.2997,23,-0.2744,21,-0.4015,25,-0.1074,19,-0.5701,17,-0.7032,37,0.52118
ENSG00000158792,SPATA2L,0,-6.9696,13,-0.3587,44,1.72807,11,-0.5850,12,-0.4383,34,1.20887,5,-1.7674,10,-0.7413,16,-0.0044,17,0.11746
ENSG00000075399,VPS9D1,21,-0.6920,37,0.15743,33,-0.0224,23,-0.5866,50,0.65011,31,-0.1322,36,0.12765,22,-0.6309,32,-0.0746,49,0.63009
ENSG00000141002,TCF25,71,-0.9237,102,-0.3666,132,0.04496,174,0.49366,131,0.03220,207,0.78203,141,0.14429,111,-0.2348,76,-0.8162,141,0.15029
ENSG00000258947,TUBB3,59,-2.5799,249,-0.4137,272,-0.2803,427,0.45009,541,0.84927,535,0.83104,356,0.14886,142,-1.2772,371,0.21600,290,-0.1764
ENSG00000140995,DEF8,63,-0.2059,63,-0.2151,88,0.31834,78,0.13103,68,-0.0883,133,1.01471,59,-0.3193,49,-0.6132,60,-0.2883,60,-0.2811
ENSG00000003249,DBNDD1,7,-3.2979,40,-0.7830,102,0.71271,74,0.17897,80,0.30570,88,0.47620,53,-0.3343,79,0.30134,76,0.23431,60,-0.1547
ENSG00000141013,GAS8,13,-0.7674,12,-0.8560,26,0.32639,23,0.06629,29,0.46358,42,1.08815,11,-1.0679,9,-1.2427,27,0.35488,24,0.16613
ENSG00000272636,DOC2B,2,-3.8678,15,-1.0078,42,0.64359,35,0.34382,37,0.41913,24,-0.2489,21,-0.5017,23,-0.3099,56,1.13323,29,0.04369
ENSG00000141252,VPS53,31,-1.1204,87,0.47995,74,0.22486,80,0.35028,61,-0.0805,69,0.11127,67,0.05050,64,-0.0181,82,0.38997,30,-1.1782
ENSG00000167699,GLOD4,23,-1.4484,63,0.11268,71,0.31214,62,0.08405,92,0.73871,75,0.39105,48,-0.3201,37,-0.7119,68,0.23005,48,-0.2976
ENSG00000177370,TIMM22,10,-1.5234,46,0.79274,29,0.00813,35,0.32845,34,0.27799,42,0.63948,30,0.07439,15,-0.9850,25,-0.1703,18,-0.6907
ENSG00000159842,ABR,190,-0.6088,365,0.43179,355,0.38869,296,0.09203,286,0.03833,267,-0.0732,260,-0.1144,249,-0.1870,257,-0.1354,271,-0.0477
ENSG00000108953,YWHAE,840,0.16833,842,0.17198,739,-0.0372,1250,0.83315,722,-0.0750,509,-0.6230,559,-0.4778,555,-0.4896,986,0.43195,564,-0.4644
ENSG00000167193,CRK,63,-0.2545,60,-0.3286,53,-0.5181,66,-0.1832,117,0.73734,90,0.30110,67,-0.1658,81,0.13565,60,-0.3471,87,0.24616
ENSG00000132376,INPP5K,17,-0.2390,13,-0.7028,13,-0.6319,27,0.47688,18,-0.1261,35,0.93542,13,-0.6381,21,0.04965,27,0.46812,16,-0.3819
ENSG00000174238,PITPNA,38,-1.8286,127,-0.0100,98,-0.4185,154,0.29534,181,0.56254,194,0.68384,144,0.18596,107,-0.2841,100,-0.3885,137,0.10987
ENSG00000167703,SLC43A2,40,-0.0406,46,0.18667,52,0.37452,30,-0.5169,39,-0.0785,83,1.18235,18,-1.2596,31,-0.4336,28,-0.6213,44,0.12348
ENSG00000167705,RILP,4,-2.7456,59,1.52849,15,-0.6994,24,0.00694,27,0.17461,25,0.08578,28,0.22904,18,-0.4282,15,-0.7644,26,0.10420
ENSG00000174231,PRPF8,95,-0.4627,179,0.55438,128,0.00477,121,-0.0813,192,0.67786,135,0.09415,88,-0.5733,99,-0.3916,123,-0.0595,113,-0.1873
ENSG00000132386,SERPINF1,10,-2.7468,52,-0.3708,46,-0.5691,153,1.43496,140,1.26509,67,0.03057,65,-0.0168,20,-1.8033,58,-0.2012,48,-0.4905
ENSG00000132383,RPA1,39,-0.5081,57,0.07614,76,0.53682,48,-0.2110,52,-0.0623,70,0.39280,40,-0.4825,50,-0.1492,48,-0.2128,66,0.30331
ENSG00000185924,RTN4RL1,0,-7.4094,13,-1.0257,54,1.20968,49,1.05381,16,-0.7151,19,-0.5189,28,0.09992,19,-0.4471,36,0.54068,26,-0.0087
ENSG00000070366,SMG6,28,0.73993,25,0.57507,25,0.54186,14,-0.3970,13,-0.4997,12,-0.5746,11,-0.7824,20,0.19687,10,-0.8360,20,0.15192
ENSG00000141258,SGSM2,108,0.80225,96,0.60089,64,-0.0737,45,-0.6198,57,-0.2577,58,-0.2163,56,-0.2804,66,-0.0124,45,-0.6166,72,0.11835
ENSG00000070444,MNT,5,-2.4621,27,-0.1383,51,0.90514,26,-0.1983,26,-0.1882,51,0.91358,24,-0.3472,22,-0.4765,25,-0.2838,38,0.40389
ENSG00000007168,PAFAH1B1,140,-1.2224,296,-0.0622,429,0.54369,299,-0.0468,512,0.84504,415,0.48780,196,-0.7023,195,-0.7142,309,0.00876,285,-0.1197
ENSG00000132361,CLUH,31,-0.7006,38,-0.3873,52,0.09108,62,0.36108,62,0.35755,37,-0.4605,31,-0.7149,40,-0.3397,41,-0.2896,99,1.17202
ENSG00000132359,RAP1GAP2,37,-0.9388,146,1.29385,36,-0.9755,76,0.19319,90,0.45728,54,-0.3630,81,0.28160,36,-0.9801,72,0.09755,50,-0.4654
ENSG00000213977,TAX1BP3,55,1.73312,15,-0.4445,17,-0.2789,9,-1.2683,12,-0.8445,12,-0.7440,17,-0.2708,22,0.14696,6,-1.7216,37,0.98064
ENSG00000127774,EMC6,43,-0.1585,37,-0.3887,74,0.70892,83,0.89658,47,-0.0403,55,0.20714,41,-0.2325,33,-0.5792,35,-0.4784,31,-0.6654
ENSG00000083457,ITGAE,28,-0.2325,46,0.54693,46,0.55296,32,-0.0559,47,0.58573,31,-0.0654,24,-0.4570,22,-0.6059,14,-1.2779,37,0.17659
ENSG00000074356,NCBP3,51,1.78443,18,-0.0356,13,-0.4629,14,-0.4268,16,-0.2202,12,-0.5972,6,-1.7079,18,0.00514,9,-1.1028,25,0.50934
ENSG00000004660,CAMKK1,13,-3.3778,117,-0.1034,375,1.94421,125,-0.0020,124,-0.0052,102,-0.3255,75,-0.7917,90,-0.5091,114,-0.1501,114,-0.1427
ENSG00000167740,CYB5D2,49,0.62784,27,-0.3184,34,0.03235,39,0.25543,30,-0.1746,71,1.25591,26,-0.4038,21,-0.7478,23,-0.6017,15,-1.2232
ENSG00000185722,ANKFY1,61,1.31609,31,0.16554,38,0.50444,18,-0.6798,30,0.11277,22,-0.3679,17,-0.7501,26,-0.1363,19,-0.5828,17,-0.7468
ENSG00000132388,UBE2G1,57,0.08004,84,0.70558,58,0.10333,61,0.18226,62,0.21494,44,-0.3549,65,0.28406,44,-0.3556,36,-0.6394,34,-0.7225
ENSG00000183018,SPNS2,60,0.97815,36,0.13532,33,-0.0116,44,0.46848,24,-0.4844,28,-0.2553,18,-0.9426,21,-0.6644,33,0.00528,33,-0.0015
ENSG00000132382,MYBBP1A,30,-0.6659,28,-0.8032,72,0.71270,44,-0.1075,45,-0.0567,61,0.41738,43,-0.1292,38,-0.3324,47,0.01986,60,0.38708
ENSG00000141456,PELP1,51,0.19765,42,-0.1326,76,0.84377,48,0.08015,39,-0.2384,33,-0.5083,33,-0.4954,41,-0.1674,43,-0.0759,48,0.10270
ENSG00000141480,ARRB2,38,-0.3944,52,0.07916,61,0.34843,64,0.43394,73,0.64213,46,-0.1079,38,-0.3976,35,-0.5375,50,0.01863,35,-0.5340
ENSG00000142507,PSMB6,76,-0.9071,227,0.84544,165,0.30873,136,-0.0091,147,0.12470,146,0.10487,115,-0.2710,68,-1.0855,109,-0.3532,175,0.40642
ENSG00000141503,MINK1,45,-0.3260,43,-0.3806,78,0.56717,59,0.12259,55,0.00344,53,-0.0519,32,-0.8576,52,-0.1008,57,0.07091,76,0.52072
ENSG00000108528,SLC25A11,69,-0.7679,131,0.24236,134,0.27774,110,-0.0307,154,0.51457,151,0.48480,104,-0.1207,74,-0.6618,78,-0.5664,119,0.09503
ENSG00000108523,RNF167,112,0.79069,62,-0.1807,70,0.02383,60,-0.2225,62,-0.1795,86,0.33791,59,-0.2465,60,-0.2276,53,-0.4239,69,-0.0034
ENSG00000108518,PFN1,251,0.61093,190,0.14986,173,-0.0042,187,0.12903,140,-0.3291,253,0.62364,115,-0.6444,127,-0.4893,155,-0.1760,139,-0.3453
ENSG00000091640,SPAG7,62,-0.0571,60,-0.1252,52,-0.3529,74,0.20654,74,0.21279,65,0.00906,65,0.00835,40,-0.7372,50,-0.3980,105,0.79855
ENSG00000108509,CAMTA2,38,-1.3031,94,0.09552,97,0.15171,93,0.07684,89,0.01381,137,0.71448,100,0.20176,95,0.11006,77,-0.2283,65,-0.4768
ENSG00000129250,KIF1C,580,4.98629,10,-2.9373,20,-1.9546,12,-2.6571,18,-2.1124,12,-2.6502,25,-1.6757,29,-1.4299,9,-3.1815,25,-1.6622
ENSG00000029725,RABEP1,127,0.38777,121,0.30634,124,0.33595,98,-0.0429,101,0.00715,69,-0.5806,105,0.07462,85,-0.2573,71,-0.5492,102,0.03093
ENSG00000129197,RPAIN,26,-1.5449,78,0.16131,99,0.55539,69,-0.0258,83,0.26596,93,0.45319,46,-0.6477,31,-1.2376,121,0.89536,57,-0.3217
ENSG00000263272,AC004148.1,10,-0.9744,17,-0.2936,24,0.26875,27,0.50086,29,0.59120,26,0.43041,11,-0.8824,17,-0.2959,22,0.16092,17,-0.2494
ENSG00000108561,C1QBP,52,-1.2525,129,0.15386,155,0.46169,189,0.79352,112,-0.0651,187,0.77959,66,-0.8947,88,-0.4411,101,-0.2370,90,-0.4166
ENSG00000005100,DHX33,19,-0.4156,18,-0.4735,47,1.07981,21,-0.1986,18,-0.4652,31,0.38680,18,-0.4375,22,-0.1486,24,0.00263,25,0.03376
ENSG00000072849,DERL2,24,0.15486,12,-0.8689,28,0.38659,26,0.29554,23,0.11351,6,-1.7821,18,-0.3076,22,-0.0115,36,0.79894,23,0.05482
ENSG00000091592,NLRP1,31,-1.3806,47,-0.7459,95,0.37190,86,0.20756,96,0.38741,89,0.26234,89,0.26963,76,0.00367,76,0.00399,71,-0.0917
ENSG00000179314,WSCD1,56,1.88417,12,-0.6870,19,0.00168,14,-0.4813,6,-1.7717,25,0.43170,10,-0.9633,25,0.44569,8,-1.2024,15,-0.4034
ENSG00000091622,PITPNM3,3,-3.8875,40,-0.2284,39,-0.2900,48,0.05896,57,0.33061,58,0.33701,54,0.23717,69,0.63506,47,0.01358,51,0.14472
ENSG00000129235,TXNDC17,44,-0.2485,39,-0.4327,43,-0.3033,52,0.00484,60,0.22213,79,0.67307,54,0.06283,34,-0.6464,70,0.47801,45,-0.2400
ENSG00000108590,MED31,14,-1.2551,39,0.27151,44,0.46940,35,0.08903,39,0.26038,40,0.31428,24,-0.4963,22,-0.6070,44,0.46236,28,-0.2466
ENSG00000219200,RNASEK,226,-1.0333,479,0.13848,617,0.55294,507,0.22829,472,0.11405,659,0.66339,272,-0.7547,337,-0.4202,392,-0.1846,439,-0.0047
ENSG00000258315,C17orf49,51,-0.2164,91,0.73209,48,-0.2957,83,0.56134,50,-0.2615,77,0.43433,48,-0.2992,37,-0.7037,38,-0.6721,62,0.09078
ENSG00000132535,DLG4,45,-1.0662,76,-0.2529,106,0.26284,90,-0.0005,94,0.06729,79,-0.1993,126,0.55582,146,0.79795,59,-0.6457,77,-0.2473
ENSG00000072778,ACADVL,178,1.26509,69,-0.3118,90,0.10536,87,0.05009,80,-0.0803,53,-0.7233,58,-0.5746,89,0.09547,35,-1.3648,103,0.32382
ENSG00000040633,PHF23,31,-0.0478,16,-1.0471,35,0.12150,41,0.38491,26,-0.3330,38,0.26934,19,-0.8517,24,-0.4531,43,0.47900,49,0.67938
ENSG00000170296,GABARAP,514,0.54203,307,-0.2883,368,-0.0014,356,-0.0542,330,-0.1748,516,0.54952,332,-0.1670,284,-0.4130,261,-0.5449,418,0.20378
ENSG00000175826,CTDNEP1,98,0.52179,73,0.03776,83,0.24720,88,0.33639,80,0.19389,70,-0.0178,54,-0.4323,45,-0.7137,70,-0.0235,50,-0.5447
ENSG00000170291,ELP5,22,-0.3424,39,0.54395,26,-0.0880,35,0.38368,40,0.58809,37,0.47225,23,-0.3011,20,-0.4735,15,-0.8957,19,-0.5859
ENSG00000132507,EIF5A,127,-0.2136,153,0.08097,117,-0.3483,175,0.29568,193,0.46096,154,0.08987,114,-0.3850,113,-0.4020,163,0.18124,147,0.01342
ENSG00000132522,GPS2,63,0.75536,32,-0.3324,26,-0.6346,43,0.15464,48,0.32646,47,0.26447,17,-1.2387,38,-0.0409,42,0.09187,38,-0.0693
ENSG00000215041,NEURL4,25,-0.2435,31,0.13724,28,-0.0662,33,0.19958,31,0.11796,19,-0.6032,25,-0.2263,22,-0.3987,41,0.55954,33,0.22963
ENSG00000205544,TMEM256,125,1.09625,70,0.12313,50,-0.3973,69,0.10542,77,0.27186,66,0.03129,50,-0.4180,41,-0.7040,54,-0.2739,45,-0.5509
ENSG00000169992,NLGN2,76,0.04963,85,0.22904,111,0.66960,85,0.23322,56,-0.4416,81,0.14186,47,-0.7159,70,-0.0812,54,-0.4799,73,-0.0175
ENSG00000174282,ZBTB4,100,0.15720,75,-0.3135,98,0.11380,107,0.26472,93,0.02710,109,0.29375,69,-0.4381,106,0.24114,70,-0.4075,84,-0.1357
ENSG00000181222,POLR2A,87,-0.0986,90,-0.0527,74,-0.3611,90,-0.0568,129,0.53442,113,0.31089,90,-0.0462,84,-0.1680,69,-0.4641,104,0.17787
ENSG00000239697,TNFSF12,38,-0.1627,46,0.15523,43,0.04915,34,-0.3012,51,0.33739,58,0.54661,39,-0.0950,30,-0.4930,25,-0.8086,52,0.34925
ENSG00000161955,TNFSF13,14,-0.9054,15,-0.8109,15,-0.8177,17,-0.6161,7,-1.9904,10,-1.3843,48,1.02833,51,1.12555,22,-0.2354,59,1.37240
ENSG00000161960,EIF4A1,209,0.31212,169,-0.0321,239,0.52967,198,0.21829,211,0.32539,136,-0.3757,114,-0.6554,121,-0.5518,162,-0.1022,167,-0.0515
ENSG00000129255,MPDU1,34,0.09668,33,0.02866,42,0.41679,37,0.22373,34,0.07343,24,-0.4734,29,-0.1550,26,-0.3556,18,-0.8501,45,0.55722
ENSG00000129194,SOX15,7,-1.4963,35,0.86361,27,0.44846,15,-0.5084,26,0.37525,23,0.21629,12,-0.8052,18,-0.2273,15,-0.4541,26,0.40235
ENSG00000129245,FXR2,69,-0.0079,110,0.75559,88,0.37790,59,-0.2601,69,-0.0129,69,0.00429,71,0.03388,41,-0.8212,59,-0.2462,59,-0.2573
ENSG00000141504,SAT2,77,-0.1286,122,0.60706,99,0.26396,103,0.33747,103,0.32861,85,0.02261,53,-0.7034,56,-0.6241,71,-0.2737,70,-0.2954
ENSG00000129244,ATP1B2,112,-1.0497,303,0.51745,143,-0.6785,104,-1.1614,104,-1.1702,156,-0.5471,204,-0.1230,474,1.29651,191,-0.2266,416,1.06078
ENSG00000108947,EFNB3,13,-2.1699,45,-0.3107,101,1.00018,61,0.15892,80,0.59312,74,0.47889,38,-0.5955,31,-0.9172,65,0.26196,45,-0.3106
ENSG00000183011,NAA38,175,-0.6265,321,0.34181,246,-0.0927,278,0.10808,235,-0.1639,316,0.31565,246,-0.0932,196,-0.4486,303,0.24758,287,0.15733
ENSG00000170004,CHD3,54,-0.1935,76,0.33109,77,0.35066,28,-1.1812,87,0.56136,71,0.22676,53,-0.2403,68,0.15595,31,-1.0595,71,0.23053
ENSG00000170043,TRAPPC1,98,-0.3466,94,-0.4177,110,-0.1625,149,0.32089,152,0.34931,190,0.72610,87,-0.5396,92,-0.4479,132,0.12461,119,-0.0481
ENSG00000179094,PER1,21,-0.7953,39,0.13817,53,0.63357,37,0.05167,34,-0.0558,32,-0.1564,21,-0.7856,35,-0.0433,30,-0.2654,54,0.67701
ENSG00000220205,VAMP2,267,-1.5056,955,0.48244,809,0.20859,890,0.36493,707,-0.0083,761,0.11041,975,0.51695,540,-0.4344,491,-0.5818,712,0.00256
ENSG00000179029,TMEM107,12,-0.5258,28,0.80118,18,0.12078,14,-0.3057,9,-0.9819,12,-0.5310,9,-0.8801,15,-0.1967,17,-0.0018,35,1.22361
ENSG00000108961,RANGRF,25,0.05469,25,0.10575,19,-0.3785,32,0.46258,19,-0.3409,30,0.38249,22,-0.0846,22,-0.1430,17,-0.5136,27,0.19115
ENSG00000161970,RPL26,1546,1.35323,635,-0.1527,555,-0.3643,543,-0.3999,554,-0.3682,658,-0.0959,557,-0.3605,638,-0.1451,557,-0.3604,747,0.10697
ENSG00000166579,NDEL1,24,-2.0211,86,-0.1048,153,0.83541,110,0.28046,107,0.23628,108,0.26053,78,-0.2626,58,-0.7311,109,0.26525,89,-0.0515
ENSG00000133026,MYH10,14,-3.0481,94,-0.1852,145,0.51849,129,0.33253,117,0.17022,142,0.48014,100,-0.0820,70,-0.6446,133,0.37515,111,0.07917
ENSG00000170310,STX8,36,-0.4535,57,0.29805,32,-0.6139,55,0.21385,38,-0.3530,39,-0.3318,29,-0.7712,39,-0.3082,61,0.38958,92,1.08960
ENSG00000007237,GAS7,246,-0.0296,276,0.15274,396,0.75388,335,0.47413,222,-0.1932,209,-0.2851,257,0.03879,188,-0.4569,211,-0.2709,167,-0.6390
ENSG00000133028,SCO1,13,-0.7625,8,-1.4849,22,0.12851,27,0.40198,21,0.04279,20,-0.0543,25,0.27791,21,-0.0091,15,-0.4560,36,0.89844
ENSG00000065559,MAP2K4,42,-1.6538,99,-0.3624,160,0.40460,150,0.29596,199,0.76993,190,0.68998,91,-0.5020,76,-0.7668,144,0.23191,97,-0.4069
ENSG00000006740,ARHGAP44,12,-2.0017,60,0.42164,65,0.55491,38,-0.2808,81,0.93596,61,0.45942,47,0.02696,24,-1.0051,50,0.11802,23,-1.0858
ENSG00000006744,ELAC2,40,0.35023,28,-0.2384,44,0.50661,30,-0.1030,32,-0.0065,34,0.09311,27,-0.2681,23,-0.5510,25,-0.3904,39,0.31065
ENSG00000109099,PMP22,519,3.34525,45,-1.1799,37,-1.4807,33,-1.6578,43,-1.2645,35,-1.5740,34,-1.6102,120,0.34185,48,-1.0815,60,-0.7496
ENSG00000214941,ZSWIM7,68,1.08821,38,0.11918,36,0.00818,28,-0.3834,35,-0.0033,53,0.67375,25,-0.5225,30,-0.2765,16,-1.2246,25,-0.5471
ENSG00000011295,TTC19,22,-1.7855,98,0.49373,64,-0.1861,141,1.11893,89,0.34202,84,0.24644,68,-0.0840,47,-0.6695,42,-0.8534,66,-0.1313
ENSG00000141027,NCOR1,98,0.18697,89,0.04232,101,0.25137,83,-0.0757,60,-0.5735,78,-0.1772,78,-0.1650,118,0.50452,90,0.05266,73,-0.2722
ENSG00000166582,CENPV,40,0.23453,41,0.28019,39,0.21798,17,-1.0908,69,1.15740,35,0.01692,26,-0.4416,21,-0.7533,36,0.06532,20,-0.7947
ENSG00000170315,UBB,1079,-0.3328,1726,0.42286,1453,0.14092,1521,0.21564,1730,0.42673,1068,-0.3488,943,-0.5431,1055,-0.3675,1315,-0.0199,1421,0.10541
ENSG00000175061,SNHG29,324,1.07206,232,0.49694,135,-0.3715,117,-0.5977,170,-0.0094,110,-0.6970,172,0.00912,189,0.16120,82,-1.1427,180,0.07913
ENSG00000181350,LRRC75A,16,-0.6166,44,0.96420,33,0.46409,18,-0.4780,20,-0.3227,13,-0.9168,11,-1.2431,37,0.65076,28,0.21571,25,0.04232
ENSG00000133030,MPRIP,204,0.26721,150,-0.2248,188,0.13369,214,0.33977,169,-0.0377,169,-0.0399,191,0.15836,141,-0.3289,142,-0.3175,164,-0.0880
ENSG00000154803,FLCN,16,-0.5750,14,-0.7931,35,0.68745,20,-0.2207,26,0.22599,17,-0.5047,19,-0.2939,20,-0.1852,35,0.67777,28,0.30694
ENSG00000141030,COPS3,29,-1.4050,84,0.25168,116,0.78397,113,0.74066,68,-0.1018,138,1.08833,50,-0.5680,34,-1.1477,41,-0.8734,48,-0.6497
ENSG00000141026,MED9,9,-1.2368,27,0.34961,30,0.55109,24,0.16959,35,0.77727,19,-0.2270,19,-0.2318,20,-0.1449,18,-0.2961,15,-0.5082
ENSG00000108551,RASD1,28,-2.4189,85,-0.8036,341,1.50862,180,0.38709,190,0.47410,131,-0.1207,106,-0.4602,89,-0.7204,123,-0.2202,144,0.02112
ENSG00000133027,PEMT,35,0.41792,31,0.22834,22,-0.3416,26,-0.0554,22,-0.3123,44,0.77384,24,-0.2014,18,-0.6176,22,-0.3247,27,-0.0087
ENSG00000108557,RAI1,17,-1.5441,48,-0.0085,80,0.83073,52,0.11306,60,0.35273,80,0.83377,37,-0.4187,44,-0.1568,24,-1.0615,40,-0.2756
ENSG00000072310,SREBF1,119,1.62105,51,0.16362,29,-0.7309,28,-0.7667,19,-1.3490,28,-0.7843,30,-0.6811,66,0.57350,38,-0.3217,56,0.29297
ENSG00000175662,TOM1L2,149,0.54818,136,0.39222,92,-0.2350,83,-0.3978,115,0.12234,104,-0.0453,122,0.21459,84,-0.3748,55,-1.0099,126,0.27370
ENSG00000108591,DRG2,34,0.17647,34,0.16308,27,-0.1710,39,0.42085,26,-0.2219,48,0.73705,14,-1.1592,20,-0.6691,26,-0.2302,35,0.24024
ENSG00000091542,ALKBH5,83,-0.2211,92,-0.0483,113,0.28857,77,-0.3271,94,-0.0211,87,-0.1402,104,0.15179,70,-0.4785,127,0.47548,102,0.11298
ENSG00000177731,FLII,32,0.15184,23,-0.3445,21,-0.5325,37,0.37957,26,-0.1645,53,1.00158,13,-1.2181,26,-0.1730,25,-0.2430,35,0.27796
ENSG00000176994,SMCR8,6,-1.7521,30,0.77473,21,0.15996,37,1.11021,12,-0.7010,30,0.74744,23,0.30081,10,-0.9854,8,-1.2802,12,-0.6534
ENSG00000273018,FAM106A,53,0.28179,49,0.16576,116,1.67038,35,-0.3430,27,-0.7822,39,-0.1986,24,-0.9615,31,-0.5561,40,-0.1651,29,-0.6763
ENSG00000141127,PRPSAP2,37,0.19479,34,0.09140,45,0.52812,27,-0.3131,37,0.22722,46,0.55628,14,-1.2968,32,-0.0333,27,-0.2796,26,-0.3431
ENSG00000072134,EPN2,187,2.17743,46,-0.2924,45,-0.3315,20,-1.5364,36,-0.6584,25,-1.2048,32,-0.8669,52,-0.1046,70,0.36533,42,-0.4286
ENSG00000108641,B9D1,10,-1.9113,26,-0.4615,78,1.30935,47,0.44627,27,-0.4275,24,-0.6119,17,-1.0882,21,-0.8323,51,0.57028,56,0.72482
ENSG00000128482,RNF112,22,-0.6821,44,0.41423,55,0.79418,63,1.02108,29,-0.2624,30,-0.1776,26,-0.4303,18,-0.9497,26,-0.4138,27,-0.3746
ENSG00000072210,ALDH3A2,33,-0.5559,42,-0.2033,40,-0.2574,70,0.63776,53,0.19232,68,0.57740,30,-0.7178,47,-0.0063,47,0.00229,43,-0.1439
ENSG00000083290,ULK2,69,0.65584,31,-0.6073,62,0.46798,39,-0.2701,27,-0.8075,24,-1.0297,50,0.13910,38,-0.3244,64,0.52757,58,0.37025
ENSG00000108599,AKAP10,23,-0.3035,22,-0.3696,44,0.76630,35,0.38523,25,-0.1420,18,-0.6331,29,0.08183,25,-0.1629,25,-0.1431,30,0.11326
ENSG00000128487,SPECC1,98,1.03487,57,0.12529,54,0.04442,55,0.07857,24,-1.1943,33,-0.7080,49,-0.1149,41,-0.3972,74,0.56219,40,-0.4162
ENSG00000124422,USP22,146,-0.9155,399,0.68443,293,0.17222,310,0.26685,269,0.03851,294,0.17863,214,-0.3272,167,-0.7150,272,0.05420,267,0.02153
ENSG00000109016,DHRS7B,9,-1.1315,17,-0.1865,24,0.34074,19,-0.0112,23,0.24378,33,0.84226,15,-0.4410,12,-0.6764,14,-0.5106,28,0.60703
ENSG00000178307,TMEM11,22,0.17333,9,-1.2162,28,0.54448,25,0.36664,17,-0.2261,35,0.93532,11,-0.8819,13,-0.6121,23,0.21383,15,-0.4039
ENSG00000212719,LINC02693,18,-1.0299,30,-0.2399,55,0.76181,55,0.76547,21,-0.7430,20,-0.8161,36,0.06326,20,-0.8055,53,0.70680,37,0.09488
ENSG00000256618,MTRNR2L1,1480,-0.0306,1045,-0.5778,726,-1.1357,833,-0.9273,585,-1.4600,855,-0.8868,2741,0.99809,3259,1.30972,2034,0.48782,1530,0.02218
ENSG00000109046,WSB1,165,1.37109,140,1.08160,75,0.02164,37,-1.0515,45,-0.7460,50,-0.6087,34,-1.1702,45,-0.7462,37,-1.0725,107,0.60694
ENSG00000141068,KSR1,23,0.20694,29,0.60302,19,-0.0871,21,0.04763,35,0.91439,12,-0.7586,16,-0.3447,13,-0.6063,8,-1.4165,24,0.30925
ENSG00000232859,LYRM9,36,-0.5172,54,0.12329,63,0.38679,73,0.62088,81,0.79451,55,0.14174,47,-0.0859,39,-0.3693,22,-1.2787,29,-0.8336
ENSG00000087095,NLK,61,-1.1432,76,-0.8190,247,1.10212,123,-0.0564,139,0.13301,140,0.15172,98,-0.4159,108,-0.2657,181,0.56758,105,-0.3073
ENSG00000109084,TMEM97,1,-3.3769,13,-0.4638,10,-0.7788,41,1.46688,29,0.80924,18,0.05633,15,-0.2058,15,-0.2657,12,-0.5915,19,0.17393
ENSG00000109083,IFT20,43,0.69953,43,0.68107,30,0.12043,20,-0.5205,23,-0.3158,25,-0.2058,13,-1.1424,14,-1.0445,28,-0.0245,42,0.65536
ENSG00000109079,TNFAIP1,37,-0.0747,22,-0.8602,30,-0.3662,64,0.83477,43,0.18358,47,0.31642,28,-0.4711,27,-0.5505,47,0.33067,39,0.01941
ENSG00000004142,POLDIP2,50,-0.3545,61,-0.0338,49,-0.3641,77,0.33983,112,0.97371,57,-0.1449,66,0.10375,44,-0.5351,40,-0.6817,66,0.09825
ENSG00000244045,TMEM199,27,0.54730,19,-0.0155,27,0.53260,13,-0.5995,27,0.54903,9,-1.1675,20,0.03825,18,-0.1465,18,-0.1217,16,-0.3297
ENSG00000004139,SARM1,30,0.90872,16,-0.1663,22,0.37389,11,-0.6387,14,-0.3744,21,0.27820,13,-0.4043,24,0.51317,7,-1.2985,15,-0.1747
ENSG00000109103,UNC119,27,-0.8157,23,-1.0614,50,0.17281,35,-0.4059,55,0.30912,87,1.09879,39,-0.2165,33,-0.4817,59,0.42442,44,-0.0417
ENSG00000087111,PIGS,39,0.10965,40,0.11411,38,0.03732,38,0.05551,34,-0.1033,40,0.13119,27,-0.4986,38,0.06330,46,0.34764,28,-0.4194
ENSG00000109107,ALDOC,506,-0.6752,899,0.23288,361,-1.1915,1001,0.41001,625,-0.3460,973,0.36290,750,-0.0585,1044,0.47965,482,-0.7498,1140,0.62709
ENSG00000007202,KIAA0100,33,-0.1750,44,0.29520,36,-0.0246,44,0.29965,35,-0.0746,34,-0.1267,47,0.39800,32,-0.2327,34,-0.1257,28,-0.4072
ENSG00000132581,SDF2,15,-1.1297,89,1.75039,43,0.45802,18,-0.9005,31,-0.0643,40,0.34090,19,-0.8035,17,-0.9805,24,-0.4598,27,-0.2836
ENSG00000109111,SUPT6H,51,0.24702,26,-0.7851,66,0.66945,59,0.50037,43,-0.0058,46,0.07886,27,-0.7348,55,0.39071,35,-0.3484,27,-0.7429
ENSG00000198242,RPL23A,1387,1.62848,558,0.04678,459,-0.2624,318,-0.8330,354,-0.6701,355,-0.6632,382,-0.5517,527,-0.0452,481,-0.1894,599,0.16201
ENSG00000173065,FAM222B,4,-2.0772,15,-0.0982,22,0.46805,22,0.48265,17,0.11325,22,0.51814,14,-0.2799,15,-0.1179,10,-0.7090,21,0.39875
ENSG00000132591,ERAL1,25,-0.2969,26,-0.2489,60,1.11716,36,0.24361,42,0.49432,22,-0.5178,12,-1.4260,15,-1.0730,36,0.26932,32,0.09007
ENSG00000132589,FLOT2,73,-0.3916,84,-0.1662,56,-0.7810,131,0.56273,116,0.35917,132,0.57247,95,0.02734,68,-0.4975,71,-0.4164,104,0.18333
ENSG00000109118,PHF12,13,-0.2878,21,0.44502,32,1.17526,13,-0.2675,15,-0.1158,15,-0.0882,5,-1.5743,15,-0.0898,14,-0.2208,15,-0.0831
ENSG00000063015,SEZ6,13,-1.6909,47,0.31514,44,0.20792,39,0.00666,74,1.09009,43,0.16519,33,-0.2347,28,-0.5127,33,-0.2548,33,-0.2521
ENSG00000108256,NUFIP2,58,-0.0507,113,1.07220,60,0.01054,63,0.09353,56,-0.1095,76,0.39809,35,-0.8181,43,-0.5230,33,-0.9335,60,-0.0004
ENSG00000160551,TAOK1,77,-0.2932,81,-0.2171,124,0.46056,106,0.20644,86,-0.1169,100,0.11706,71,-0.4175,97,0.06710,83,-0.1868,105,0.19562
ENSG00000108262,GIT1,111,-0.0943,129,0.14463,107,-0.1422,148,0.37862,93,-0.3652,93,-0.3670,135,0.22904,129,0.14809,103,-0.2095,126,0.11511
ENSG00000198720,ANKRD13B,59,1.45858,24,-0.0619,44,0.93598,24,-0.0672,15,-0.8258,19,-0.4348,14,-0.8578,26,0.07688,12,-1.0678,12,-1.0560
ENSG00000167549,CORO6,15,-1.3230,48,0.49513,56,0.76224,44,0.35864,51,0.59375,55,0.73591,12,-1.6377,24,-0.6125,24,-0.5765,24,-0.6187
ENSG00000141298,SSH2,48,1.45192,11,-0.9843,17,-0.2438,6,-1.7137,33,0.80697,14,-0.5446,18,-0.1731,14,-0.5178,22,0.14272,18,-0.1565
ENSG00000126653,NSRP1,61,1.49785,28,0.15174,15,-0.8059,40,0.73511,17,-0.6482,18,-0.5632,25,0.00386,17,-0.6128,15,-0.8226,18,-0.5134
ENSG00000108578,BLMH,11,-0.6565,10,-0.7328,16,-0.0842,17,-0.0297,16,-0.0476,25,0.59329,11,-0.6440,7,-1.2830,18,0.05696,39,1.37879
ENSG00000108582,CPD,68,0.34286,60,0.15470,49,-0.1661,86,0.75042,51,-0.1054,62,0.19935,32,-0.8129,35,-0.7127,59,0.13571,44,-0.3475
ENSG00000108587,GOSR1,12,-0.7824,24,0.28232,26,0.37770,14,-0.5675,11,-0.9879,20,-0.0162,23,0.20256,15,-0.5034,33,0.75848,26,0.40264
ENSG00000196712,NF1,78,-0.0913,78,-0.0870,102,0.33445,80,-0.0583,80,-0.0458,72,-0.2232,68,-0.3137,93,0.18661,75,-0.1458,101,0.32110
ENSG00000126861,OMG,189,0.57599,178,0.47187,116,-0.2107,166,0.35617,112,-0.2655,124,-0.1051,75,-0.8875,92,-0.5757,133,0.00134,144,0.12245
ENSG00000126860,EVI2A,382,4.80679,12,-2.1165,7,-2.8486,13,-2.0113,14,-1.9217,29,-0.8499,10,-2.4335,17,-1.6527,3,-3.8130,13,-1.9670
ENSG00000131242,RAB11FIP4,243,1.02776,114,-0.2279,152,0.23094,115,-0.2163,123,-0.1081,135,0.04539,102,-0.4016,71,-0.9567,149,0.20268,111,-0.2661
ENSG00000172301,COPRS,77,-1.2860,97,-0.9338,177,0.00604,246,0.53889,253,0.58577,198,0.17967,164,-0.1232,188,0.10268,148,-0.2782,220,0.35320
ENSG00000108651,UTP6,29,0.51362,16,-0.3934,33,0.75421,17,-0.3040,19,-0.1241,33,0.73128,11,-0.9215,11,-1.0377,26,0.33895,14,-0.6417
ENSG00000178691,SUZ12,28,-0.0944,39,0.44498,55,1.01699,17,-0.8117,33,0.14437,41,0.53811,16,-0.9857,22,-0.4789,17,-0.8419,29,-0.0386
ENSG00000126858,RHOT1,32,-1.0413,106,0.84273,125,1.12500,78,0.32434,85,0.47149,41,-0.6925,44,-0.5719,50,-0.3650,40,-0.7095,35,-0.9326
ENSG00000141314,RHBDL3,19,-0.2627,34,0.64941,9,-1.4272,20,-0.2236,31,0.50154,31,0.49908,28,0.35588,19,-0.2859,18,-0.3827,18,-0.3134
ENSG00000108666,C17orf75,17,-0.5667,32,0.47896,20,-0.3135,38,0.73457,17,-0.5006,28,0.24951,25,0.05246,10,-1.3170,26,0.10816,28,0.23389
ENSG00000010244,ZNF207,67,-0.1433,94,0.40577,86,0.25400,79,0.12465,59,-0.3340,61,-0.2949,63,-0.2306,68,-0.1238,65,-0.1968,91,0.34635
ENSG00000108671,PSMD11,19,-1.5260,72,0.57603,81,0.76405,40,-0.3718,52,0.03412,58,0.21439,59,0.25593,42,-0.2911,36,-0.5222,48,-0.0920
ENSG00000176749,CDK5R1,37,-2.9378,206,-0.3604,525,1.19519,370,0.58502,242,-0.1065,228,-0.2012,181,-0.5589,182,-0.5555,372,0.59496,245,-0.0891
ENSG00000108684,ASIC2,16,-0.4941,27,0.27131,30,0.47954,32,0.56234,28,0.33837,25,0.15086,16,-0.4799,18,-0.3401,15,-0.6169,18,-0.3829
ENSG00000092871,RFFL,97,2.85808,12,-0.8115,10,-1.1150,12,-0.8428,20,-0.1225,22,0.02095,11,-0.9720,7,-1.6605,17,-0.3240,5,-2.1664
ENSG00000006125,AP2B1,124,-0.4223,195,0.29539,163,0.00519,212,0.43034,239,0.63109,185,0.20446,138,-0.2589,110,-0.6076,132,-0.3364,128,-0.3780
ENSG00000270647,TAF15,69,0.43636,98,1.02922,47,-0.2016,33,-0.7195,46,-0.2200,39,-0.4762,47,-0.1968,31,-0.8263,65,0.32360,54,0.04226
ENSG00000270885,RASL10B,12,-0.8715,12,-0.8793,10,-1.1983,9,-1.3129,23,0.09295,24,0.15575,36,0.78690,21,-0.0885,43,1.12249,29,0.43289
ENSG00000271447,MMP28,35,1.06871,12,-0.6319,8,-1.1558,16,-0.1998,8,-1.2139,10,-0.9756,15,-0.2845,45,1.52707,5,-1.8552,28,0.70395
ENSG00000273611,ZNHIT3,22,-1.6296,69,0.14119,77,0.32054,89,0.56430,64,0.03021,142,1.38461,40,-0.6922,43,-0.5874,48,-0.4424,36,-0.8606
ENSG00000278311,GGNBP2,30,-1.3716,81,0.17009,62,-0.2543,69,-0.0809,102,0.54704,133,1.00019,63,-0.2396,49,-0.6088,65,-0.1822,75,0.04453
ENSG00000278535,DHRS11,5,-2.1558,45,1.05082,24,0.00832,19,-0.2955,34,0.59287,19,-0.3705,24,0.00535,15,-0.6490,34,0.56914,17,-0.4685
ENSG00000275700,AATF,29,0.62257,32,0.78290,16,-0.3456,21,0.14453,21,0.14045,11,-0.8941,15,-0.3788,9,-1.1828,17,-0.2193,25,0.37049
ENSG00000278540,ACACA,46,-0.0072,26,-0.8725,48,0.04531,54,0.23659,42,-0.1553,45,-0.0567,51,0.15040,50,0.09743,42,-0.1769,62,0.45111
ENSG00000276234,TADA2A,12,-0.5193,14,-0.3661,17,-0.0665,16,-0.1090,15,-0.2148,31,0.92505,8,-1.1122,17,-0.0053,24,0.52929,19,0.16866
ENSG00000276023,DUSP14,0,-4.7179,22,0.01568,48,1.36365,24,0.15763,10,-1.1832,23,0.12848,13,-0.7351,17,-0.3628,29,0.49168,28,0.42756
ENSG00000275066,SYNRG,21,-0.0078,16,-0.4193,19,-0.2017,23,0.12898,25,0.23730,24,0.17594,30,0.53515,18,-0.3136,22,0.04268,16,-0.4223
ENSG00000278845,MRPL45,5,-2.2080,21,-0.0947,27,0.31694,41,1.00369,27,0.29511,37,0.82612,19,-0.2858,14,-0.7619,16,-0.5187,17,-0.4144
ENSG00000274211,SOCS7,25,0.05750,17,-0.4932,32,0.47425,22,-0.1470,33,0.49807,13,-0.8812,24,-0.0207,21,-0.2226,37,0.72149,15,-0.6704
ENSG00000275832,ARHGAP23,187,2.11991,29,-1.0427,28,-1.1190,42,-0.4962,75,0.44750,51,-0.1957,41,-0.5362,57,-0.0020,32,-0.9178,31,-0.9365
ENSG00000277363,SRCIN1,216,1.81802,91,0.27918,50,-0.6719,50,-0.6683,85,0.16281,64,-0.2723,55,-0.5178,40,-0.9908,49,-0.6870,65,-0.2626
ENSG00000273604,EPOP,17,-0.8987,29,-0.1548,62,1.14127,23,-0.4669,22,-0.5337,15,-1.1440,34,0.12120,19,-0.7571,65,1.21865,28,-0.2098
ENSG00000275023,MLLT6,108,1.18492,35,-0.6395,48,-0.1528,25,-1.1407,40,-0.4559,38,-0.5266,49,-0.1407,67,0.36570,40,-0.4627,83,0.72303
ENSG00000277972,CISD3,42,0.07553,38,-0.0987,60,0.64538,37,-0.1384,52,0.41887,41,0.03170,37,-0.1062,27,-0.5959,24,-0.7766,43,0.11120
ENSG00000277258,PCGF2,17,0.03017,15,-0.2075,20,0.26387,10,-0.8280,18,0.12680,17,0.03334,17,0.06789,18,0.10581,20,0.25267,16,-0.0751
ENSG00000277791,PSMB3,93,-0.5157,116,-0.1794,225,0.91891,155,0.29208,183,0.56961,143,0.16150,101,-0.3927,91,-0.5571,93,-0.5241,94,-0.4940
ENSG00000276293,PIP4K2B,114,-0.7556,188,0.01946,179,-0.0572,191,0.04788,206,0.16957,167,-0.1698,233,0.37285,142,-0.4178,212,0.21434,222,0.29254
ENSG00000125691,RPL23,409,0.27783,573,0.84507,265,-0.4112,234,-0.6034,293,-0.2533,318,-0.1237,304,-0.1989,328,-0.0744,351,0.03083,365,0.09662
ENSG00000002834,LASP1,52,-0.5296,71,-0.0427,78,0.12111,97,0.47291,79,0.13969,44,-0.7906,53,-0.4966,69,-0.0879,86,0.26668,98,0.48745
ENSG00000263874,LINC00672,20,-1.6184,100,0.88262,82,0.54428,60,0.04458,67,0.21906,60,0.05186,44,-0.4313,48,-0.2953,69,0.26502,34,-0.8503
ENSG00000161381,PLXDC1,5,-2.3728,16,-0.8234,18,-0.5762,21,-0.3860,27,0.00779,31,0.22568,32,0.28213,22,-0.3212,16,-0.7687,80,1.91168
ENSG00000067191,CACNB1,22,-2.0374,64,-0.4187,105,0.36595,75,-0.1830,137,0.80912,123,0.62510,93,0.16630,56,-0.6403,81,-0.0557,83,-0.0117
ENSG00000108298,RPL19,1620,1.87027,521,-0.1146,498,-0.1863,416,-0.4708,450,-0.3461,412,-0.4835,411,-0.4874,407,-0.5043,354,-0.7206,513,-0.1394
ENSG00000141750,STAC2,5,-3.1650,46,0.09362,11,-2.1047,54,0.34641,72,0.83453,76,0.92598,86,1.13322,26,-0.8194,29,-0.6081,30,-0.5622
ENSG00000108306,FBXL20,16,-0.5236,11,-1.0550,31,0.48147,28,0.30737,18,-0.3327,18,-0.3596,20,-0.2239,23,0.00252,22,-0.0819,41,0.97764
ENSG00000171532,NEUROD2,13,-2.9671,98,0.02542,110,0.20802,151,0.73458,149,0.71600,118,0.32286,74,-0.4157,89,-0.1217,90,-0.1035,72,-0.4548
ENSG00000131771,PPP1R1B,58,-1.0328,126,0.16910,123,0.13162,96,-0.2708,74,-0.6707,74,-0.6712,120,0.09140,221,1.11748,76,-0.6203,167,0.62891
ENSG00000131748,STARD3,62,1.15273,40,0.41475,54,0.93505,34,0.16534,19,-0.7574,13,-1.3087,24,-0.4188,32,0.07492,13,-1.2580,17,-0.8952
ENSG00000141741,MIEN1,52,-0.5570,87,0.24734,81,0.12103,63,-0.2698,105,0.54622,105,0.54462,55,-0.4758,52,-0.5696,90,0.30346,58,-0.3976
ENSG00000172057,ORMDL3,39,0.33057,22,-0.5565,51,0.77285,38,0.29854,11,-1.5332,35,0.13306,32,0.01249,22,-0.5826,45,0.57513,22,-0.5635
ENSG00000108344,PSMD3,80,0.11558,71,-0.0877,91,0.32268,92,0.32919,68,-0.1547,111,0.64630,61,-0.3123,42,-0.8969,77,0.05473,54,-0.5052
ENSG00000008838,MED24,31,-0.2386,49,0.47985,40,0.15197,19,-0.9759,40,0.14813,54,0.63556,50,0.53567,32,-0.1758,17,-1.1221,30,-0.3008
ENSG00000126351,THRA,190,0.44160,149,0.04855,215,0.64484,89,-0.7544,123,-0.2607,130,-0.1734,120,-0.2952,159,0.14991,116,-0.3522,157,0.13292
ENSG00000126368,NR1D1,1,-4.9721,47,0.27518,58,0.62706,35,-0.2104,59,0.65317,12,-1.7823,28,-0.5360,46,0.25377,48,0.33006,61,0.70236
ENSG00000188895,MSL1,61,-0.5506,111,0.41679,120,0.54213,117,0.50248,105,0.32457,57,-0.6325,71,-0.2960,73,-0.2526,56,-0.6588,88,0.03179
ENSG00000108349,CASC3,177,1.72226,77,0.25715,63,-0.0661,33,-1.0748,71,0.12912,50,-0.4337,47,-0.5055,58,-0.1968,36,-0.9253,44,-0.6096
ENSG00000108352,RAPGEFL1,15,-1.3918,41,0.10665,84,1.32763,50,0.43698,37,-0.0457,33,-0.2490,37,-0.0328,30,-0.4005,33,-0.2477,23,-0.8036
ENSG00000171475,WIPF2,32,-1.3740,59,-0.4827,136,0.88037,92,0.23304,55,-0.5877,83,0.07135,72,-0.1622,76,-0.0824,92,0.22316,101,0.38143
ENSG00000141753,IGFBP4,7,-1.8357,31,0.42687,101,2.66355,8,-1.5927,2,-3.5659,3,-2.9198,6,-1.9441,23,-0.0605,10,-1.3140,49,1.17258
ENSG00000073584,SMARCE1,66,1.07557,26,-0.4111,54,0.75360,17,-1.1089,24,-0.5736,35,0.02842,30,-0.2240,31,-0.1611,16,-1.1835,45,0.44304
ENSG00000213424,KRT222,6,-3.1628,46,-0.1253,44,-0.1901,69,0.53109,85,0.89382,76,0.70578,64,0.40350,21,-1.3013,41,-0.3030,44,-0.1721
ENSG00000186395,KRT10,75,0.37374,88,0.64339,67,0.19230,47,-0.3780,70,0.26301,55,-0.1111,34,-0.8555,45,-0.4392,55,-0.1319,58,-0.0280
ENSG00000173812,EIF1,945,0.36645,625,-0.2986,977,0.42149,895,0.27765,662,-0.2071,810,0.11475,523,-0.5751,608,-0.3424,681,-0.1628,816,0.12633
ENSG00000141698,NT5C3B,29,-1.3898,62,-0.2100,84,0.26357,78,0.15127,81,0.19920,110,0.71542,62,-0.2286,48,-0.6178,78,0.13350,81,0.21111
ENSG00000131473,ACLY,74,-0.1978,92,0.14669,69,-0.2989,135,0.78651,93,0.17511,148,0.94288,50,-0.8040,42,-1.0793,72,-0.2301,62,-0.4607
ENSG00000173786,CNP,2354,3.78620,163,-1.3384,143,-1.5397,124,-1.7535,158,-1.3833,261,-0.6270,179,-1.2022,135,-1.6243,193,-1.0899,177,-1.2183
ENSG00000168259,DNAJC7,36,-1.4241,108,0.27559,111,0.32455,74,-0.3337,104,0.21751,149,0.80906,90,-0.0145,76,-0.2863,77,-0.2596,85,-0.1050
ENSG00000108773,KAT2A,83,0.79234,41,-0.3522,66,0.40890,33,-0.6702,51,-0.0123,51,-0.0026,45,-0.1909,26,-1.0321,33,-0.6848,83,0.78593
ENSG00000108774,RAB5C,100,0.01925,138,0.54753,122,0.34774,94,-0.0699,78,-0.3777,95,-0.0650,77,-0.3978,87,-0.2010,109,0.16334,87,-0.2014
ENSG00000167925,GHDC,24,0.43592,18,-0.0789,23,0.35376,20,0.13374,23,0.37056,5,-1.8444,16,-0.2443,22,0.28371,21,0.16363,13,-0.5628
ENSG00000173757,STAT5B,44,0.22943,60,0.74823,26,-0.5655,24,-0.7046,31,-0.3071,37,-0.0509,29,-0.4080,39,0.04674,43,0.21741,46,0.29420
ENSG00000168610,STAT3,35,0.48079,42,0.75779,27,0.07848,21,-0.3577,13,-1.0519,11,-1.3286,16,-0.7034,32,0.31793,28,0.10500,36,0.51836
ENSG00000033627,ATP6V0A1,185,-1.0357,440,0.32561,311,-0.2320,483,0.48047,463,0.41236,572,0.76738,360,0.00063,295,-0.3127,202,-0.8990,286,-0.3641
ENSG00000068120,COASY,47,0.27902,44,0.17339,45,0.20936,45,0.17938,32,-0.3536,41,0.02709,40,0.01989,17,-1.2972,32,-0.3560,55,0.52890
ENSG00000108788,MLX,13,-0.6236,21,0.15315,11,-0.8852,36,1.04900,20,0.09041,27,0.51058,26,0.51000,9,-1.1722,15,-0.3823,14,-0.4647
ENSG00000141699,RETREG3,45,0.39292,53,0.66201,34,-0.0536,33,-0.1140,33,-0.1109,29,-0.2895,34,-0.0381,20,-0.8959,35,-0.0125,36,0.05551
ENSG00000131462,TUBG1,8,-2.3272,36,-0.0559,31,-0.2491,35,-0.0794,51,0.53102,71,1.10001,25,-0.5807,21,-0.8951,33,-0.1544,57,0.71369
ENSG00000037042,TUBG2,99,-0.2082,104,-0.1315,111,-0.0243,117,0.05506,142,0.37477,123,0.14571,74,-0.6560,84,-0.4589,159,0.55916,114,0.02331
ENSG00000108797,CNTNAP1,44,-1.9427,136,-0.2574,160,-0.0002,274,0.89828,229,0.59240,183,0.21609,128,-0.3435,84,-0.9937,184,0.23283,173,0.13373
ENSG00000108799,EZH1,63,0.85866,49,0.42513,46,0.35000,59,0.75197,32,-0.2365,34,-0.1325,19,-1.0352,27,-0.5218,16,-1.3276,29,-0.4144
ENSG00000131477,RAMP2,26,0.44233,18,-0.0721,17,-0.1880,5,-1.9987,9,-1.2062,4,-2.3274,7,-1.4462,36,1.01924,17,-0.1857,55,1.79113
ENSG00000131475,VPS25,18,-0.9744,32,-0.0663,44,0.43400,34,0.03662,41,0.30823,45,0.48715,24,-0.5347,16,-1.0926,31,-0.1179,50,0.64914
ENSG00000183978,COA3,79,-0.7458,179,0.54892,124,-0.0496,193,0.66807,152,0.27828,154,0.29887,85,-0.6362,82,-0.7016,138,0.12234,94,-0.4867
ENSG00000126581,BECN1,56,-0.2237,42,-0.6764,67,0.06960,80,0.36040,69,0.11229,66,0.04801,62,-0.0485,53,-0.3080,63,-0.0197,84,0.43310
ENSG00000131467,PSME3,14,-1.9739,62,0.21769,57,0.09525,64,0.26897,74,0.51984,60,0.17987,60,0.16850,48,-0.1915,38,-0.5605,62,0.22497
ENSG00000266967,AARSD1,33,-0.2565,21,-0.9514,60,0.69852,41,0.06929,62,0.76192,57,0.60324,23,-0.8350,26,-0.6359,33,-0.2803,36,-0.1460
ENSG00000198863,RUNDC1,17,-1.0635,22,-0.6294,63,1.04153,40,0.28612,50,0.63922,50,0.63252,23,-0.5886,26,-0.3801,31,-0.1216,14,-1.3252
ENSG00000131469,RPL27,778,0.50823,754,0.45483,578,0.02219,376,-0.6537,556,-0.0401,517,-0.1564,438,-0.4174,582,0.03367,494,-0.2266,628,0.15637
ENSG00000108828,VAT1,84,2.02965,6,-2.2566,7,-2.0133,27,0.00715,21,-0.3735,41,0.68865,16,-0.7347,22,-0.2967,24,-0.1416,18,-0.5611
ENSG00000108830,RND2,49,1.05822,28,0.08990,18,-0.6064,14,-0.9540,13,-1.0957,43,0.82381,21,-0.3130,28,0.09805,15,-0.8157,32,0.33022
ENSG00000188554,NBR1,124,1.02502,86,0.39892,69,0.03676,56,-0.2762,62,-0.1223,50,-0.4513,64,-0.0674,68,0.01970,42,-0.7385,50,-0.4727
ENSG00000175906,ARL4D,7,-1.7571,27,0.23934,25,0.12408,24,0.04028,43,1.00658,46,1.11379,12,-1.0608,15,-0.6867,15,-0.6687,20,-0.2609
ENSG00000108861,DUSP3,30,-2.2792,180,0.44831,135,-0.0182,184,0.48802,176,0.41040,184,0.48984,132,-0.0518,86,-0.7195,128,-0.1021,129,-0.0851
ENSG00000108852,MPP2,63,0.09193,45,-0.4587,71,0.26767,62,0.06165,82,0.52004,46,-0.4218,43,-0.4977,64,0.09724,71,0.28425,51,-0.2576
ENSG00000091947,TMEM101,17,-0.2491,25,0.33989,28,0.53357,22,0.15676,16,-0.3908,23,0.22089,25,0.32316,19,-0.1273,13,-0.6230,14,-0.6064
ENSG00000161654,LSM12,32,-0.3124,71,0.96908,32,-0.3282,48,0.29376,26,-0.6721,50,0.37213,32,-0.3124,23,-0.8205,34,-0.2232,47,0.28039
ENSG00000141349,G6PC3,63,0.60225,49,0.20571,39,-0.1488,28,-0.6880,40,-0.1285,34,-0.3914,34,-0.3849,55,0.39376,29,-0.6185,62,0.58479
ENSG00000108840,HDAC5,108,0.57156,92,0.29966,56,-0.4761,56,-0.4902,73,-0.0606,107,0.54944,94,0.33274,77,0.01847,30,-1.4431,70,-0.1439
ENSG00000168591,TMUB2,27,-0.7625,52,0.26718,52,0.28132,37,-0.2469,54,0.33828,53,0.29822,34,-0.4107,32,-0.4829,37,-0.2501,60,0.50741
ENSG00000087152,ATXN7L3,33,-1.5653,97,0.08491,68,-0.4766,141,0.70024,144,0.73948,72,-0.3927,91,-0.0229,79,-0.2355,56,-0.7617,139,0.67533
ENSG00000108312,UBTF,86,0.56946,58,-0.0658,97,0.77275,62,0.02596,48,-0.3521,56,-0.1207,47,-0.3844,61,0.00085,47,-0.3912,43,-0.5199
ENSG00000108309,RUNDC3A,109,-1.6568,291,-0.1531,468,0.62474,391,0.32543,298,-0.1157,388,0.31218,255,-0.3590,306,-0.0689,332,0.06038,362,0.19823
ENSG00000013306,SLC25A39,44,0.30281,40,0.14050,39,0.09025,52,0.57875,31,-0.2607,30,-0.2871,31,-0.2410,29,-0.3709,20,-0.9165,49,0.46869
ENSG00000030582,GRN,58,0.19168,48,-0.0902,53,0.06168,66,0.41869,77,0.65439,29,-0.9017,26,-1.0292,53,0.04751,29,-0.8687,73,0.58281
ENSG00000161682,FAM171A2,36,-0.2741,32,-0.4383,58,0.50894,52,0.33467,61,0.58526,38,-0.1926,37,-0.2334,40,-0.1122,34,-0.3264,37,-0.2001
ENSG00000186566,GPATCH8,22,-0.0323,27,0.24522,33,0.59975,14,-0.7511,44,1.07728,13,-0.8997,14,-0.7484,21,-0.1301,17,-0.4581,24,0.06945
ENSG00000180329,CCDC43,19,-0.0601,21,0.08182,26,0.42495,13,-0.6488,31,0.71635,13,-0.6973,16,-0.3747,21,0.08143,15,-0.5035,26,0.39109
ENSG00000073670,ADAM11,9,-2.5528,34,-0.6897,57,0.11905,69,0.43973,91,0.90992,88,0.85523,47,-0.1921,34,-0.6657,39,-0.4764,58,0.15657
ENSG00000108883,EFTUD2,15,-1.6006,65,0.62994,43,-0.0342,51,0.23082,53,0.29371,70,0.75389,57,0.40749,33,-0.4506,14,-1.7495,40,-0.1432
ENSG00000131095,GFAP,10806,4.70605,409,-1.9369,236,-2.7503,148,-3.4267,283,-2.4818,184,-3.1087,450,-1.7973,1374,-0.0891,155,-3.3614,483,-1.6912
ENSG00000131094,C1QL1,56,0.79878,66,1.10272,24,-0.5490,28,-0.3204,15,-1.2182,18,-0.9766,37,0.15026,30,-0.2000,25,-0.4851,42,0.32987
ENSG00000172992,DCAKD,53,0.71822,34,0.00993,28,-0.2785,25,-0.4939,29,-0.2372,36,0.11407,25,-0.4664,35,0.07392,19,-0.8997,54,0.76636
ENSG00000136448,NMT1,50,-0.3244,62,-0.0070,79,0.38531,84,0.49271,50,-0.3367,45,-0.5034,51,-0.3097,56,-0.1528,78,0.37065,65,0.07406
ENSG00000161714,PLCD3,96,2.52452,25,0.05645,6,-2.0045,4,-2.4975,15,-0.7142,20,-0.3144,21,-0.2322,26,0.14710,11,-1.2305,18,-0.4848
ENSG00000186834,HEXIM1,24,-1.1322,53,0.08038,56,0.18834,49,-0.0352,63,0.36606,44,-0.1954,51,0.03363,43,-0.2295,65,0.43144,52,0.05861
ENSG00000184922,FMNL1,9,-1.8521,29,-0.2043,52,0.76639,35,0.12459,33,-0.0003,41,0.37631,24,-0.5071,28,-0.2576,34,0.04626,42,0.41062
ENSG00000225190,PLEKHM1,17,0.10632,13,-0.3358,12,-0.4851,29,0.94402,13,-0.3698,14,-0.1866,8,-1.1017,24,0.65574,20,0.32950,12,-0.4805
ENSG00000186868,MAPT,136,-0.9021,272,0.18913,333,0.52076,335,0.53164,230,-0.0848,289,0.28282,249,0.04385,183,-0.4439,149,-0.7579,246,0.02742
ENSG00000120071,KANSL1,21,-0.8172,55,0.73194,36,0.03726,34,-0.0613,20,-0.8640,34,-0.0448,29,-0.3057,36,0.02715,47,0.47619,40,0.20421
ENSG00000073969,NSF,51,-3.6466,483,-0.3026,524,-0.1755,890,0.69138,968,0.83569,1023,0.93285,520,-0.1862,259,-1.2567,685,0.25544,444,-0.4361
ENSG00000108433,GOSR2,55,0.39518,56,0.42004,42,-0.0491,53,0.35483,51,0.27884,47,0.14052,24,-0.9201,31,-0.4885,33,-0.4197,38,-0.1988
ENSG00000179673,RPRML,5,-2.7282,37,0.05659,61,0.89190,36,-0.0004,55,0.71078,35,-0.0242,38,0.08639,23,-0.6872,37,0.06112,29,-0.3015
ENSG00000004897,CDC27,30,-0.9038,48,-0.1849,61,0.19889,52,-0.0467,81,0.66040,75,0.53566,40,-0.4491,39,-0.4901,67,0.35037,45,-0.2784
ENSG00000141279,NPEPPS,56,-1.2546,161,0.40547,122,-0.0454,107,-0.2488,172,0.50886,152,0.30517,84,-0.6234,93,-0.4658,154,0.32759,155,0.33821
ENSG00000108424,KPNB1,119,0.12448,115,0.06949,135,0.32699,92,-0.2875,140,0.38390,95,-0.2314,87,-0.3738,117,0.09957,87,-0.3814,115,0.07439
ENSG00000198933,TBKBP1,18,-0.0635,17,-0.1714,20,0.04163,43,1.35282,20,0.06490,5,-1.8859,17,-0.1418,15,-0.3267,21,0.14633,14,-0.4604
ENSG00000159111,MRPL10,23,-0.8585,72,0.94196,35,-0.2294,30,-0.4695,39,-0.0860,55,0.49550,23,-0.8685,29,-0.5486,45,0.14218,57,0.52832
ENSG00000141295,SCRN2,24,0.59907,6,-1.4832,24,0.57999,14,-0.3251,11,-0.6498,34,1.17528,12,-0.4854,17,0.01158,7,-1.2564,18,0.12980
ENSG00000264920,AC018521.5,47,1.15801,21,-0.1828,25,0.07183,14,-0.7540,39,0.82225,17,-0.5128,27,0.23227,17,-0.5353,19,-0.3668,10,-1.2941
ENSG00000108439,PNPO,50,-0.1006,49,-0.1183,41,-0.4016,58,0.14349,73,0.52134,55,0.06440,54,0.03055,50,-0.1052,54,0.01791,47,-0.2026
ENSG00000108465,CDK5RAP3,105,1.48002,59,0.46046,37,-0.2666,23,-0.9656,56,0.37810,35,-0.3742,32,-0.4820,17,-1.4680,30,-0.5920,47,0.09828
ENSG00000082641,NFE2L1,135,0.07498,114,-0.1912,130,0.01498,181,0.55260,216,0.85405,105,-0.3250,100,-0.4057,86,-0.6259,83,-0.6891,139,0.11974
ENSG00000108468,CBX1,81,0.31609,88,0.46519,74,0.16851,68,0.03720,64,-0.0488,41,-0.7549,46,-0.5563,67,0.02146,58,-0.2053,75,0.20970
ENSG00000002919,SNX11,16,0.09626,11,-0.5337,22,0.58728,17,0.15265,12,-0.3196,15,-0.0235,30,1.12148,9,-0.7256,9,-0.7257,10,-0.5914
ENSG00000136436,CALCOCO2,54,1.23152,25,-0.0434,25,-0.0787,17,-0.6339,11,-1.3133,44,0.88110,13,-0.9922,29,0.17948,21,-0.3039,19,-0.4789
ENSG00000159199,ATP5MC1,83,-1.2047,296,0.80345,203,0.17261,237,0.42893,197,0.12806,268,0.63438,166,-0.1457,99,-0.9490,136,-0.4607,135,-0.4670
ENSG00000159202,UBE2Z,103,-0.0291,110,0.07081,99,-0.1047,116,0.15342,110,0.06472,174,0.82775,100,-0.0768,86,-0.3176,98,-0.1199,58,-0.9359
ENSG00000159210,SNF8,50,0.31226,69,0.85943,40,-0.0330,42,0.03716,51,0.36542,37,-0.1397,30,-0.4940,36,-0.1865,28,-0.5834,25,-0.7306
ENSG00000198740,ZNF652,61,1.90792,33,0.75734,12,-0.7899,7,-1.6793,8,-1.3631,5,-2.0508,18,-0.1944,14,-0.5691,6,-1.7029,40,1.12436
ENSG00000167085,PHB,62,-0.3662,100,0.38769,64,-0.3250,94,0.28089,83,0.07298,120,0.68777,63,-0.3476,41,-1.0140,65,-0.3055,96,0.32147
ENSG00000182575,NXPH3,77,2.58473,16,-0.2536,6,-1.7509,13,-0.6078,16,-0.2704,7,-1.4817,14,-0.4880,16,-0.2928,9,-1.0763,16,-0.2463
ENSG00000121067,SPOP,45,-0.3077,56,0.01502,74,0.46691,63,0.21337,45,-0.3053,43,-0.3887,48,-0.2100,47,-0.2578,60,0.14020,70,0.38817
ENSG00000121073,SLC35B1,26,-0.8494,52,0.21082,82,0.97644,40,-0.1945,66,0.61347,55,0.30577,24,-0.9782,35,-0.4078,33,-0.5217,42,-0.1413
ENSG00000136504,KAT7,37,-0.2881,49,0.13934,44,-0.0057,47,0.08750,45,0.00320,65,0.60585,48,0.11010,28,-0.7389,57,0.39059,27,-0.7783
ENSG00000005882,PDK2,52,-0.9057,80,-0.2250,140,0.67603,105,0.19731,108,0.24815,73,-0.3797,57,-0.7480,92,-0.0083,98,0.09065,121,0.43828
ENSG00000167100,SAMD14,18,-0.4827,28,0.20671,41,0.82047,26,0.06574,18,-0.5204,17,-0.5546,13,-0.9386,25,0.03098,17,-0.5595,44,0.93702
ENSG00000108819,PPP1R9B,66,-0.4104,112,0.43459,68,-0.3610,73,-0.2474,75,-0.2145,40,-1.1779,98,0.22542,120,0.55676,92,0.10800,112,0.43375
ENSG00000108826,MRPL27,75,-0.1773,114,0.48409,86,0.02510,83,-0.0281,88,0.07346,101,0.29043,84,-0.0070,56,-0.6315,79,-0.1070,77,-0.1350
ENSG00000108829,LRRC59,41,0.00993,43,0.07936,47,0.23596,34,-0.2526,36,-0.1940,41,0.03744,38,-0.1052,32,-0.3523,31,-0.4321,62,0.69702
ENSG00000136444,RSAD1,42,1.14557,16,-0.4331,28,0.44325,19,-0.1431,15,-0.5169,47,1.34403,12,-0.9018,12,-0.8982,10,-1.1300,11,-1.0416
ENSG00000006282,SPATA20,24,-0.5800,26,-0.4569,32,-0.1669,37,0.06609,29,-0.2756,76,1.29022,32,-0.1499,36,0.03570,23,-0.6559,37,0.07502
ENSG00000006283,CACNA1G,0,-7.0161,11,-0.5397,32,1.11722,28,0.87374,9,-0.8507,13,-0.3223,16,-0.0544,9,-0.9015,29,0.97244,15,-0.1104
ENSG00000154945,ANKRD40,449,2.77824,57,-0.9291,64,-0.7505,64,-0.7513,63,-0.7833,81,-0.3774,70,-0.6057,64,-0.7555,58,-0.8982,65,-0.7256
ENSG00000108848,LUC7L3,237,1.32429,112,0.04440,151,0.53175,85,-0.3947,95,-0.2137,85,-0.3914,59,-0.9496,132,0.30620,74,-0.5972,59,-0.9590
ENSG00000141232,TOB1,52,0.39939,50,0.32366,34,-0.2966,34,-0.3062,18,-1.2316,34,-0.3090,46,0.17591,44,0.10586,50,0.33588,47,0.23858
ENSG00000008294,SPAG9,216,0.99252,146,0.32439,138,0.23622,80,-0.6223,91,-0.4262,93,-0.3863,80,-0.6147,123,0.05509,92,-0.4156,132,0.16840
ENSG00000239672,NME1,50,-1.6537,117,-0.3624,163,0.16173,241,0.81331,179,0.31507,190,0.41003,134,-0.1465,87,-0.8269,141,-0.0696,172,0.24628
ENSG00000243678,NME2,178,-0.5701,381,0.64965,256,-0.0047,408,0.76652,192,-0.4564,271,0.08763,269,0.07865,167,-0.6708,262,0.03485,180,-0.5552
ENSG00000011260,UTP18,14,-1.4301,52,0.59460,51,0.55603,48,0.44624,48,0.46168,35,-0.0676,25,-0.5558,29,-0.3762,38,0.08808,22,-0.7619
ENSG00000154975,CA10,6,-4.0401,27,-1.8595,150,0.79209,148,0.76661,58,-0.7401,51,-0.9400,112,0.30308,67,-0.5128,186,1.16756,124,0.47271
ENSG00000166260,COX11,48,-0.1905,65,0.29088,49,-0.1691,92,0.86936,45,-0.2838,57,0.07010,43,-0.3668,31,-0.8821,59,0.12723,55,0.00710
ENSG00000108924,HLF,52,-1.7556,175,0.10380,280,0.89010,212,0.42126,194,0.27738,107,-0.6637,129,-0.3806,145,-0.1957,225,0.51928,119,-0.5064
ENSG00000108960,MMD,60,0.06909,48,-0.2847,89,0.71792,97,0.85515,67,0.24605,49,-0.2687,30,-1.0213,45,-0.3856,42,-0.4818,49,-0.2528
ENSG00000153933,DGKE,13,-1.5796,39,0.12648,28,-0.4236,28,-0.3815,79,1.31796,49,0.50173,23,-0.6862,36,-0.0046,36,0.01282,30,-0.2970
ENSG00000121058,COIL,11,-0.5886,24,0.60100,20,0.31704,15,-0.1502,11,-0.5804,19,0.23851,8,-1.0894,12,-0.5000,20,0.32167,24,0.60908
ENSG00000121064,SCPEP1,19,-0.5811,29,0.07234,41,0.64350,46,0.85477,31,0.17915,33,0.28675,18,-0.6891,19,-0.5417,16,-0.7919,23,-0.2724
ENSG00000121057,AKAP1,30,-0.2682,55,0.73977,28,-0.3435,30,-0.2596,39,0.14889,35,0.00626,22,-0.7587,31,-0.2257,33,-0.1134,50,0.57458
ENSG00000153944,MSI2,71,0.60009,118,1.50743,9,-2.5409,23,-1.1506,28,-0.8743,24,-1.1081,56,0.21519,85,0.91404,17,-1.5593,59,0.28905
ENSG00000181610,MRPS23,34,-1.1585,114,0.72835,97,0.46065,65,-0.1760,97,0.46366,71,-0.0404,55,-0.4355,46,-0.7100,74,0.01532,76,0.06447
ENSG00000136451,VEZF1,51,1.66582,25,0.43454,14,-0.4687,11,-0.8295,6,-1.6672,15,-0.4131,20,0.08851,10,-0.9265,9,-1.0797,30,0.71193
ENSG00000136450,SRSF1,80,0.28634,77,0.22306,76,0.20519,74,0.14582,71,0.08247,75,0.16460,56,-0.2850,61,-0.1506,42,-0.7214,60,-0.1830
ENSG00000264364,DYNLL2,315,-0.2337,349,-0.0686,258,-0.5432,374,0.04253,365,0.00303,463,0.38843,397,0.13868,347,-0.0799,416,0.21280,361,-0.0163
ENSG00000005379,TSPOAP1,38,-0.2708,64,0.55018,64,0.55464,23,-1.0505,59,0.40963,32,-0.5417,46,0.01948,50,0.14641,33,-0.4948,46,0.01878
ENSG00000213246,SUPT4H1,55,-0.4309,61,-0.2675,73,0.01693,84,0.22947,67,-0.1322,83,0.22300,60,-0.2971,54,-0.4478,87,0.30013,100,0.52195
ENSG00000108389,MTMR4,42,0.02447,56,0.47426,29,-0.5346,40,-0.0567,40,-0.0706,71,0.89281,37,-0.1740,26,-0.7363,38,-0.1469,36,-0.2231
ENSG00000108387,SEPTIN4,2179,4.66029,136,-1.1980,42,-2.9222,92,-1.7900,100,-1.6619,138,-1.1725,88,-1.8522,70,-2.1939,52,-2.6275,54,-2.5513
ENSG00000108384,RAD51C,16,-1.2165,54,0.70521,43,0.32697,58,0.81110,31,-0.1733,47,0.45757,16,-1.1876,24,-0.5841,32,-0.1261,30,-0.2483
ENSG00000175175,PPM1E,1,-4.0902,38,0.38629,29,-0.0708,43,0.56136,30,0.01468,36,0.29568,30,-0.0101,20,-0.6250,31,0.03822,42,0.55411
ENSG00000108395,TRIM37,34,-2.4652,255,0.59898,107,-0.7877,271,0.70458,282,0.76971,200,0.20114,174,-0.0212,114,-0.6892,223,0.37520,107,-0.7792
ENSG00000182628,SKA2,65,1.11612,33,-0.0264,35,0.11200,19,-0.8286,27,-0.2980,33,-0.0078,31,-0.0870,46,0.54826,13,-1.3795,28,-0.2839
ENSG00000153982,GDPD1,5,-2.9425,68,0.92046,29,-0.4608,43,0.16623,26,-0.6121,69,0.95745,47,0.31418,34,-0.2074,35,-0.1691,32,-0.3126
ENSG00000175155,YPEL2,64,0.59879,50,0.19755,49,0.16210,38,-0.2350,40,-0.1496,63,0.57353,30,-0.5934,29,-0.6551,45,0.01460,34,-0.3979
ENSG00000108406,DHX40,19,-0.2166,16,-0.4567,30,0.55817,9,-1.3544,23,0.14089,32,0.64710,19,-0.2094,25,0.26021,17,-0.3382,24,0.18763
ENSG00000141367,CLTC,183,-1.7985,771,0.43292,542,-0.1375,751,0.38841,833,0.56180,804,0.50285,429,-0.5038,356,-0.7931,697,0.26719,544,-0.1313
ENSG00000141378,PTRH2,9,-1.4061,33,0.50368,26,0.10022,25,0.05680,49,1.18347,17,-0.5501,16,-0.6180,17,-0.5675,34,0.53020,16,-0.6511
ENSG00000062716,VMP1,44,-0.8225,100,0.45018,88,0.24570,117,0.72438,80,0.08553,95,0.36713,48,-0.7120,40,-0.9723,80,0.10068,63,-0.2920
ENSG00000108443,RPS6KB1,27,-0.1771,30,0.00208,28,-0.1273,29,-0.0681,24,-0.3811,26,-0.2568,35,0.22325,27,-0.1644,42,0.52965,35,0.23012
ENSG00000167434,CA4,16,-1.1677,41,0.29835,80,1.46710,39,0.23830,7,-2.4077,16,-1.1747,30,-0.1827,34,0.00023,41,0.32531,35,0.04721
ENSG00000170832,USP32,40,0.28508,27,-0.3281,36,0.12104,34,0.03069,38,0.19235,51,0.67076,17,-0.9884,24,-0.5378,25,-0.4803,43,0.41282
ENSG00000062725,APPBP2,52,-0.1954,82,0.52988,61,0.05392,59,0.00085,61,0.04902,69,0.23570,56,-0.0770,43,-0.4832,46,-0.4055,62,0.07413
ENSG00000141376,BCAS3,42,0.11021,36,-0.1459,25,-0.6860,47,0.26986,50,0.37295,45,0.21037,34,-0.2224,28,-0.5347,45,0.21974,42,0.10080
ENSG00000108510,MED13,36,0.20321,36,0.19182,28,-0.1843,13,-1.3809,33,0.04801,42,0.47562,20,-0.6752,54,0.87119,28,-0.1646,26,-0.2965
ENSG00000146872,TLK2,25,-0.0886,47,0.93346,22,-0.3075,32,0.28399,15,-0.8286,35,0.45022,23,-0.2150,16,-0.7512,22,-0.2502,27,0.05367
ENSG00000170921,TANC2,24,-1.4861,71,0.17951,114,0.97684,85,0.47723,60,-0.0699,33,-1.0068,52,-0.3189,62,-0.0430,53,-0.2684,79,0.36230
ENSG00000008283,CYB561,12,-1.6009,40,0.17061,61,0.90309,27,-0.4058,30,-0.2733,53,0.64853,35,-0.0100,27,-0.4310,32,-0.1859,38,0.10985
ENSG00000136485,DCAF7,51,0.24276,20,-1.1986,49,0.19129,31,-0.5214,56,0.40058,32,-0.4671,41,-0.0918,36,-0.2978,67,0.71148,52,0.29063
ENSG00000136463,TACO1,24,-0.1368,28,0.14105,29,0.18746,22,-0.2478,51,1.12883,32,0.32821,20,-0.4061,17,-0.6195,19,-0.5018,17,-0.6595
ENSG00000266173,STRADA,21,-0.3481,20,-0.4430,26,0.02299,18,-0.5368,58,1.34219,53,1.18357,11,-1.2778,29,0.15133,12,-1.1175,12,-1.1430
ENSG00000136490,LIMD2,13,-0.6583,9,-1.1095,29,0.63471,14,-0.4894,30,0.69100,31,0.74064,11,-0.9079,10,-0.9800,21,0.08906,28,0.56505
ENSG00000108588,CCDC47,60,-0.1895,78,0.23515,97,0.59497,85,0.36801,64,-0.0985,68,-0.0035,41,-0.7687,85,0.36652,41,-0.7746,58,-0.2558
ENSG00000198231,DDX42,81,0.19170,91,0.39334,62,-0.2235,67,-0.0937,64,-0.1812,65,-0.1414,74,0.05579,65,-0.1474,88,0.33925,57,-0.3510
ENSG00000087191,PSMC5,182,-0.0518,169,-0.1621,148,-0.3785,186,-0.0130,252,0.47976,222,0.26848,195,0.06191,142,-0.4372,129,-0.5871,252,0.47900
ENSG00000266402,SNHG25,186,1.83242,53,-0.3264,53,-0.3268,37,-0.8812,33,-1.0467,49,-0.4382,35,-0.9667,69,0.08669,27,-1.3187,110,0.86197
ENSG00000136478,TEX2,69,0.37822,54,-0.0262,72,0.43518,60,0.15398,57,0.05672,74,0.49252,29,-0.9571,48,-0.2001,47,-0.2392,37,-0.6145
ENSG00000108654,DDX5,358,0.07437,467,0.51023,492,0.59875,283,-0.2974,245,-0.5244,511,0.66451,228,-0.6322,265,-0.3978,277,-0.3312,288,-0.2690
ENSG00000120063,GNA13,65,1.52933,12,-1.2257,19,-0.4869,14,-0.9813,17,-0.6510,9,-1.6200,14,-0.9738,39,0.63178,32,0.29159,44,0.81973
ENSG00000154229,PRKCA,80,-0.9405,90,-0.7592,271,1.01624,138,-0.1001,67,-1.2117,137,-0.1106,136,-0.1226,230,0.73560,120,-0.3250,202,0.51436
ENSG00000198265,HELZ,18,-0.9831,64,1.04123,42,0.34389,21,-0.7476,24,-0.5178,26,-0.4169,28,-0.3016,39,0.20832,41,0.30857,37,0.13513
ENSG00000197170,PSMD12,32,-1.4363,75,-0.1556,63,-0.4156,92,0.17668,143,0.90584,102,0.33302,72,-0.2262,61,-0.4834,102,0.33689,85,0.04541
ENSG00000154217,PITPNC1,45,-0.3968,105,0.97947,38,-0.6467,52,-0.1822,51,-0.2085,69,0.27022,36,-0.7456,87,0.66311,27,-1.1684,71,0.32591
ENSG00000130935,NOL11,12,-0.6477,19,0.12296,23,0.40759,21,0.26077,22,0.32625,31,0.89355,17,-0.0373,15,-0.2369,9,-1.1032,9,-0.9750
ENSG00000171634,BPTF,56,0.41661,50,0.24576,44,0.02262,27,-0.7006,18,-1.3609,27,-0.6991,48,0.17193,48,0.17533,45,0.06218,68,0.74325
ENSG00000186665,C17orf58,9,-1.0810,25,0.59506,17,-0.0705,12,-0.6364,18,0.03427,26,0.61895,9,-0.9759,14,-0.3521,26,0.65703,20,0.20360
ENSG00000182481,KPNA2,26,-1.1133,68,0.38757,46,-0.2343,64,0.29415,86,0.77341,65,0.31006,42,-0.3855,30,-0.8699,60,0.19044,48,-0.1832
ENSG00000196704,AMZ2,91,-0.1580,114,0.19668,86,-0.2602,109,0.12420,95,-0.0930,102,0.02294,81,-0.3401,96,-0.0858,119,0.26153,116,0.22277
ENSG00000108946,PRKAR1A,247,-0.9105,514,0.24057,516,0.24617,479,0.12761,596,0.48525,535,0.30610,317,-0.5248,259,-0.8377,596,0.48460,369,-0.2899
ENSG00000154265,ABCA5,19,-1.0172,49,0.48785,39,0.09580,29,-0.3638,50,0.50096,39,0.11172,22,-0.7811,21,-0.8355,38,0.07975,59,0.77800
ENSG00000125398,SOX9,59,0.15091,66,0.33673,56,0.08350,22,-1.3293,23,-1.2557,32,-0.7815,35,-0.6469,139,1.65378,35,-0.6380,65,0.32705
ENSG00000180616,SSTR2,18,-1.1601,37,-0.0686,24,-0.7502,66,0.88505,102,1.67981,25,-0.6979,46,0.27631,20,-0.9963,30,-0.3801,18,-1.1411
ENSG00000166685,COG1,14,-1.4777,47,0.37451,59,0.73619,47,0.36011,47,0.35891,32,-0.2475,23,-0.7234,28,-0.4474,36,-0.0452,41,0.13622
ENSG00000133193,FAM104A,14,-0.4622,23,0.25528,39,1.14297,17,-0.2417,17,-0.1810,15,-0.4269,14,-0.4606,18,-0.0971,25,0.38887,12,-0.7019
ENSG00000179604,CDC42EP4,50,-0.1856,46,-0.3198,16,-1.8533,36,-0.6827,21,-1.4904,33,-0.8165,33,-0.8221,125,1.35976,30,-0.9398,170,1.95809
ENSG00000172809,RPL38,1732,1.17273,1120,0.42215,755,-0.2156,636,-0.4849,598,-0.5805,708,-0.3168,912,0.08712,704,-0.3258,708,-0.3151,771,-0.1825
ENSG00000141540,TTYH2,362,3.90664,55,-0.0633,9,-2.6980,12,-2.2814,15,-1.9869,14,-2.0724,25,-1.3015,37,-0.6770,14,-2.1262,31,-0.9661
ENSG00000109062,SLC9A3R1,107,1.14567,60,0.16395,39,-0.4851,21,-1.4205,32,-0.7925,40,-0.4568,39,-0.5215,116,1.30427,24,-1.2538,60,0.17894
ENSG00000161509,GRIN2C,39,0.83607,23,0.01290,11,-1.0736,14,-0.7687,8,-1.5142,6,-2.0281,16,-0.5695,41,0.91882,16,-0.5785,58,1.55280
ENSG00000167861,HID1,69,0.55465,58,0.26706,51,0.05085,62,0.37260,52,0.08119,56,0.19623,45,-0.1511,19,-1.4701,44,-0.1700,37,-0.4488
ENSG00000167862,MRPL58,33,0.25922,33,0.23132,21,-0.4899,29,0.04826,12,-1.2456,78,1.74915,21,-0.4918,17,-0.8143,20,-0.5737,20,-0.5170
ENSG00000180901,KCTD2,43,-0.8175,68,-0.1161,99,0.49102,89,0.31782,54,-0.4830,93,0.38931,58,-0.3605,52,-0.5206,87,0.27555,88,0.29853
ENSG00000167863,ATP5PD,110,-1.1989,193,-0.3340,242,0.01914,298,0.35741,300,0.37329,298,0.35808,201,-0.2717,166,-0.5667,250,0.07494,329,0.52340
ENSG00000125458,NT5C,50,1.79676,12,-0.6171,12,-0.5630,13,-0.4391,7,-1.4346,7,-1.4140,13,-0.4972,21,0.26800,21,0.26435,21,0.29559
ENSG00000189159,JPT1,17,-2.8603,115,-0.0362,165,0.54600,105,-0.1818,194,0.82459,194,0.82121,108,-0.1433,59,-1.0688,123,0.07506,98,-0.2891
ENSG00000188612,SUMO2,208,-0.3877,204,-0.4169,357,0.48330,190,-0.5276,278,0.07473,294,0.16301,221,-0.2928,241,-0.1523,390,0.63272,272,0.03942
ENSG00000125450,NUP85,38,1.19538,21,0.19730,20,0.13978,20,0.12942,28,0.65257,12,-0.6232,10,-0.8754,8,-1.3263,19,0.05984,8,-1.1581
ENSG00000125447,GGA3,23,-1.0833,56,0.29180,59,0.39048,48,0.06194,65,0.54566,39,-0.2793,48,0.05695,37,-0.3365,46,-0.0112,43,-0.1301
ENSG00000125445,MRPS7,48,-0.8677,54,-0.6746,74,-0.2000,96,0.22238,100,0.29230,122,0.61819,99,0.26691,100,0.29465,66,-0.3795,77,-0.1234
ENSG00000177885,GRB2,64,-1.0936,164,0.36911,153,0.25434,204,0.73595,144,0.15875,138,0.09027,96,-0.4880,76,-0.8412,122,-0.1134,145,0.16489
ENSG00000177728,TMEM94,79,0.44153,48,-0.3318,41,-0.5910,53,-0.1982,41,-0.5929,52,-0.2257,57,-0.0682,69,0.22465,45,-0.4507,114,1.07317
ENSG00000177303,CASKIN2,40,1.31965,18,0.00911,4,-2.0172,21,0.22894,18,0.02703,11,-0.8079,22,0.33887,24,0.45706,11,-0.7470,11,-0.7654
ENSG00000161526,SAP30BP,61,0.58676,63,0.65719,45,0.10217,35,-0.3110,56,0.46034,31,-0.4977,33,-0.3874,21,-1.0497,29,-0.5569,48,0.21352
ENSG00000132470,ITGB4,135,3.71688,10,-1.1748,4,-2.3750,2,-3.5565,5,-2.2167,6,-1.8552,1,-3.6987,33,0.61089,2,-3.4981,25,0.19261
ENSG00000132475,H3F3B,687,1.68694,327,0.37068,273,0.07413,139,-0.9718,143,-0.9329,136,-1.0136,156,-0.8003,229,-0.2026,198,-0.4353,316,0.31516
ENSG00000132471,WBP2,293,-0.5292,404,-0.0239,389,-0.0853,506,0.33999,669,0.80709,504,0.33261,442,0.11782,294,-0.5253,288,-0.5601,316,-0.4124
ENSG00000132481,TRIM47,53,1.30772,18,-0.4622,24,-0.0048,18,-0.4554,18,-0.5018,7,-1.8221,27,0.15654,25,0.06762,13,-0.9142,40,0.79466
ENSG00000204316,MRPL38,75,0.30681,60,-0.0522,73,0.24397,89,0.58632,55,-0.1976,47,-0.4326,64,0.03677,43,-0.5896,38,-0.7819,79,0.38829
ENSG00000161533,ACOX1,29,-0.6153,56,0.42150,49,0.20171,43,-0.0177,31,-0.5368,55,0.36556,32,-0.4692,47,0.13516,37,-0.2468,55,0.37042
ENSG00000167881,SRP68,37,-0.9241,85,0.36688,72,0.10288,64,-0.0788,58,-0.2320,103,0.69271,47,-0.5703,34,-1.0797,61,-0.1538,114,0.86721
ENSG00000182473,EXOC7,84,0.36882,92,0.51746,49,-0.4738,102,0.69102,59,-0.2027,70,0.07802,59,-0.2068,49,-0.4732,39,-0.8448,66,-0.0335
ENSG00000141576,RNF157,35,-1.2355,116,0.63820,59,-0.4597,72,-0.1328,75,-0.0669,90,0.22120,87,0.16760,67,-0.2494,105,0.47515,79,-0.0007
ENSG00000185262,UBALD2,62,0.90756,38,0.08404,30,-0.2797,28,-0.3573,29,-0.3180,36,-0.0028,34,-0.0983,28,-0.3628,34,-0.0795,39,0.12585
ENSG00000161542,PRPSAP1,46,0.16593,45,0.11668,31,-0.4548,36,-0.2087,35,-0.2474,57,0.52834,31,-0.4468,37,-0.1690,41,-0.0340,55,0.45315
ENSG00000175931,UBE2O,12,-2.1362,54,0.07554,47,-0.1461,78,0.68943,86,0.84430,47,-0.1535,32,-0.7203,32,-0.7328,57,0.15555,69,0.48063
ENSG00000161544,CYGB,0,-4.9247,49,1.48214,32,0.75661,16,-0.4083,13,-0.6489,23,0.20319,18,-0.2353,20,0.00605,22,0.13416,10,-1.0998
ENSG00000163597,SNHG16,25,0.06580,26,0.14563,26,0.14392,36,0.67108,14,-0.8390,25,0.11317,15,-0.6609,26,0.17023,31,0.42668,13,-0.9554
ENSG00000182534,MXRA7,85,-1.0521,233,0.52473,204,0.30749,202,0.29402,139,-0.3025,97,-0.8585,88,-1.0164,153,-0.1583,175,0.05747,310,1.02010
ENSG00000070495,JMJD6,31,0.89674,14,-0.3861,20,0.17343,19,0.10199,15,-0.3365,28,0.70588,16,-0.2184,9,-0.9792,20,0.18631,8,-1.2288
ENSG00000161547,SRSF2,120,-0.1222,140,0.11668,141,0.13242,153,0.26051,104,-0.3576,141,0.12498,103,-0.3699,117,-0.1653,114,-0.2022,167,0.40898
ENSG00000167889,MGAT5B,2,-4.8655,42,-0.6044,78,0.34938,54,-0.2435,64,0.04439,44,-0.5613,80,0.39359,58,-0.1297,104,0.83142,101,0.78646
ENSG00000129657,SEC14L1,33,-1.0622,57,-0.2256,111,0.86179,113,0.89678,28,-1.3058,29,-1.2384,38,-0.8464,77,0.26306,96,0.62041,75,0.20543
ENSG00000184640,SEPTIN9,70,-0.1242,77,0.01102,61,-0.3431,109,0.58046,101,0.46180,62,-0.3222,56,-0.4781,55,-0.4993,68,-0.1671,101,0.46101
ENSG00000078687,TNRC6C,67,0.45654,46,-0.1314,69,0.51850,55,0.13374,48,-0.0719,22,-1.2349,49,-0.0402,64,0.37369,36,-0.5149,47,-0.1082
ENSG00000108639,SYNGR2,164,3.71748,13,-1.1534,13,-1.1353,2,-3.6473,6,-2.1632,8,-1.7509,14,-0.9833,13,-1.0643,7,-2.0886,32,0.24629
ENSG00000183077,AFMID,91,1.78854,21,-0.6599,28,-0.2050,25,-0.4250,31,-0.0619,23,-0.5427,15,-1.1768,15,-1.1435,47,0.60228,28,-0.2317
ENSG00000087157,PGS1,11,-1.3000,26,-0.0201,31,0.27944,51,1.12350,22,-0.2406,47,0.98567,21,-0.3375,16,-0.7767,18,-0.5760,17,-0.6309
ENSG00000108669,CYTH1,169,2.13462,69,0.48801,61,0.28124,48,-0.1001,22,-1.2997,22,-1.3098,34,-0.6298,29,-0.8575,34,-0.6338,24,-1.1815
ENSG00000035862,TIMP2,277,0.63673,302,0.78132,154,-0.3123,134,-0.5306,133,-0.5444,293,0.73054,104,-0.9249,166,-0.1991,187,-0.0135,131,-0.5698
ENSG00000108679,LGALS3BP,131,2.49732,35,0.07787,16,-1.1111,22,-0.6328,10,-1.7549,18,-0.9232,18,-0.9707,26,-0.3721,19,-0.8720,39,0.24809
ENSG00000171302,CANT1,29,0.25881,20,-0.3029,20,-0.2819,39,0.77685,20,-0.2900,22,-0.1596,22,-0.1541,18,-0.4913,37,0.68574,16,-0.6314
ENSG00000167281,RBFOX3,12,-3.1564,93,-0.1885,204,1.11239,113,0.12380,113,0.12722,93,-0.1841,94,-0.1721,93,-0.1861,132,0.37725,100,-0.0818
ENSG00000141582,CBX4,34,-0.5118,47,-0.0183,46,-0.0450,64,0.46666,29,-0.7541,41,-0.2230,34,-0.5195,24,-1.0652,115,1.50140,42,-0.2010
ENSG00000167291,TBC1D16,9,-0.6473,8,-0.9180,6,-1.1920,8,-0.8423,8,-0.8141,6,-1.2141,16,0.19062,25,0.85797,22,0.67962,35,1.48398
ENSG00000171298,GAA,60,0.96309,44,0.44449,38,0.21564,17,-1.0566,34,0.03092,30,-0.1844,24,-0.5012,26,-0.3860,30,-0.1620,31,-0.1137
ENSG00000141543,EIF4A3,32,-0.1642,65,1.00970,34,-0.0558,25,-0.5259,36,0.02660,29,-0.3051,24,-0.5980,22,-0.7013,38,0.09286,48,0.50606
ENSG00000181045,SLC26A11,18,-0.6586,40,0.59116,36,0.41550,23,-0.2797,34,0.32044,47,0.86497,17,-0.7511,16,-0.8276,32,0.19816,15,-0.9640
ENSG00000173818,ENDOV,26,0.77719,23,0.62575,28,0.90159,12,-0.3740,16,0.02717,8,-1.0882,19,0.24690,6,-1.3413,7,-1.1818,14,-0.2350
ENSG00000171246,NPTX1,108,-1.6432,301,-0.0721,615,1.12740,299,-0.0841,401,0.39273,432,0.51621,331,0.07956,209,-0.6423,276,-0.2087,177,-0.8999
ENSG00000141564,RPTOR,21,-0.2957,36,0.60827,24,-0.0952,30,0.27121,14,-0.8664,33,0.43685,21,-0.2523,26,0.04994,20,-0.3625,26,0.05499
ENSG00000176108,CHMP6,32,0.99332,10,-0.8920,21,0.29781,33,1.04567,8,-1.1114,15,-0.2854,9,-0.9698,14,-0.3910,8,-1.1298,25,0.58734
ENSG00000226137,BAIAP2-DT,16,-1.2223,27,-0.4362,53,0.64870,43,0.29369,31,-0.2326,45,0.35282,26,-0.5012,24,-0.5904,53,0.63295,40,0.17256
ENSG00000175866,BAIAP2,58,-1.4118,115,-0.3659,346,1.49203,127,-0.2091,150,0.04843,138,-0.0776,115,-0.3611,112,-0.4102,159,0.14885,130,-0.1687
ENSG00000181409,AATK,503,2.45612,73,-0.9169,87,-0.6540,76,-0.8662,141,0.10442,144,0.13951,83,-0.7345,66,-1.0717,73,-0.9340,78,-0.8324
ENSG00000224877,NDUFAF8,136,0.08860,154,0.28803,154,0.28753,140,0.13484,120,-0.1179,143,0.17089,125,-0.0433,153,0.27578,76,-0.8245,87,-0.6127
ENSG00000157637,SLC38A10,64,1.01961,29,-0.2714,26,-0.4378,40,0.22571,28,-0.3188,30,-0.2489,35,-0.0006,32,-0.1265,27,-0.3984,36,0.05809
ENSG00000266074,BAHCC1,25,0.62011,20,0.27236,33,1.09086,12,-0.4737,10,-0.8476,13,-0.4042,15,-0.1973,14,-0.2942,14,-0.2955,13,-0.3476
ENSG00000184009,ACTG1,1015,-0.3355,1404,0.18150,1167,-0.1154,1142,-0.1504,1650,0.44600,1610,0.40569,1096,-0.2153,838,-0.6345,1291,0.04539,1335,0.09940
ENSG00000182446,NPLOC4,36,-0.1149,40,0.06232,63,0.80777,60,0.72077,39,0.02301,25,-0.6991,27,-0.5375,30,-0.4207,26,-0.6458,41,0.09113
ENSG00000204237,OXLD1,25,-0.2521,33,0.21818,22,-0.3991,36,0.35747,31,0.11755,26,-0.1846,18,-0.7061,25,-0.2397,28,-0.0375,45,0.70999
ENSG00000185298,CCDC137,12,-0.2577,21,0.59088,17,0.25768,22,0.69662,19,0.46472,11,-0.4000,13,-0.1809,17,0.30378,10,-0.5613,1,-3.2902
ENSG00000214087,ARL16,17,-0.9304,32,0.05175,52,0.88487,40,0.41836,30,-0.0546,37,0.28964,21,-0.6027,28,-0.1529,26,-0.2363,25,-0.3408
ENSG00000185359,HGS,66,-0.0340,98,0.61562,83,0.32982,76,0.19884,77,0.21075,58,-0.2454,46,-0.5869,50,-0.4787,69,0.04650,51,-0.4403
ENSG00000262814,MRPL12,70,-0.2942,91,0.12456,71,-0.2848,94,0.16199,75,-0.1994,126,0.65302,104,0.33844,59,-0.5607,79,-0.1091,77,-0.1480
ENSG00000225663,MCRIP1,188,0.50637,107,-0.3966,93,-0.6169,126,-0.1419,139,0.01896,193,0.55175,140,0.02590,80,-0.8436,147,0.10633,164,0.27885
ENSG00000185624,P4HB,119,0.18595,88,-0.2996,122,0.22591,104,-0.0275,99,-0.0978,115,0.14000,102,-0.0585,104,-0.0267,81,-0.4196,124,0.25554
ENSG00000141522,ARHGDIA,141,-0.2749,122,-0.5090,184,0.14266,139,-0.3025,239,0.57506,169,0.00475,170,0.01439,131,-0.3964,199,0.27072,189,0.18723
ENSG00000183684,ALYREF,26,0.34369,12,-0.9124,43,1.17768,31,0.60916,19,-0.1654,12,-0.8504,16,-0.4590,18,-0.2779,17,-0.3052,18,-0.2495
ENSG00000141552,ANAPC11,146,-0.1050,267,0.89707,180,0.23813,158,0.02937,163,0.07165,165,0.09993,132,-0.2625,117,-0.4535,116,-0.4623,111,-0.5227
ENSG00000185813,PCYT2,53,0.04248,40,-0.4038,41,-0.3408,45,-0.1901,81,0.75497,59,0.23562,45,-0.1854,56,0.14683,30,-0.8151,61,0.28031
ENSG00000197063,MAFG,19,-1.1538,48,0.28963,38,-0.0883,44,0.12567,57,0.56869,23,-0.8497,68,0.85735,21,-1.0278,22,-0.9015,63,0.72523
ENSG00000169696,ASPSCR1,47,0.73439,24,-0.3721,29,-0.0339,45,0.65852,22,-0.4942,35,0.24006,35,0.23745,18,-0.7496,15,-1.1001,31,0.02561
ENSG00000169689,CENPX,59,-0.0759,60,-0.0371,70,0.21440,65,0.08335,69,0.18670,106,0.89782,58,-0.1053,47,-0.4379,42,-0.6062,41,-0.6486
ENSG00000169750,RAC3,31,0.00948,22,-0.5066,30,-0.0051,44,0.59798,44,0.60477,43,0.54500,13,-1.2919,20,-0.6424,24,-0.3487,33,0.13990
ENSG00000169738,DCXR,123,0.20927,149,0.52415,89,-0.3121,78,-0.5229,104,-0.0613,72,-0.6479,101,-0.1115,96,-0.1912,111,0.03803,160,0.64100
ENSG00000169733,RFNG,40,0.53349,16,-0.8480,46,0.78602,25,-0.2384,35,0.31001,33,0.21830,10,-1.5475,25,-0.2166,13,-1.2273,44,0.68678
ENSG00000169727,GPS1,87,0.13349,73,-0.1453,95,0.27190,76,-0.0814,91,0.19834,113,0.56569,45,-0.9073,40,-1.0622,78,-0.0450,103,0.41175
ENSG00000169718,DUS1L,56,0.69721,45,0.32907,35,-0.0704,50,0.51700,41,0.17049,43,0.26547,19,-0.9825,22,-0.7907,14,-1.4934,41,0.17504
ENSG00000169710,FASN,155,0.03621,136,-0.1763,193,0.38998,180,0.27213,138,-0.1451,175,0.22797,121,-0.3516,166,0.14756,109,-0.5231,144,-0.0838
ENSG00000141551,CSNK1D,61,-0.4426,97,0.30519,110,0.50384,101,0.36481,94,0.24971,75,-0.1147,56,-0.5597,60,-0.4658,73,-0.1494,78,-0.0477
ENSG00000178927,CYBC1,56,1.67516,15,-0.5089,25,0.24568,17,-0.3435,30,0.55551,15,-0.5515,6,-1.8975,17,-0.2929,13,-0.7523,18,-0.2784
ENSG00000141562,NARF,35,-0.4567,66,0.56748,56,0.30600,29,-0.7176,83,0.97046,54,0.22945,34,-0.5008,28,-0.8070,49,0.08937,31,-0.6209
ENSG00000141568,FOXK2,32,-0.6047,31,-0.6463,48,0.04087,106,1.40406,42,-0.1597,58,0.35564,23,-1.0599,33,-0.5180,30,-0.6984,63,0.48012
ENSG00000141580,WDR45B,85,0.63348,50,-0.2146,50,-0.2194,26,-1.1931,38,-0.6384,57,-0.0142,63,0.14151,57,-0.0155,90,0.72232,60,0.05149
ENSG00000141542,RAB40B,260,1.20684,66,-1.0086,298,1.45672,113,-0.1880,91,-0.5316,68,-0.9695,58,-1.2158,92,-0.5071,132,0.06663,93,-0.4860
ENSG00000141560,FN3KRP,62,0.39712,66,0.50185,48,-0.0062,59,0.31736,43,-0.1660,43,-0.1865,30,-0.7258,42,-0.2123,34,-0.5424,56,0.22275
ENSG00000141556,TBCD,44,-0.1030,63,0.48126,70,0.66641,48,0.05370,65,0.54120,50,0.11326,29,-0.7419,27,-0.8640,29,-0.7247,42,-0.1793
ENSG00000176845,METRNL,6,-1.1472,7,-1.0816,24,0.86530,11,-0.3562,12,-0.2977,7,-1.1413,12,-0.2859,30,1.21686,16,0.24047,17,0.27453
ENSG00000101557,USP14,30,-1.5539,71,-0.2324,132,0.78774,111,0.49504,108,0.44750,90,0.14992,54,-0.6620,52,-0.7118,78,-0.0801,94,0.22888
ENSG00000141433,ADCYAP1,0,-8.7560,13,-2.1775,169,1.98676,120,1.32583,16,-1.8518,30,-0.9497,31,-0.8950,29,-0.9823,112,1.20178,30,-0.9401
ENSG00000101596,SMCHD1,21,-0.4141,31,0.18866,28,0.04306,18,-0.6856,29,0.08378,32,0.22178,34,0.31943,34,0.33495,17,-0.7559,32,0.25142
ENSG00000101577,LPIN2,39,-0.3985,105,1.22936,44,-0.2216,41,-0.3150,55,0.12915,31,-0.7736,52,0.04980,54,0.11094,34,-0.6245,50,-0.0046
ENSG00000101608,MYL12A,47,1.01404,23,-0.1919,18,-0.5808,19,-0.4248,16,-0.6785,19,-0.4324,20,-0.3948,29,0.19768,17,-0.6522,48,1.02611
ENSG00000118680,MYL12B,109,-1.0940,257,0.24202,240,0.13472,284,0.41023,273,0.34320,269,0.31993,173,-0.3825,157,-0.5359,203,-0.1319,243,0.15174
ENSG00000170579,DLGAP1,20,-3.5532,168,-0.3958,317,0.62843,299,0.53095,349,0.79149,236,0.13757,184,-0.2537,134,-0.7476,300,0.53594,155,-0.5277
ENSG00000263878,DLGAP1-AS4,4,-2.7068,18,-0.5972,40,0.72280,27,0.04697,24,-0.1044,23,-0.1901,34,0.43454,18,-0.5186,48,1.03412,22,-0.2288
ENSG00000263753,LINC00667,54,0.79238,38,0.21880,27,-0.3107,27,-0.2995,22,-0.6344,27,-0.2996,27,-0.3315,29,-0.2106,40,0.28614,40,0.31516
ENSG00000082397,EPB41L3,171,-0.1445,143,-0.4299,184,-0.0274,254,0.49407,187,-0.0046,345,1.02182,121,-0.6789,86,-1.2070,241,0.41246,141,-0.4459
ENSG00000206432,TMEM200C,5,-1.7415,22,0.40404,9,-1.0122,13,-0.4444,42,1.53812,21,0.31500,12,-0.4873,12,-0.4947,7,-1.2566,27,0.72976
ENSG00000173482,PTPRM,16,-1.4107,114,1.77069,15,-1.5108,28,-0.6010,35,-0.2574,58,0.55299,21,-1.0224,29,-0.5298,19,-1.1436,76,1.00937
ENSG00000206418,RAB12,17,-1.3120,57,0.51839,42,0.01578,41,0.00678,35,-0.2382,32,-0.4056,31,-0.4400,47,0.21385,48,0.24114,62,0.65662
ENSG00000168502,MTCL1,6,-2.1371,42,0.75522,51,1.09499,35,0.43751,16,-0.7908,25,-0.1045,18,-0.6229,17,-0.6526,25,-0.0838,30,0.19180
ENSG00000178127,NDUFV2,115,-0.5753,138,-0.2870,167,0.00908,175,0.08261,239,0.59733,212,0.39823,164,-0.0178,101,-0.7764,172,0.05440,177,0.09986
ENSG00000101745,ANKRD12,35,-1.5726,88,-0.1555,122,0.37235,83,-0.2405,71,-0.5007,53,-0.9300,91,-0.0955,152,0.73374,134,0.52059,142,0.62206
ENSG00000128791,TWSG1,21,0.50775,5,-1.5999,37,1.51205,11,-0.5098,4,-1.9277,12,-0.3324,6,-1.3506,19,0.40652,15,-0.0577,21,0.54071
ENSG00000017797,RALBP1,71,0.03161,121,0.90286,70,-0.0059,79,0.19047,59,-0.2598,38,-0.9443,52,-0.4722,75,0.10505,74,0.08324,62,-0.2014
ENSG00000154845,PPP4R1,50,1.70576,16,-0.2415,15,-0.3189,9,-0.9950,16,-0.2323,19,0.04871,19,0.06233,15,-0.2808,14,-0.4729,11,-0.7464
ENSG00000168461,RAB31,79,0.79168,45,-0.1279,35,-0.5237,24,-1.1065,25,-1.0071,44,-0.1869,59,0.29155,104,1.26472,24,-1.0765,51,0.05972
ENSG00000101558,VAPA,146,-0.7296,284,0.31746,257,0.15835,277,0.27786,298,0.40168,286,0.32962,143,-0.7681,207,-0.1851,227,-0.0406,206,-0.1990
ENSG00000154856,APCDD1,77,0.89827,30,-0.6384,17,-1.4363,21,-1.1768,16,-1.5599,25,-0.8755,52,0.25466,89,1.14275,31,-0.5688,89,1.15521
ENSG00000134265,NAPG,31,-1.9454,128,0.22622,96,-0.2242,185,0.84448,166,0.65393,119,0.11341,87,-0.3938,56,-1.0619,145,0.43774,98,-0.1976
ENSG00000141404,GNAL,12,-1.8897,64,0.69786,162,2.50960,15,-1.5096,5,-3.0704,16,-1.4760,25,-0.7585,49,0.26206,34,-0.3129,33,-0.3472
ENSG00000255112,CHMP1B,55,-0.7890,92,0.01117,126,0.52149,159,0.91950,67,-0.4834,82,-0.1739,101,0.16500,66,-0.5075,111,0.30921,55,-0.7970
ENSG00000154889,MPPE1,37,0.69163,13,-0.9440,30,0.31660,22,-0.1541,25,0.02144,37,0.66923,25,0.01461,23,-0.0896,14,-0.8696,19,-0.4211
ENSG00000141385,AFG3L2,45,-0.3692,62,0.15295,90,0.75868,49,-0.2365,64,0.19852,47,-0.3095,65,0.22677,27,-1.1594,59,0.05004,60,0.08509
ENSG00000134278,SPIRE1,55,-0.4987,84,0.16457,95,0.36601,121,0.77057,65,-0.2504,78,0.04382,53,-0.5504,65,-0.2410,76,0.01268,65,-0.2343
ENSG00000128789,PSMG2,40,-0.1484,40,-0.1595,57,0.40718,57,0.38898,44,-0.0162,43,-0.0660,24,-0.9490,37,-0.2875,56,0.37071,46,0.07146
ENSG00000085415,SEH1L,24,-1.1771,54,0.08374,49,-0.0683,44,-0.2567,95,1.02534,58,0.19606,60,0.24856,38,-0.4573,55,0.10874,36,-0.5379
ENSG00000168675,LDLRAD4,116,1.00247,85,0.47032,51,-0.3532,61,-0.0639,78,0.33824,71,0.17335,52,-0.3008,37,-0.8322,30,-1.1255,53,-0.2773
ENSG00000177150,FAM210A,6,-1.4271,35,1.29529,14,-0.1589,9,-0.9202,19,0.29492,21,0.45220,16,-0.0260,13,-0.2861,13,-0.2614,13,-0.3256
ENSG00000101654,RNMT,17,-1.7746,46,-0.2725,74,0.49168,62,0.21199,86,0.74008,71,0.43360,67,0.34292,55,0.00845,43,-0.3798,24,-1.2233
ENSG00000175322,ZNF519,18,-0.1033,28,0.54744,21,0.06685,26,0.44605,18,-0.1595,17,-0.2468,16,-0.3143,18,-0.1271,25,0.38804,10,-0.9769
ENSG00000067900,ROCK1,29,0.44939,40,1.01012,10,-1.1228,22,-0.0064,10,-1.1415,15,-0.5719,10,-1.1440,32,0.64255,13,-0.8146,36,0.82704
ENSG00000167088,SNRPD1,71,0.13115,76,0.24741,69,0.08785,69,0.09264,72,0.14933,73,0.17837,63,-0.0725,62,-0.0932,51,-0.4061,49,-0.4589
ENSG00000101752,MIB1,31,-0.4343,22,-0.9807,45,0.15251,60,0.61847,39,-0.0995,25,-0.7514,36,-0.2232,39,-0.0758,57,0.50917,58,0.55553
ENSG00000134508,CABLES1,2,-3.8367,49,0.73964,25,-0.3439,18,-0.8317,10,-1.7039,28,-0.1925,37,0.27753,60,1.08847,24,-0.4459,60,1.07528
ENSG00000101782,RIOK3,34,-0.1062,31,-0.2342,36,-0.0285,38,0.07941,51,0.55693,38,0.05276,32,-0.1953,36,-0.0236,23,-0.7073,45,0.32661
ENSG00000141452,RMC1,24,0.38835,21,0.14699,14,-0.4697,22,0.21852,23,0.26792,29,0.64528,13,-0.5750,9,-1.2048,22,0.19824,15,-0.3493
ENSG00000141458,NPC1,171,3.21669,16,-1.1174,13,-1.3631,16,-1.0877,10,-1.8452,22,-0.6186,23,-0.5569,23,-0.5405,15,-1.1799,22,-0.6372
ENSG00000154065,ANKRD29,8,-1.2440,26,0.46386,5,-1.8169,22,0.21972,23,0.30291,26,0.47111,16,-0.2415,19,0.01681,23,0.28664,22,0.25176
ENSG00000141447,OSBPL1A,136,0.16127,158,0.40907,178,0.60133,124,0.01143,125,0.02342,111,-0.1629,77,-0.7249,79,-0.6923,122,-0.0148,120,-0.0358
ENSG00000154059,IMPACT,12,-0.7125,25,0.36585,17,-0.2568,13,-0.5896,19,-0.0641,34,0.90675,15,-0.3944,18,-0.1413,24,0.29502,20,-0.0078
ENSG00000141380,SS18,19,-0.1328,24,0.20913,21,-0.0155,14,-0.5596,19,-0.1053,14,-0.6434,13,-0.7152,34,0.80488,24,0.21264,26,0.36232
ENSG00000134504,KCTD1,11,-2.6490,25,-1.4268,147,1.40381,72,0.18070,43,-0.6174,56,-0.2264,50,-0.3831,55,-0.2515,123,1.08767,61,-0.0874
ENSG00000171885,AQP4,653,1.30683,316,0.06766,98,-1.7211,120,-1.4261,129,-1.3206,110,-1.5516,135,-1.2459,862,1.83951,77,-2.0793,526,0.92070
ENSG00000170558,CDH2,8,-2.8945,74,0.33635,96,0.75833,67,0.17190,54,-0.1668,70,0.24810,62,0.04449,72,0.28015,54,-0.1621,45,-0.4727
ENSG00000118276,B4GALT6,4,-4.0083,88,0.37505,103,0.64872,55,-0.3651,113,0.79692,101,0.61172,52,-0.4646,65,-0.1049,45,-0.6780,69,-0.0100
ENSG00000153339,TRAPPC8,27,-0.0016,30,0.13374,37,0.46962,24,-0.2032,21,-0.4155,50,1.00465,20,-0.4472,21,-0.3989,21,-0.4007,22,-0.3497
ENSG00000141441,GAREM1,13,-0.7849,12,-0.8924,51,1.40710,23,0.06757,10,-1.2067,11,-0.9965,21,-0.0888,26,0.25250,30,0.49193,23,0.08977
ENSG00000101746,NOL4,9,-2.2181,15,-1.5161,77,1.06768,83,1.19854,27,-0.6216,19,-1.1715,29,-0.5305,43,0.09051,67,0.82420,37,-0.1464
ENSG00000134769,DTNA,184,0.46079,185,0.47422,103,-0.4602,69,-1.0719,100,-0.5015,125,-0.1605,100,-0.5018,221,0.77603,107,-0.4039,187,0.49563
ENSG00000166974,MAPRE2,122,-1.0887,249,0.02225,356,0.60805,232,-0.0928,306,0.35818,320,0.42849,203,-0.2987,191,-0.3979,296,0.30462,181,-0.4810
ENSG00000186812,ZNF397,29,0.85889,10,-0.8138,17,-0.0006,21,0.33058,18,0.05767,11,-0.5899,9,-0.9781,21,0.31139,15,-0.1738,19,0.20666
ENSG00000172466,ZNF24,99,1.41390,32,-0.4407,42,-0.0489,40,-0.1156,32,-0.4363,32,-0.4605,25,-0.8166,46,0.12598,29,-0.6230,52,0.30275
ENSG00000141429,GALNT1,33,-0.1589,32,-0.2084,36,-0.0244,37,0.04694,36,-0.0215,34,-0.1126,40,0.17415,28,-0.3911,42,0.23910,45,0.33611
ENSG00000141428,C18orf21,4,-2.0125,8,-1.1665,28,0.73013,34,1.06508,34,1.06823,20,0.21710,10,-0.8146,5,-1.8594,18,0.00722,16,-0.1880
ENSG00000141425,RPRD1A,88,-0.7405,183,0.41890,123,-0.2180,128,-0.1656,174,0.33546,167,0.26650,150,0.09599,118,-0.2905,179,0.38386,105,-0.4738
ENSG00000141424,SLC39A6,48,0.44536,29,-0.3696,33,-0.1522,34,-0.0978,47,0.43555,57,0.74418,23,-0.6659,35,-0.0422,22,-0.7874,34,-0.1060
ENSG00000134759,ELP2,44,0.04760,41,-0.0658,48,0.17994,35,-0.2799,57,0.46793,46,0.12633,30,-0.5445,33,-0.3825,44,0.06730,47,0.15969
ENSG00000134775,FHOD3,3,-2.9442,36,0.59674,43,0.91933,29,0.28067,19,-0.4092,41,0.82008,16,-0.6947,19,-0.4458,16,-0.6778,26,0.05579
ENSG00000134779,TPGS2,64,-0.7598,115,0.17116,124,0.29165,112,0.13077,93,-0.1621,140,0.48843,97,-0.0956,73,-0.5495,118,0.20692,99,-0.0745
ENSG00000101489,CELF4,38,-2.5403,249,0.30746,230,0.17501,209,0.02309,363,0.94045,195,-0.0846,208,0.01454,181,-0.2023,195,-0.0881,192,-0.1114
ENSG00000078142,PIK3C3,34,-0.5785,58,0.26127,49,-0.0107,59,0.28794,44,-0.1785,62,0.36784,48,-0.0407,52,0.07404,38,-0.4267,50,0.01742
ENSG00000152214,RIT2,3,-2.8777,4,-2.5735,13,-0.8519,40,0.92874,36,0.76704,53,1.45567,37,0.81203,9,-1.4033,21,-0.1277,10,-1.2122
ENSG00000132872,SYT4,45,-2.8789,269,-0.2029,226,-0.4740,555,0.99852,456,0.65833,594,1.11791,285,-0.1122,149,-1.1137,274,-0.1691,201,-0.6555
ENSG00000152217,SETBP1,4,-2.3219,35,0.80636,27,0.39446,15,-0.5150,24,0.17855,25,0.28016,15,-0.5318,19,-0.1328,15,-0.5599,32,0.68911
ENSG00000152223,EPG5,16,-0.2099,12,-0.6468,22,0.24333,22,0.28228,16,-0.2021,5,-1.8405,15,-0.2954,8,-1.2307,32,0.87461,37,1.12605
ENSG00000152234,ATP5F1A,166,-1.9253,826,0.55991,618,0.08405,809,0.52627,756,0.41209,702,0.29048,538,-0.1361,389,-0.6461,545,-0.1181,517,-0.2017
ENSG00000152242,C18orf25,8,-2.1102,79,1.51240,27,-0.2688,38,0.24516,43,0.42877,26,-0.3692,24,-0.5043,20,-0.7785,25,-0.4246,37,0.21422
ENSG00000141622,RNF165,4,-2.3668,21,-0.0555,27,0.33839,24,0.16557,14,-0.6373,24,0.16229,28,0.39658,13,-0.7493,31,0.55731,31,0.56230
ENSG00000101638,ST8SIA5,14,-1.8522,48,0.04268,60,0.39446,62,0.46990,70,0.66739,63,0.49473,41,-0.2179,24,-1.0089,49,0.06730,36,-0.4038
ENSG00000078043,PIAS2,30,-0.5666,28,-0.6739,50,0.21866,31,-0.5449,49,0.18150,36,-0.3040,54,0.35702,33,-0.4180,64,0.61657,60,0.53242
ENSG00000167220,HDHD2,59,-0.1160,58,-0.1453,59,-0.0948,79,0.36855,82,0.42244,109,0.90013,53,-0.2742,47,-0.4688,39,-0.7472,47,-0.4727
ENSG00000134049,IER3IP1,25,-0.7860,45,0.12190,35,-0.2668,51,0.32690,57,0.51340,52,0.37015,39,-0.0913,33,-0.3681,45,0.13219,33,-0.3534
ENSG00000175387,SMAD2,65,0.51968,41,-0.2159,29,-0.7451,30,-0.7092,55,0.24916,42,-0.1891,41,-0.2204,51,0.13149,77,0.80369,41,-0.2397
ENSG00000134030,CTIF,59,-0.1304,57,-0.2072,59,-0.1371,67,0.05053,67,0.05794,79,0.33006,52,-0.3426,53,-0.3217,82,0.37963,71,0.15895
ENSG00000101665,SMAD7,10,-0.6887,26,0.75925,11,-0.5930,10,-0.7524,24,0.58951,23,0.52457,20,0.28387,9,-0.9460,14,-0.2890,18,0.13343
ENSG00000141627,DYM,38,0.37118,45,0.67296,20,-0.6451,30,0.02547,25,-0.2637,40,0.49155,19,-0.6597,20,-0.6158,38,0.38825,22,-0.4374
ENSG00000177576,C18orf32,282,0.73244,148,-0.3200,180,-0.0058,213,0.26536,173,-0.0732,179,-0.0198,143,-0.3724,120,-0.6412,192,0.09793,179,-0.0183
ENSG00000265681,RPL17,1134,0.85724,945,0.54632,728,0.11697,444,-0.6611,784,0.23808,475,-0.5563,473,-0.5623,695,0.04356,367,-0.9537,721,0.10205
ENSG00000167315,ACAA2,59,0.99081,32,0.01385,12,-1.5191,12,-1.4277,26,-0.3489,18,-0.8656,22,-0.5568,74,1.41274,23,-0.5315,43,0.47363
ENSG00000141644,MBD1,22,-1.1546,43,-0.0983,65,0.54922,28,-0.7852,49,0.10025,46,-0.0207,36,-0.3809,42,-0.1515,54,0.25282,77,0.84529
ENSG00000154832,CXXC1,54,1.64418,15,-0.4981,24,0.20237,26,0.32352,21,0.04275,15,-0.5503,6,-1.7616,20,-0.0699,9,-1.2654,18,-0.1851
ENSG00000141639,MAPK4,21,-1.2696,23,-1.1115,83,0.91160,38,-0.3702,29,-0.7784,37,-0.3934,38,-0.3566,81,0.87199,65,0.50639,62,0.44036
ENSG00000134042,MRO,31,0.43495,5,-2.2364,20,-0.2653,21,-0.2039,12,-0.9953,14,-0.8158,32,0.49111,67,1.81572,18,-0.4342,16,-0.5756
ENSG00000082212,ME2,34,-0.1254,38,0.06977,41,0.20697,25,-0.5898,35,-0.0773,36,-0.0327,24,-0.6579,31,-0.2330,42,0.24675,58,0.76472
ENSG00000141646,SMAD4,51,0.70640,40,0.33248,28,-0.2337,33,0.00268,25,-0.4014,25,-0.4052,19,-0.8566,40,0.32965,42,0.39450,24,-0.4648
ENSG00000176624,MEX3C,25,0.50442,21,0.26321,19,0.04911,13,-0.5057,8,-1.2100,20,0.16392,26,0.58054,12,-0.5567,5,-1.9076,31,0.90775
ENSG00000134046,MBD2,34,0.44347,51,1.13939,25,-0.0545,23,-0.1648,18,-0.5273,15,-0.7936,15,-0.8453,20,-0.3453,21,-0.3214,34,0.46709
ENSG00000041353,RAB27B,4,-3.3223,49,0.25742,22,-0.9574,40,-0.0550,138,2.14593,64,0.70732,30,-0.4823,24,-0.8662,24,-0.8189,19,-1.1577
ENSG00000196628,TCF4,99,-0.9745,327,0.94983,162,-0.2089,125,-0.6151,168,-0.1548,191,0.05283,147,-0.3654,197,0.10514,186,0.01136,247,0.47144
ENSG00000091164,TXNL1,59,-1.2564,163,0.31766,131,-0.0341,175,0.43391,176,0.44577,149,0.17396,98,-0.4867,91,-0.5980,210,0.73904,86,-0.6908
ENSG00000091157,WDR7,25,-2.2022,145,0.46214,95,-0.2178,178,0.80220,132,0.30987,107,-0.0337,74,-0.6188,69,-0.7170,134,0.32414,134,0.32652
ENSG00000177511,ST8SIA3,19,-2.9729,113,-0.3133,194,0.56541,231,0.86297,132,-0.0597,127,-0.1286,133,-0.0535,156,0.21056,141,0.04026,127,-0.1179
ENSG00000066926,FECH,40,0.79919,25,0.05142,25,0.03039,32,0.43948,24,-0.0627,28,0.22236,20,-0.3311,7,-1.8267,27,0.12538,17,-0.5326
ENSG00000134440,NARS,56,-1.6673,183,0.14412,213,0.39562,192,0.22153,191,0.21578,251,0.66797,140,-0.2805,90,-0.9629,212,0.38602,143,-0.2443
ENSG00000049759,NEDD4L,27,-1.9036,83,-0.2268,164,0.88781,82,-0.2627,112,0.25070,96,-0.0108,83,-0.2268,96,-0.0100,144,0.65879,75,-0.3985
ENSG00000074657,ZNF532,64,0.89680,49,0.45254,49,0.46275,27,-0.4625,22,-0.8071,31,-0.2855,9,-2.1643,38,0.03947,26,-0.5599,55,0.65797
ENSG00000166562,SEC11C,151,-0.0467,171,0.14825,137,-0.2007,149,-0.0722,177,0.20286,182,0.24889,128,-0.3099,113,-0.5105,198,0.38715,153,-0.0323
ENSG00000074695,LMAN1,33,0.09181,48,0.70763,31,0.00459,29,-0.1118,36,0.20911,24,-0.3785,15,-1.0625,35,0.16866,32,0.05754,28,-0.1808
ENSG00000101542,CDH20,26,0.49031,29,0.68621,13,-0.6106,21,0.16740,19,-0.0272,9,-1.0936,12,-0.7389,31,0.75363,14,-0.4992,18,-0.1044
ENSG00000134444,RELCH,19,-0.9776,30,-0.2803,49,0.47211,40,0.14045,68,1.03883,33,-0.1536,30,-0.3080,42,0.21165,28,-0.3918,25,-0.5837
ENSG00000141664,ZCCHC2,8,-0.9062,10,-0.6746,27,0.94219,11,-0.5272,20,0.44025,30,1.10648,16,0.12769,7,-1.0785,10,-0.6784,13,-0.2728
ENSG00000081913,PHLPP1,119,1.67930,43,-0.0828,35,-0.3967,15,-1.6442,25,-0.8877,32,-0.5480,26,-0.8200,62,0.53296,48,0.11465,44,-0.0312
ENSG00000171791,BCL2,16,-0.1322,27,0.77456,16,-0.0708,15,-0.2355,16,-0.1294,15,-0.2037,7,-1.4162,25,0.63440,19,0.18847,15,-0.2274
ENSG00000119537,KDSR,114,1.56464,78,0.88211,35,-0.4278,21,-1.2002,31,-0.5875,30,-0.6730,30,-0.6421,43,-0.1131,48,0.05858,29,-0.7271
ENSG00000119541,VPS4B,46,-0.2416,85,0.77121,71,0.46389,57,0.09100,48,-0.1633,67,0.36257,22,-1.3219,30,-0.8923,36,-0.5949,71,0.46734
ENSG00000171451,DSEL,58,1.94751,20,0.09866,12,-0.7262,8,-1.2469,7,-1.5628,6,-1.5933,14,-0.4237,16,-0.2467,29,0.69905,19,-0.0109
ENSG00000166479,TMX3,9,-2.5876,50,-0.0474,70,0.50509,82,0.76873,56,0.14530,57,0.17569,47,-0.1451,33,-0.6695,68,0.45045,41,-0.3530
ENSG00000206052,DOK6,14,-1.9517,89,0.94173,78,0.70911,35,-0.5485,43,-0.2557,50,-0.0079,48,-0.0744,69,0.52030,32,-0.6863,45,-0.1727
ENSG00000141668,CBLN2,14,-2.5776,20,-2.1039,269,2.18170,92,0.23439,39,-1.1221,44,-0.9120,46,-0.8571,65,-0.3177,124,0.72377,85,0.10537
ENSG00000166342,NETO1,2,-3.8046,31,0.28690,39,0.67132,31,0.27516,44,0.86281,31,0.26067,17,-0.6175,18,-0.5486,28,0.11220,19,-0.4979
ENSG00000263958,AC091138.1,4,-1.9816,12,-0.4102,18,0.27249,14,-0.1999,20,0.40829,25,0.78520,13,-0.3022,16,0.00720,25,0.75859,9,-0.8416
ENSG00000075336,TIMM21,16,-0.9534,25,-0.2853,28,-0.1179,28,-0.0866,29,-0.0687,26,-0.2198,32,0.10685,23,-0.4390,40,0.46152,53,0.94660
ENSG00000166347,CYB5A,45,0.83772,34,0.39849,28,0.09855,13,-1.0753,25,-0.1152,25,-0.1157,31,0.21342,27,-0.0016,14,-0.9446,26,-0.0732
ENSG00000133313,CNDP2,197,0.79699,136,0.17536,109,-0.1707,101,-0.3022,132,0.12568,134,0.15116,107,-0.2098,71,-0.8319,98,-0.3454,133,0.14524
ENSG00000150656,CNDP1,460,4.17386,26,-1.4654,6,-3.6037,20,-1.8414,35,-1.0425,18,-1.9849,43,-0.7190,15,-2.2786,34,-1.0624,27,-1.4037
ENSG00000180011,ZADH2,16,-1.3259,21,-0.9309,55,0.60794,37,-0.0379,39,0.03049,60,0.74475,46,0.30827,29,-0.3994,35,-0.1095,42,0.14073
ENSG00000179981,TSHZ1,20,-0.4850,16,-0.8137,50,1.00140,47,0.91450,21,-0.3668,17,-0.7131,16,-0.8000,21,-0.3752,25,-0.1083,37,0.51152
ENSG00000197971,MBP,50222,6.71963,421,-3.8334,317,-4.2442,333,-4.1751,611,-3.2915,505,-3.5682,839,-2.8281,633,-3.2412,330,-4.1888,295,-4.3481
ENSG00000263146,LINC01896,23,0.41210,37,1.18327,9,-1.0392,8,-1.2325,14,-0.4250,8,-1.2154,15,-0.3260,38,1.23574,14,-0.4129,15,-0.2521
ENSG00000166377,ATP9B,17,-0.3857,10,-1.1665,56,1.54845,26,0.25937,10,-1.2109,6,-1.8717,13,-0.7760,19,-0.2501,22,-0.0477,44,1.10684
ENSG00000122490,SLC66A2,71,0.08991,59,-0.2067,67,0.00401,92,0.51611,64,-0.0778,81,0.31590,37,-0.9093,54,-0.3255,69,0.06278,74,0.16879
ENSG00000141759,TXNL4A,162,0.01111,157,-0.0352,158,-0.0258,161,0.00729,251,0.73464,200,0.35265,162,0.00801,104,-0.6842,167,0.05645,86,-0.9726
ENSG00000101544,ADNP2,23,-0.3471,47,0.79468,41,0.54365,26,-0.1747,51,0.92356,25,-0.2392,8,-1.8940,24,-0.3098,27,-0.1270,19,-0.6686
ENSG00000183186,C2CD4C,7,-1.8524,16,-0.5360,79,2.18053,24,0.09005,8,-1.6075,9,-1.3994,13,-0.8825,31,0.46042,18,-0.3710,26,0.21282
ENSG00000129946,SHC2,75,0.70357,49,0.01608,74,0.68284,38,-0.3823,35,-0.5297,55,0.18031,33,-0.5937,41,-0.2735,29,-0.8148,59,0.30079
ENSG00000141933,TPGS1,54,0.19141,34,-0.5395,66,0.52943,50,0.08592,69,0.61164,46,-0.0568,42,-0.1840,34,-0.5327,26,-0.9387,55,0.23786
ENSG00000099804,CDC34,70,0.02293,46,-0.6478,120,0.90856,54,-0.3757,85,0.33384,84,0.30920,62,-0.1870,38,-0.9255,59,-0.2482,74,0.11344
ENSG00000172270,BSG,377,-0.2937,571,0.37440,567,0.36168,375,-0.3012,343,-0.4416,476,0.07707,394,-0.2234,494,0.13628,305,-0.6225,634,0.54827
ENSG00000099822,HCN2,56,-0.4328,67,-0.1473,47,-0.7037,56,-0.4293,88,0.28245,81,0.14495,106,0.59266,79,0.10464,109,0.64863,48,-0.6613
ENSG00000099821,POLRMT,46,0.35732,44,0.27441,45,0.32223,15,-1.3522,49,0.44598,39,0.10242,37,-0.0052,35,-0.0759,18,-1.0880,41,0.16105
ENSG00000070423,RNF126,31,-0.7622,49,-0.0552,58,0.23752,97,1.08705,53,0.07871,55,0.15416,40,-0.3495,28,-0.9229,45,-0.1781,48,-0.0807
ENSG00000099864,PALM,149,0.22056,127,-0.0324,120,-0.1296,78,-0.7879,86,-0.6378,117,-0.1626,184,0.57448,219,0.86906,85,-0.6521,131,0.01695
ENSG00000011304,PTBP1,68,1.75448,11,-1.2009,32,0.42525,22,-0.1503,16,-0.6375,10,-1.3313,19,-0.4296,21,-0.2623,13,-0.9436,34,0.50051
ENSG00000129951,PLPPR3,22,-0.6957,23,-0.6658,26,-0.4457,39,0.18394,41,0.25495,55,0.74496,37,0.07897,36,0.04932,24,-0.5675,46,0.43894
ENSG00000175221,MED16,43,-0.1578,77,0.77839,53,0.15936,51,0.10470,41,-0.2280,56,0.25936,40,-0.2592,25,-0.9678,29,-0.7736,61,0.40787
ENSG00000198858,R3HDM4,40,0.25554,24,-0.5792,62,0.98758,46,0.47043,23,-0.6176,28,-0.2905,20,-0.8126,41,0.27639,26,-0.4329,32,-0.0859
ENSG00000065268,WDR18,32,0.10599,22,-0.4728,41,0.53079,38,0.41707,37,0.36275,21,-0.5158,27,-0.1655,23,-0.3944,39,0.43491,16,-0.9117
ENSG00000182087,TMEM259,145,1.12878,71,-0.0767,93,0.37249,61,-0.3077,57,-0.4060,72,-0.0523,49,-0.6487,75,0.01267,51,-0.5864,67,-0.1492
ENSG00000099817,POLR2E,93,-0.4890,143,0.19431,139,0.15383,125,-0.0197,176,0.53735,135,0.10613,111,-0.2104,84,-0.6346,124,-0.0345,135,0.11048
ENSG00000167468,GPX4,444,-0.3469,528,-0.0727,627,0.20188,366,-0.6471,734,0.46066,790,0.58485,542,-0.0321,460,-0.2938,472,-0.2528,568,0.04209
ENSG00000118046,STK11,38,-0.4632,44,-0.2291,65,0.39576,35,-0.5701,61,0.29740,34,-0.6211,66,0.43615,43,-0.2695,56,0.16368,65,0.40667
ENSG00000099625,CBARP,8,-2.4856,26,-0.7613,69,0.77391,43,0.00268,33,-0.3823,58,0.49848,47,0.16184,42,-0.0112,41,-0.0840,60,0.55400
ENSG00000099624,ATP5F1D,258,-0.4778,323,-0.1258,344,-0.0298,414,0.27324,312,-0.1826,558,0.77149,387,0.16348,238,-0.6028,277,-0.3682,387,0.16018
ENSG00000167470,MIDN,43,0.37651,17,-1.0961,47,0.52308,25,-0.4541,36,0.07713,25,-0.4993,36,0.08654,29,-0.2545,23,-0.5882,60,0.92775
ENSG00000099622,CIRBP,713,1.35810,464,0.60334,246,-0.4237,188,-0.8328,376,0.25236,257,-0.3510,195,-0.7774,293,-0.1458,188,-0.8389,292,-0.1497
ENSG00000228300,FAM174C,48,0.28308,27,-0.6290,46,0.23491,64,0.77551,41,0.02742,39,-0.0350,27,-0.5973,20,-1.0672,49,0.33473,39,-0.0455
ENSG00000160953,PWWP3A,107,0.41722,107,0.42754,66,-0.3452,78,-0.0945,92,0.17942,84,0.02720,69,-0.2723,70,-0.2612,45,-0.9339,106,0.40926
ENSG00000115286,NDUFS7,302,0.83012,180,-0.0310,159,-0.2224,154,-0.2712,174,-0.0805,174,-0.0855,150,-0.3123,113,-0.7489,192,0.07653,232,0.38623
ENSG00000130005,GAMT,219,1.54671,136,0.68995,53,-0.8033,49,-0.9362,98,0.15489,69,-0.3985,73,-0.3146,55,-0.7420,80,-0.1680,59,-0.6511
ENSG00000071626,DAZAP1,57,0.54622,40,-0.0290,21,-1.0241,37,-0.1469,33,-0.3397,49,0.30656,29,-0.5137,31,-0.4244,44,0.11227,66,0.79660
ENSG00000115268,RPS15,2136,1.46691,904,-0.0083,803,-0.1965,664,-0.4943,746,-0.3117,618,-0.6066,815,-0.1737,707,-0.3966,639,-0.5550,1055,0.24089
ENSG00000115266,APC2,111,0.25257,72,-0.4328,117,0.32977,120,0.36940,111,0.24171,91,-0.0720,66,-0.5658,97,0.03333,51,-0.9658,116,0.31638
ENSG00000119559,C19orf25,28,0.01332,29,0.07076,33,0.23996,16,-0.8231,44,0.74055,26,-0.1059,18,-0.6933,33,0.28382,15,-0.9179,37,0.43290
ENSG00000115255,REEP6,8,-1.0815,10,-0.7734,12,-0.5710,15,-0.1746,23,0.43980,23,0.46886,11,-0.6404,22,0.38264,26,0.64659,21,0.35444
ENSG00000071655,MBD3,110,1.30258,47,-0.1404,39,-0.4098,33,-0.6866,34,-0.6187,46,-0.1602,60,0.27686,65,0.39164,34,-0.6364,41,-0.3328
ENSG00000127540,UQCR11,474,-0.2461,611,0.15969,502,-0.1541,515,-0.1163,586,0.09068,496,-0.1748,571,0.05090,442,-0.3559,629,0.20731,708,0.40128
ENSG00000079313,REXO1,28,-0.0095,32,0.21395,31,0.13266,22,-0.3563,30,0.10619,24,-0.2322,35,0.35735,31,0.15716,32,0.21698,15,-0.9183
ENSG00000129911,KLF16,33,-0.1537,50,0.54939,55,0.71159,21,-0.8099,20,-0.9322,21,-0.8269,45,0.37315,39,0.14103,31,-0.2130,43,0.28709
ENSG00000129968,ABHD17A,175,0.58997,159,0.42781,89,-0.4973,84,-0.5807,86,-0.5482,157,0.40179,104,-0.2492,157,0.40845,73,-0.7996,137,0.18177
ENSG00000227500,SCAMP4,62,1.28733,37,0.40959,23,-0.3493,18,-0.7515,20,-0.5587,40,0.54696,18,-0.7071,21,-0.4702,34,0.24783,15,-1.0304
ENSG00000133275,CSNK1G2,40,0.12641,40,0.13409,33,-0.1982,38,0.03803,41,0.15108,20,-0.9179,60,0.78786,33,-0.1639,44,0.27578,21,-0.8692
ENSG00000133243,BTBD2,59,-0.7175,86,-0.1433,94,-0.0011,75,-0.3641,87,-0.1317,118,0.36504,107,0.21116,103,0.14217,67,-0.5302,145,0.71231
ENSG00000099875,MKNK2,41,0.93691,12,-1.0451,26,0.17163,21,-0.1413,22,-0.1160,19,-0.3129,23,-0.0410,21,-0.1470,26,0.14887,23,-0.0433
ENSG00000065000,AP3D1,91,-0.3401,156,0.53820,136,0.30662,98,-0.2242,117,0.06525,169,0.66570,74,-0.6462,107,-0.0850,78,-0.5764,99,-0.1990
ENSG00000104886,PLEKHJ1,57,-0.0141,66,0.22096,52,-0.1544,77,0.47172,88,0.69157,69,0.29091,23,-1.3776,40,-0.5766,40,-0.5617,63,0.15041
ENSG00000104897,SF3A2,29,0.83290,11,-0.6369,25,0.55716,19,0.17317,7,-1.2904,18,0.02025,28,0.77054,7,-1.3478,13,-0.4074,16,-0.1148
ENSG00000104904,OAZ1,364,-1.0052,619,-0.1821,769,0.16699,849,0.32681,768,0.16468,1125,0.80011,612,-0.1998,422,-0.7762,695,0.00230,714,0.04732
ENSG00000130332,LSM7,82,0.09861,99,0.40069,86,0.16792,59,-0.4180,64,-0.2926,136,0.94444,68,-0.2069,57,-0.4855,47,-0.7801,75,-0.0556
ENSG00000005206,SPPL2B,92,2.03664,32,0.15326,29,-0.0029,15,-1.0242,8,-1.9310,13,-1.1685,13,-1.2596,21,-0.5242,13,-1.2656,56,1.07452
ENSG00000099800,TIMM13,124,0.36063,131,0.46053,103,0.05712,56,-0.8897,97,-0.0397,100,0.01664,90,-0.1457,74,-0.4645,95,-0.0716,121,0.32703
ENSG00000176619,LMNB2,7,-1.2577,10,-0.7675,17,0.08340,11,-0.5293,16,-0.0642,13,-0.2840,20,0.31633,19,0.22514,34,1.22175,15,-0.0728
ENSG00000176533,GNG7,156,1.00144,55,-0.6702,81,-0.0835,46,-0.9711,45,-1.0044,76,-0.1825,116,0.49434,98,0.22109,77,-0.1605,104,0.32464
ENSG00000176490,DIRAS1,11,-4.0101,134,-0.2923,148,-0.1271,199,0.34344,168,0.07127,260,0.79684,205,0.39832,126,-0.3891,207,0.40938,150,-0.1124
ENSG00000141873,SLC39A3,23,-1.0399,71,0.75543,61,0.48689,47,0.08623,54,0.29462,38,-0.2456,37,-0.3091,29,-0.6543,44,-0.0173,44,-0.0363
ENSG00000104969,SGTA,120,1.05648,66,0.04835,59,-0.1199,51,-0.3590,80,0.35860,53,-0.2918,54,-0.2646,54,-0.2569,47,-0.4777,54,-0.2545
ENSG00000172009,THOP1,64,0.40148,70,0.56203,63,0.38273,41,-0.2912,83,0.84699,23,-1.1792,47,-0.0866,50,0.01062,27,-0.9175,28,-0.8773
ENSG00000104964,TLE5,481,-0.0777,722,0.58601,357,-0.5459,434,-0.2410,498,-0.0239,588,0.24673,500,-0.0177,467,-0.1266,558,0.16015,447,-0.1957
ENSG00000088256,GNA11,77,0.23488,75,0.18198,65,-0.0485,62,-0.1204,50,-0.4638,64,-0.0578,71,0.10551,65,-0.0459,55,-0.3158,84,0.37288
ENSG00000125912,NCLN,23,-0.1666,15,-0.8113,43,0.82083,35,0.51270,37,0.58489,18,-0.5134,17,-0.6019,23,-0.1675,17,-0.6278,28,0.14024
ENSG00000161082,CELF5,4,-4.6524,102,-0.1249,160,0.60549,163,0.63861,126,0.21411,142,0.40618,113,0.03976,91,-0.3050,101,-0.1431,102,-0.1314
ENSG00000141905,NFIC,120,0.35066,83,-0.2329,65,-0.6299,63,-0.6743,65,-0.6204,82,-0.2497,139,0.59636,148,0.70169,84,-0.2202,117,0.30394
ENSG00000129932,DOHH,201,2.80195,17,-1.4813,38,-0.2778,29,-0.7083,47,0.02940,29,-0.7219,33,-0.5243,16,-1.5997,17,-1.4605,30,-0.6373
ENSG00000105325,FZR1,52,0.24491,24,-0.9525,34,-0.4261,39,-0.1909,61,0.50817,62,0.54880,46,0.04061,43,-0.0620,43,-0.0552,41,-0.1221
ENSG00000161091,MFSD12,56,0.27352,39,-0.2903,45,-0.0666,51,0.13660,64,0.51635,24,-1.0272,45,-0.0549,40,-0.2672,37,-0.3640,68,0.59941
ENSG00000186111,PIP5K1C,45,-1.3379,119,0.17043,119,0.17081,97,-0.1565,152,0.56852,153,0.58149,126,0.26497,87,-0.3377,74,-0.5883,100,-0.1076
ENSG00000183617,MRPL54,56,-0.2137,60,-0.1171,91,0.56447,75,0.25017,61,-0.0877,74,0.23251,33,-1.0284,67,0.07522,57,-0.1986,69,0.10799
ENSG00000007264,MATK,13,-1.9412,44,-0.1634,51,0.06108,66,0.48591,55,0.18246,49,-0.0083,44,-0.1551,40,-0.3017,51,0.05674,76,0.71914
ENSG00000105278,ZFR2,8,-1.5829,34,0.63393,22,-0.1021,27,0.25906,31,0.48279,18,-0.4195,23,0.01568,21,-0.1701,23,0.01976,24,0.04441
ENSG00000167654,ATCAY,57,-1.6912,208,0.30154,177,0.03929,168,-0.0399,224,0.42191,240,0.53668,140,-0.3328,107,-0.7421,212,0.33419,193,0.17820
ENSG00000167657,DAPK3,32,-0.4098,40,-0.0514,45,0.11488,49,0.24533,53,0.39309,47,0.18369,36,-0.2196,30,-0.5208,51,0.32742,34,-0.3249
ENSG00000167658,EEF2,521,0.22094,545,0.29282,345,-0.4354,408,-0.1736,407,-0.1769,431,-0.0843,554,0.31943,558,0.33075,348,-0.4201,430,-0.0896
ENSG00000105229,PIAS4,57,1.75744,11,-0.9777,26,0.35405,17,-0.3381,14,-0.5874,19,-0.0927,14,-0.6411,12,-0.8293,15,-0.4576,22,0.07751
ENSG00000178951,ZBTB7A,54,-1.0853,94,-0.2319,109,0.00453,104,-0.0628,97,-0.1782,79,-0.5010,152,0.54635,186,0.89416,97,-0.1764,114,0.07657
ENSG00000126934,MAP2K2,127,-0.3006,139,-0.1523,129,-0.2657,213,0.54102,164,0.10726,179,0.25149,149,-0.0466,121,-0.3756,156,0.03425,154,0.01154
ENSG00000089847,ANKRD24,20,-0.8874,49,0.52512,81,1.39640,36,0.01335,26,-0.4770,22,-0.7111,38,0.11551,30,-0.2512,30,-0.2642,22,-0.7158
ENSG00000105248,YJU2,32,0.73146,40,1.08842,27,0.45687,13,-0.6407,7,-1.5017,18,-0.1998,12,-0.7746,14,-0.5722,15,-0.4430,25,0.32605
ENSG00000105251,SHD,0,-6.9829,12,-0.4033,27,0.89627,34,1.27451,13,-0.3029,11,-0.5488,17,0.10040,10,-0.7491,14,-0.2294,21,0.42962
ENSG00000105255,FSD1,21,-1.4348,33,-0.7675,68,0.35311,70,0.39419,108,1.12576,75,0.50114,54,-0.0261,34,-0.7436,51,-0.1225,35,-0.7175
ENSG00000008382,MPND,24,-0.2362,13,-1.0950,18,-0.6224,40,0.60074,47,0.86576,38,0.52814,27,-0.0127,28,0.02889,13,-1.0936,26,-0.0678
ENSG00000141985,SH3GL1,48,0.11519,40,-0.1675,82,0.99140,44,-0.0462,32,-0.5315,31,-0.5731,40,-0.1755,54,0.28860,40,-0.1712,38,-0.2634
ENSG00000167671,UBXN6,106,-0.3875,131,-0.0576,163,0.29639,149,0.15467,173,0.39565,161,0.28085,120,-0.1895,124,-0.1411,73,-0.9579,155,0.21495
ENSG00000167674,HDGFL2,38,-0.2170,25,-0.8556,66,0.65979,42,-0.0634,37,-0.2947,63,0.57197,38,-0.2432,43,-0.0534,39,-0.1767,50,0.19178
ENSG00000167680,SEMA6B,34,-1.3809,107,0.40508,83,0.00076,97,0.24624,72,-0.2209,65,-0.3912,83,-0.0116,92,0.15625,84,0.02203,115,0.53116
ENSG00000185361,TNFAIP8L1,11,-1.3082,29,0.10217,38,0.55482,41,0.68038,28,0.03855,24,-0.1765,31,0.22721,14,-0.9823,25,-0.1411,29,0.11218
ENSG00000074842,MYDGF,32,-0.8474,34,-0.7612,93,0.83391,89,0.76967,60,0.11241,102,1.00079,36,-0.6921,32,-0.8657,46,-0.3220,35,-0.7207
ENSG00000142002,DPP9,41,1.26957,17,-0.1477,17,-0.2298,12,-0.6899,35,0.96483,10,-0.9617,15,-0.3799,16,-0.3110,14,-0.5246,16,-0.3181
ENSG00000176840,MIR7-3HG,7,-2.1619,19,-0.6754,59,1.17573,31,0.07946,48,0.80836,40,0.52536,19,-0.6409,10,-1.5333,42,0.57954,17,-0.8417
ENSG00000141965,FEM1A,42,0.30555,40,0.22508,33,-0.0488,34,-0.0017,30,-0.2177,36,0.07017,29,-0.2505,28,-0.3482,35,0.03116,37,0.12537
ENSG00000127663,KDM4B,24,0.22147,26,0.37335,26,0.38184,20,-0.0467,22,0.08221,21,0.00636,12,-0.8594,11,-1.0072,31,0.64370,15,-0.5127
ENSG00000130254,SAFB2,49,-0.0416,46,-0.1572,71,0.54952,59,0.24403,31,-0.7695,52,0.03357,57,0.19094,37,-0.4758,46,-0.1330,58,0.21101
ENSG00000160633,SAFB,90,0.03465,118,0.47695,124,0.56217,91,0.05884,88,-0.0036,73,-0.3033,77,-0.2067,52,-0.8101,90,0.03721,77,-0.2201
ENSG00000130255,RPL36,1179,0.79276,561,-0.4151,662,-0.1559,639,-0.2123,687,-0.0976,453,-0.7491,780,0.10664,762,0.06935,696,-0.0767,882,0.30654
ENSG00000174917,MICOS13,176,-0.1484,191,-0.0146,180,-0.1113,231,0.29403,176,-0.1402,236,0.32590,194,0.01371,146,-0.4416,207,0.11400,191,-0.0164
ENSG00000167733,HSD11B1L,44,-1.0254,44,-1.0268,104,0.31710,87,0.02494,124,0.61019,133,0.73027,96,0.19348,79,-0.1203,89,0.06479,54,-0.7216
ENSG00000196365,LONP1,77,0.45484,85,0.62134,61,0.08040,55,-0.0792,40,-0.5737,48,-0.2986,61,0.08914,36,-0.7400,59,0.03623,57,-0.0178
ENSG00000174886,NDUFA11,232,-0.2147,306,0.22958,283,0.09906,375,0.56490,298,0.18375,274,0.04995,201,-0.4416,202,-0.4361,197,-0.4680,289,0.13518
ENSG00000031823,RANBP3,42,0.18404,46,0.33024,37,-0.0249,53,0.55730,32,-0.2666,53,0.54369,29,-0.4085,34,-0.1633,29,-0.4098,22,-0.8584
ENSG00000130382,MLLT1,68,-0.2931,85,0.05583,85,0.06365,73,-0.1866,70,-0.2389,55,-0.6131,65,-0.3603,156,1.08663,69,-0.2679,91,0.17558
ENSG00000125656,CLPP,60,0.39056,45,-0.0588,54,0.23112,63,0.47345,33,-0.5285,72,0.68975,37,-0.3812,27,-0.8452,34,-0.4882,44,-0.1038
ENSG00000125652,ALKBH7,111,0.55496,70,-0.2046,58,-0.4945,75,-0.0841,63,-0.3711,92,0.24774,69,-0.2091,88,0.17596,58,-0.4863,107,0.49516
ENSG00000125651,GTF2F1,21,-1.2456,67,0.53833,57,0.27529,41,-0.2569,70,0.63329,35,-0.4932,46,-0.0666,27,-0.9039,62,0.41928,53,0.17099
ENSG00000088247,KHSRP,40,-0.3400,50,0.00809,71,0.59743,49,-0.0238,27,-0.9199,48,-0.0338,42,-0.2570,48,-0.0357,66,0.46242,53,0.11413
ENSG00000125648,SLC25A23,151,0.27760,78,-0.7659,156,0.32952,90,-0.5482,102,-0.3497,114,-0.1845,113,-0.1983,182,0.58359,107,-0.2713,182,0.57770
ENSG00000104833,TUBB4A,729,0.61329,379,-0.4440,594,0.27104,804,0.77855,427,-0.2584,672,0.47508,382,-0.4313,285,-0.8810,372,-0.4710,376,-0.4567
ENSG00000125730,C3,273,3.22761,18,-1.6061,39,-0.4679,16,-1.8406,9,-2.6714,9,-2.6757,23,-1.2913,71,0.47235,25,-1.1745,49,-0.1294
ENSG00000125734,GPR108,21,0.11218,34,0.86421,10,-1.0301,18,-0.1828,16,-0.3431,12,-0.7135,21,0.12297,30,0.64741,11,-0.9374,26,0.41181
ENSG00000171105,INSR,44,0.03561,39,-0.1589,43,-0.0066,37,-0.2452,36,-0.2893,42,-0.0733,34,-0.3941,47,0.13510,25,-0.8309,86,1.14813
ENSG00000104880,ARHGEF18,38,1.01969,12,-0.7861,23,0.14884,15,-0.4488,17,-0.2873,37,0.94254,11,-0.9121,15,-0.5099,23,0.17679,15,-0.5283
ENSG00000198816,ZNF358,89,-0.0150,81,-0.1763,73,-0.3228,45,-1.0803,78,-0.2257,71,-0.3797,88,-0.0320,134,0.64429,100,0.15978,143,0.75655
ENSG00000090674,MCOLN1,29,-0.2404,29,-0.2016,38,0.20028,57,0.87577,36,0.10262,39,0.23781,18,-0.9604,22,-0.6287,37,0.18914,29,-0.2136
ENSG00000032444,PNPLA6,72,0.14724,83,0.36819,68,0.05966,70,0.09247,76,0.22410,67,0.03904,52,-0.3560,50,-0.4337,54,-0.2948,65,-0.0155
ENSG00000076826,CAMSAP3,12,-1.4939,25,-0.3496,41,0.43123,43,0.50424,42,0.44983,26,-0.3009,33,0.05991,26,-0.3267,30,-0.1063,39,0.32483
ENSG00000076924,XAB2,17,-0.4726,23,-0.0456,23,-0.0343,19,-0.3353,21,-0.1747,35,0.67629,23,-0.0496,26,0.19966,21,-0.1479,25,0.12714
ENSG00000229833,PET100,122,-0.7183,195,0.00979,243,0.37141,181,-0.1046,190,-0.0330,299,0.71658,142,-0.4911,148,-0.4189,195,0.00990,220,0.20922
ENSG00000181029,TRAPPC5,93,-1.1890,248,0.33668,262,0.42573,169,-0.2824,223,0.15971,226,0.18269,195,-0.0570,110,-0.9452,264,0.43598,228,0.19412
ENSG00000142459,EVI5L,67,0.66813,36,-0.3572,45,0.00385,30,-0.6012,57,0.40381,55,0.34228,39,-0.2229,39,-0.2307,30,-0.5965,48,0.12577
ENSG00000183248,PRR36,21,-1.9772,64,-0.3075,107,0.52018,90,0.24444,88,0.19478,63,-0.3266,79,0.03423,60,-0.4035,70,-0.1567,134,0.90179
ENSG00000076984,MAP2K7,39,0.68753,27,0.09954,26,0.01391,37,0.61453,19,-0.4534,16,-0.6603,25,-0.0278,22,-0.2071,20,-0.3493,22,-0.1939
ENSG00000260001,TGFBR3L,21,-1.9829,72,-0.1119,123,0.76802,76,-0.0122,102,0.45513,96,0.36751,39,-1.0411,75,-0.0287,83,0.12995,81,0.08855
ENSG00000104976,SNAPC2,24,0.27583,27,0.48881,23,0.23864,27,0.50901,21,0.12001,29,0.63256,16,-0.3420,4,-2.1573,12,-0.8220,15,-0.4464
ENSG00000178531,CTXN1,88,-1.7991,234,-0.3170,442,0.71953,264,-0.1249,444,0.72613,302,0.08613,209,-0.4932,288,0.01468,267,-0.1077,319,0.17870
ENSG00000104980,TIMM44,55,0.78113,40,0.24751,37,0.10896,32,-0.1194,41,0.29920,41,0.29458,15,-1.2875,23,-0.6382,19,-0.9344,41,0.26823
ENSG00000066044,ELAVL1,36,-0.4953,56,0.21724,59,0.29267,48,-0.0283,50,0.02783,57,0.22839,35,-0.5067,44,-0.1836,44,-0.1885,62,0.38996
ENSG00000090661,CERS4,86,1.94430,36,0.39608,27,-0.0869,24,-0.2809,32,0.22190,15,-0.9614,18,-0.6695,20,-0.5130,15,-1.0067,10,-1.5820
ENSG00000167775,CD320,44,0.08964,59,0.56301,39,-0.1161,48,0.23906,30,-0.4835,45,0.13565,32,-0.4308,31,-0.4789,41,-0.0039,47,0.18586
ENSG00000267855,NDUFA7,70,-0.8054,182,0.70751,148,0.36578,147,0.35363,111,-0.1058,125,0.08967,65,-0.9275,102,-0.2328,80,-0.6158,152,0.40924
ENSG00000233927,RPS28,2218,1.36508,917,-0.1317,753,-0.4432,697,-0.5618,642,-0.6892,1008,0.01868,1009,0.02001,945,-0.0848,695,-0.5671,1080,0.12943
ENSG00000185236,RAB11B,182,0.75768,105,-0.1449,109,-0.0789,115,-0.0008,122,0.10005,107,-0.1187,99,-0.2275,101,-0.2090,55,-1.1229,153,0.46834
ENSG00000099785,MARCH2,48,0.16317,45,0.08166,31,-0.4868,42,-0.0332,33,-0.4187,41,-0.0565,48,0.17118,39,-0.1670,28,-0.6529,74,0.90486
ENSG00000099783,HNRNPM,190,1.11850,129,0.46375,128,0.44417,81,-0.2833,100,0.04538,78,-0.3544,71,-0.5045,68,-0.5669,52,-0.9763,77,-0.3713
ENSG00000133250,ZNF414,27,0.77324,14,-0.2474,22,0.42736,21,0.36351,10,-0.8095,17,0.07880,12,-0.5416,16,-0.0731,4,-2.0679,24,0.58486
ENSG00000198258,UBL5,304,-0.5485,536,0.35586,477,0.16443,569,0.45412,369,-0.2471,417,-0.0516,307,-0.5320,313,-0.5038,450,0.06915,565,0.44285
ENSG00000127445,PIN1,136,-1.5586,359,-0.0703,514,0.51493,509,0.49932,341,-0.1511,493,0.44679,329,-0.2061,244,-0.6731,390,0.06312,434,0.23588
ENSG00000105088,OLFM2,40,-0.9416,64,-0.2234,60,-0.3227,65,-0.2014,47,-0.7049,86,0.23415,88,0.27345,108,0.62240,80,0.11627,102,0.51922
ENSG00000080573,COL5A3,38,0.29197,30,-0.0956,11,-1.5790,21,-0.6261,27,-0.2621,24,-0.4455,48,0.66949,45,0.56157,25,-0.3879,49,0.70658
ENSG00000130813,SHFL,17,-1.3765,63,0.63537,48,0.19610,22,-1.0097,44,0.04779,62,0.59764,54,0.35949,44,0.02897,47,0.13590,27,-0.6954
ENSG00000130811,EIF3G,143,0.95367,84,0.06858,70,-0.2248,125,0.72354,76,-0.0956,68,-0.2628,52,-0.6859,60,-0.4507,61,-0.4336,66,-0.3157
ENSG00000130816,DNMT1,32,-0.0756,26,-0.3644,37,0.16202,43,0.43125,29,-0.2133,30,-0.1382,25,-0.4446,25,-0.4194,45,0.48507,39,0.27307
ENSG00000105364,MRPL4,38,-1.1115,108,0.52559,69,-0.1942,95,0.32265,73,-0.0927,76,-0.0323,86,0.16545,56,-0.5162,71,-0.1551,107,0.51106
ENSG00000105376,ICAM5,2,-4.8216,66,-0.0304,169,1.58219,76,0.19733,65,-0.0568,59,-0.2136,41,-0.7772,57,-0.2770,71,0.09082,68,0.01096
ENSG00000267673,FDX2,30,-1.3749,86,0.24833,86,0.23990,86,0.24088,102,0.51865,78,0.09492,70,-0.0834,53,-0.5333,75,0.03090,73,-0.0207
ENSG00000105401,CDC37,108,-0.3651,124,-0.1475,141,0.05241,166,0.31685,195,0.57953,218,0.76984,116,-0.2592,67,-1.0966,117,-0.2444,113,-0.3002
ENSG00000065989,PDE4A,24,-1.4375,91,0.66422,46,-0.4376,46,-0.4387,107,0.95159,93,0.70172,57,-0.1058,41,-0.6162,41,-0.6186,61,0.01128
ENSG00000079999,KEAP1,84,0.81366,63,0.33578,36,-0.5522,56,0.13797,40,-0.3846,56,0.13631,38,-0.4730,31,-0.7815,61,0.29247,47,-0.1265
ENSG00000130734,ATG4D,15,-0.3065,12,-0.6785,28,0.63020,21,0.16887,37,1.11602,15,-0.3213,20,0.11925,15,-0.2898,10,-0.8813,13,-0.5348
ENSG00000129355,CDKN2D,50,-1.5995,173,0.30657,154,0.11442,190,0.46126,187,0.43756,184,0.41169,141,-0.0219,106,-0.4701,114,-0.3566,131,-0.1423
ENSG00000129353,SLC44A2,139,1.27390,82,0.35968,51,-0.3942,32,-1.0910,37,-0.8655,30,-1.1736,52,-0.3446,88,0.48090,37,-0.8776,105,0.77497
ENSG00000267100,ILF3-DT,33,0.14290,36,0.30076,36,0.29523,18,-0.7511,29,-0.0566,45,0.67022,26,-0.2103,32,0.12015,15,-1.0620,29,-0.0693
ENSG00000129351,ILF3,112,0.29596,125,0.46922,91,-0.0470,114,0.32633,78,-0.2913,98,0.07777,56,-0.7848,71,-0.4233,41,-1.2491,147,0.74865
ENSG00000213339,QTRT1,89,1.81491,16,-0.9797,34,0.15151,27,-0.2352,28,-0.1704,39,0.35863,8,-1.9865,32,0.02391,12,-1.4521,27,-0.2190
ENSG00000079805,DNM2,181,2.91199,17,-1.2404,37,-0.1185,15,-1.4978,8,-2.2990,26,-0.6541,19,-1.1527,24,-0.7385,31,-0.3613,36,-0.1452
ENSG00000142453,CARM1,21,-1.2592,37,-0.4141,75,0.72055,61,0.37526,65,0.46422,42,-0.2414,42,-0.2245,45,-0.1015,51,0.09617,45,-0.1282
ENSG00000130733,YIPF2,28,0.14518,31,0.31049,26,0.02671,33,0.42673,36,0.55757,32,0.40051,20,-0.3542,15,-0.7664,18,-0.5368,14,-0.8790
ENSG00000142444,TIMM29,14,-0.1223,21,0.50615,24,0.74500,16,0.06027,16,0.08881,10,-0.6673,16,0.09117,17,0.23294,10,-0.5558,7,-1.1526
ENSG00000127616,SMARCA4,42,-0.8279,73,0.03982,65,-0.1628,82,0.21550,91,0.38770,54,-0.4465,46,-0.6792,72,0.00918,71,-0.0205,120,0.85693
ENSG00000105518,TMEM205,97,-0.2033,112,0.01561,148,0.47142,85,-0.4173,168,0.68601,81,-0.4836,63,-0.8789,106,-0.0699,94,-0.2600,153,0.52511
ENSG00000105520,PLPPR2,69,-0.3938,57,-0.6950,186,1.24615,65,-0.4904,77,-0.2274,101,0.19900,67,-0.4357,77,-0.2311,103,0.23497,87,-0.0307
ENSG00000130175,PRKCSH,260,1.90633,82,-0.1089,88,-0.0108,42,-1.1268,67,-0.4253,71,-0.3378,69,-0.3907,67,-0.4298,71,-0.3336,64,-0.5129
ENSG00000196361,ELAVL3,178,0.04839,127,-0.4787,179,0.06124,115,-0.6379,138,-0.3493,261,0.68089,236,0.51280,165,-0.0670,179,0.05876,146,-0.2640
ENSG00000130159,ECSIT,37,-0.6964,99,0.89241,65,0.19790,54,-0.1144,57,-0.0234,54,-0.1058,51,-0.1875,40,-0.5663,30,-1.0226,90,0.73462
ENSG00000130165,ELOF1,53,0.24167,50,0.16402,56,0.33968,29,-0.6699,62,0.50307,40,-0.1872,38,-0.2836,35,-0.4102,26,-0.8509,64,0.56096
ENSG00000173875,ZNF791,22,-0.1700,34,0.51006,16,-0.6887,30,0.30861,22,-0.1645,17,-0.6147,24,-0.0811,19,-0.3745,15,-0.8137,49,1.14059
ENSG00000105583,WDR83OS,166,0.52086,174,0.60914,149,0.34492,128,0.09881,91,-0.4400,103,-0.2400,87,-0.5062,84,-0.5560,105,-0.2097,115,-0.0750
ENSG00000095059,DHPS,50,-0.4939,109,0.76526,66,-0.0541,44,-0.6656,72,0.09361,106,0.72418,47,-0.5677,35,-1.0380,79,0.23149,74,0.12908
ENSG00000105576,TNPO2,66,-0.7381,112,0.08744,84,-0.3757,156,0.63190,100,-0.0995,98,-0.1228,151,0.57282,137,0.41148,66,-0.7425,92,-0.2255
ENSG00000123144,TRIR,231,0.46089,173,-0.0044,215,0.34854,141,-0.3299,199,0.22010,178,0.03742,129,-0.4659,133,-0.4207,155,-0.1762,182,0.07686
ENSG00000198356,GET3,41,-1.1726,105,0.29094,108,0.33461,106,0.30806,128,0.61882,100,0.21137,73,-0.2939,65,-0.4660,81,-0.1292,70,-0.3531
ENSG00000171223,JUNB,48,-0.0149,43,-0.1822,75,0.71788,37,-0.3974,47,-0.0402,43,-0.1867,30,-0.7276,32,-0.6278,35,-0.5054,92,1.08198
ENSG00000167815,PRDX2,216,-1.1529,675,0.64812,376,-0.3015,658,0.60535,510,0.18481,634,0.54227,473,0.06043,284,-0.7387,324,-0.5341,400,-0.2055
ENSG00000105613,MAST1,53,-0.5233,72,-0.0504,72,-0.0569,101,0.49265,89,0.28517,110,0.63325,62,-0.2950,56,-0.4493,67,-0.1657,63,-0.2589
ENSG00000105612,DNASE2,22,0.41512,43,1.56112,10,-0.8770,10,-0.7978,14,-0.3589,8,-1.1851,11,-0.7307,25,0.63186,14,-0.3333,15,-0.1692
ENSG00000105607,GCDH,22,0.57837,15,-0.0766,14,-0.0925,11,-0.5106,18,0.20927,5,-1.7504,13,-0.2131,17,0.18859,9,-0.8337,30,1.09025
ENSG00000179115,FARSA,34,-1.5469,109,0.25800,92,-0.0258,105,0.18953,126,0.49070,93,-0.0019,91,-0.0304,64,-0.5874,118,0.37852,100,0.11055
ENSG00000179218,CALR,223,0.27032,152,-0.3386,212,0.18607,154,-0.3271,136,-0.5186,217,0.22495,141,-0.4608,162,-0.2406,191,0.01868,300,0.76397
ENSG00000179262,RAD23A,94,-0.5405,169,0.40100,160,0.30264,179,0.49330,138,0.06703,133,0.01152,117,-0.1909,90,-0.6110,145,0.15018,98,-0.4745
ENSG00000179271,GADD45GIP1,92,-0.9495,249,0.63931,164,-0.0457,185,0.14489,176,0.06476,229,0.49592,147,-0.2152,117,-0.5783,120,-0.5314,209,0.34801
ENSG00000008441,NFIX,196,0.71344,160,0.37274,77,-0.7746,79,-0.7435,127,0.00525,88,-0.5772,147,0.23587,157,0.34778,96,-0.4329,142,0.17735
ENSG00000104907,TRMT1,47,1.06238,33,0.44986,25,-0.0117,29,0.23626,22,-0.1727,25,0.01500,19,-0.4130,13,-0.9578,18,-0.5372,18,-0.5186
ENSG00000160877,NACC1,23,-1.0082,24,-0.9143,40,-0.1546,46,0.07545,35,-0.3610,44,0.00074,55,0.37690,50,0.20329,81,1.01665,41,-0.1039
ENSG00000104915,STX10,37,0.61070,23,-0.1502,29,0.17846,21,-0.2925,18,-0.5284,14,-0.9195,7,-1.8992,16,-0.6783,34,0.45998,56,1.30698
ENSG00000160888,IER2,28,0.40554,29,0.43409,20,-0.1633,21,-0.0560,29,0.48191,26,0.29100,10,-1.1656,18,-0.3025,7,-1.6132,30,0.49604
ENSG00000141837,CACNA1A,21,-2.1938,118,0.40241,100,0.14412,115,0.36702,75,-0.3258,131,0.58277,115,0.36496,79,-0.2287,103,0.18129,60,-0.6586
ENSG00000104957,CCDC130,49,1.55437,30,0.68105,26,0.47956,11,-0.8118,12,-0.7703,18,-0.0884,15,-0.4433,10,-1.0340,13,-0.6079,11,-0.8426
ENSG00000104979,C19orf53,148,0.14529,182,0.48319,143,0.09074,102,-0.4402,202,0.65728,143,0.08349,105,-0.4056,100,-0.4707,102,-0.4500,126,-0.1096
ENSG00000187556,NANOS3,8,-1.8532,39,0.58357,21,-0.4320,39,0.59958,36,0.46329,31,0.19065,34,0.34600,21,-0.4063,22,-0.2950,21,-0.3989
ENSG00000132024,CC2D1A,61,1.58836,16,-0.6781,20,-0.2961,28,0.21031,23,-0.0851,7,-1.7870,15,-0.7725,22,-0.1744,10,-1.3291,41,0.86882
ENSG00000141854,MISP3,26,0.40303,31,0.69139,39,1.09499,18,-0.1380,17,-0.2460,22,0.18244,11,-0.9473,13,-0.6653,14,-0.5560,9,-1.1277
ENSG00000141858,SAMD1,70,0.90628,32,-0.3857,58,0.60238,26,-0.6845,20,-1.0409,32,-0.3555,43,0.08497,41,0.02211,42,0.07252,39,-0.0372
ENSG00000072062,PRKACA,54,-1.3074,123,-0.0474,125,-0.0157,197,0.73175,151,0.29095,184,0.61193,91,-0.5139,90,-0.5290,125,-0.0196,124,-0.0346
ENSG00000072071,ADGRL1,82,-1.0629,119,-0.5002,207,0.37874,220,0.48583,191,0.25444,193,0.26371,156,-0.0774,148,-0.1603,200,0.32510,120,-0.4930
ENSG00000123143,PKN1,52,0.46976,34,-0.2018,24,-0.7274,40,0.04057,19,-1.1196,28,-0.5224,47,0.29943,46,0.25975,34,-0.2126,65,0.85623
ENSG00000123159,GIPC1,142,1.23696,52,-0.4137,54,-0.3752,51,-0.4489,64,-0.0978,87,0.40015,61,-0.1822,39,-0.8533,61,-0.1817,70,0.04768
ENSG00000132002,DNAJB1,78,0.01538,75,-0.0548,80,0.04567,96,0.34966,101,0.43197,70,-0.1516,75,-0.0536,62,-0.3510,38,-1.0867,99,0.39734
ENSG00000099797,TECR,289,0.69269,176,-0.1154,158,-0.2857,222,0.25858,166,-0.2053,167,-0.2003,132,-0.5692,193,0.03425,152,-0.3443,238,0.36904
ENSG00000099795,NDUFB7,223,-0.3695,291,0.05596,325,0.23507,238,-0.2620,305,0.12947,298,0.09084,266,-0.0895,234,-0.2903,254,-0.1624,378,0.48377
ENSG00000105143,SLC1A6,1,-4.2382,24,0.14310,51,1.40339,26,0.21807,12,-0.9326,24,0.10652,24,0.09117,19,-0.2126,28,0.34719,14,-0.6947
ENSG00000105135,ILVBL,56,0.84377,24,-0.4815,47,0.55178,29,-0.2111,31,-0.1315,56,0.85101,31,-0.1315,34,0.03158,9,-1.9334,17,-1.0480
ENSG00000074181,NOTCH3,72,1.37834,39,0.30576,6,-2.3698,2,-3.9275,1,-4.5234,4,-3.0894,14,-1.2180,36,0.19647,2,-3.8167,144,2.83831
ENSG00000141867,BRD4,62,-0.3679,82,0.06816,115,0.62408,54,-0.5876,66,-0.2800,63,-0.3338,76,-0.0489,86,0.14153,80,0.04011,100,0.39898
ENSG00000105127,AKAP8,14,-0.7586,30,0.39733,29,0.30782,17,-0.4987,14,-0.7545,48,1.17755,18,-0.4031,18,-0.4197,24,-0.0075,24,0.00851
ENSG00000011243,AKAP8L,88,0.72284,67,0.27738,94,0.83861,41,-0.5020,50,-0.1887,36,-0.7042,56,-0.0264,36,-0.7132,39,-0.5732,59,0.06064
ENSG00000011451,WIZ,35,0.33894,47,0.85339,38,0.46552,30,0.10455,14,-1.0849,16,-0.8965,34,0.31749,35,0.32668,20,-0.5588,14,-1.0869
ENSG00000167460,TPM4,146,1.14096,113,0.69262,61,-0.3029,41,-0.8991,90,0.31004,47,-0.7011,61,-0.2917,59,-0.3538,56,-0.4407,65,-0.2002
ENSG00000167461,RAB8A,22,-0.1376,15,-0.7125,30,0.40085,23,-0.0529,33,0.54006,22,-0.1387,19,-0.2915,26,0.17159,19,-0.3177,27,0.19766
ENSG00000105058,FAM32A,30,-1.1050,50,-0.3549,70,0.18856,58,-0.0977,70,0.19558,84,0.49125,69,0.16959,52,-0.2652,78,0.37082,59,-0.0789
ENSG00000072958,AP1M1,46,-0.8889,95,0.23443,89,0.12196,169,1.20417,116,0.56138,49,-0.8058,56,-0.6161,55,-0.6380,62,-0.4399,87,0.08657
ENSG00000127527,EPS15L1,21,0.07641,28,0.55125,32,0.76144,24,0.30112,21,0.12899,16,-0.3514,10,-0.9843,11,-0.8876,13,-0.6506,22,0.18020
ENSG00000085872,CHERP,19,-1.0809,35,-0.1555,55,0.60174,39,0.04812,48,0.38264,41,0.09749,25,-0.6400,27,-0.5342,62,0.79486,30,-0.3564
ENSG00000127526,SLC35E1,21,-0.9462,69,0.95942,29,-0.4487,59,0.67477,21,-0.9622,28,-0.5254,39,-0.0110,30,-0.3791,47,0.30257,46,0.26401
ENSG00000214046,SMIM7,72,0.57228,53,0.07944,52,0.04415,38,-0.4430,55,0.14688,40,-0.3677,36,-0.5364,45,-0.1711,56,0.16116,58,0.21860
ENSG00000072954,TMEM38A,8,-2.7545,55,0.08023,105,1.16331,74,0.56262,50,-0.0754,54,0.04293,44,-0.2967,36,-0.6027,50,-0.0935,50,-0.0836
ENSG00000127511,SIN3B,43,-0.6297,57,-0.2113,100,0.71482,96,0.63081,65,0.00064,63,-0.0387,50,-0.4022,40,-0.7476,56,-0.2360,79,0.30804
ENSG00000099331,MYO9B,138,3.46550,10,-1.3953,23,-0.0914,8,-1.5909,8,-1.5899,13,-0.9654,11,-1.2345,14,-0.8712,8,-1.5892,12,-1.0471
ENSG00000053501,USE1,57,0.58675,32,-0.3278,44,0.18245,36,-0.1375,36,-0.1615,44,0.18547,51,0.41145,31,-0.3720,25,-0.7128,39,-0.0306
ENSG00000099330,OCEL1,18,-0.2613,29,0.52016,17,-0.3306,23,0.17801,20,-0.0373,33,0.75138,18,-0.2386,12,-0.8737,12,-0.8879,27,0.42398
ENSG00000160113,NR2F6,19,-1.2398,40,-0.0637,54,0.40255,55,0.43819,52,0.33734,65,0.71087,22,-0.9637,36,-0.2488,36,-0.2610,42,-0.0189
ENSG00000105393,BABAM1,53,-1.2198,110,-0.1110,118,0.00143,148,0.36580,177,0.66969,112,-0.0761,145,0.33282,83,-0.5550,115,-0.0364,117,-0.0084
ENSG00000127220,ABHD8,21,-2.1971,102,0.19736,130,0.60060,103,0.21580,81,-0.1738,98,0.13925,67,-0.4703,79,-0.1971,144,0.77423,75,-0.2792
ENSG00000130312,MRPL34,47,-1.0565,116,0.36029,116,0.35413,120,0.40772,89,-0.0740,133,0.58703,62,-0.6249,50,-0.9543,64,-0.5770,133,0.57924
ENSG00000130311,DDA1,31,-1.3893,92,0.27613,97,0.36444,134,0.91515,78,0.02224,95,0.32790,59,-0.4371,58,-0.4523,55,-0.5311,74,-0.0619
ENSG00000074855,ANO8,28,0.45776,32,0.63509,16,-0.4488,15,-0.5196,16,-0.4262,19,-0.2153,13,-0.8019,23,0.14208,22,0.04923,29,0.51804
ENSG00000130303,BST2,69,2.11639,14,-0.6478,15,-0.5197,5,-2.1772,6,-1.8922,9,-1.3333,15,-0.4901,34,0.78503,13,-0.7750,31,0.62713
ENSG00000130304,SLC27A1,184,2.72683,29,-0.6201,22,-1.0583,18,-1.3476,19,-1.2651,29,-0.6346,18,-1.3002,46,0.10984,21,-1.1198,46,0.10031
ENSG00000130313,PGLS,71,1.49455,23,-0.3632,41,0.53597,15,-1.0230,33,0.19072,16,-0.9334,16,-0.9059,18,-0.7398,14,-1.0880,46,0.73324
ENSG00000130309,COLGALT1,38,1.00694,30,0.61329,21,0.03870,21,0.05762,11,-0.8812,19,-0.0972,13,-0.7024,16,-0.3830,19,-0.1331,16,-0.3402
ENSG00000130477,UNC13A,20,-3.0552,185,0.25300,239,0.67950,203,0.41120,149,-0.0964,173,0.14914,139,-0.1968,124,-0.3776,192,0.31577,154,-0.0390
ENSG00000130479,MAP1S,26,-1.7854,113,0.45686,130,0.69119,97,0.21144,96,0.19165,55,-0.6844,69,-0.3268,62,-0.4920,112,0.44143,92,0.11461
ENSG00000130475,FCHO1,43,1.53743,9,-0.9673,23,0.45589,17,-0.0107,16,-0.1029,21,0.34139,5,-1.6800,10,-0.7629,22,0.36296,5,-1.6756
ENSG00000105640,RPL18A,1126,1.46370,477,-0.0097,462,-0.0597,232,-1.1256,306,-0.7041,350,-0.4982,350,-0.4955,419,-0.2136,452,-0.0950,622,0.42430
ENSG00000007080,CCDC124,120,0.50031,94,0.10331,76,-0.2288,108,0.32135,99,0.17948,79,-0.1708,86,-0.0464,69,-0.3907,70,-0.3659,82,-0.1194
ENSG00000105642,KCNN1,13,-1.7664,52,0.36323,53,0.38525,41,-0.0233,34,-0.3052,32,-0.4298,48,0.22071,54,0.43101,26,-0.7050,63,0.67441
ENSG00000105643,ARRDC2,118,3.00087,10,-1.3340,30,0.30025,17,-0.6041,6,-2.1230,13,-0.9723,8,-1.6310,10,-1.4185,23,-0.1279,13,-0.9814
ENSG00000099308,MAST3,169,-0.8614,207,-0.5471,516,0.94002,328,0.17796,274,-0.1101,289,-0.0219,158,-0.9646,273,-0.1165,446,0.68841,275,-0.1046
ENSG00000105647,PIK3R2,59,-0.1142,60,-0.0842,64,0.02277,71,0.17802,41,-0.6809,50,-0.3657,63,6.21884,83,0.43427,57,-0.1799,86,0.48873
ENSG00000105649,RAB3A,68,-2.7713,479,0.17973,489,0.21184,629,0.62821,550,0.40505,644,0.66948,373,-0.2194,223,-1.0175,436,0.02777,396,-0.1280
ENSG00000130522,JUND,538,0.65855,395,0.14582,360,-0.0021,299,-0.2936,332,-0.1320,318,-0.2009,365,0.02015,402,0.17735,314,-0.2205,282,-0.3897
ENSG00000130520,LSM4,65,-1.0073,118,-0.0870,133,0.10054,140,0.18918,187,0.66147,126,0.01044,174,0.54534,81,-0.6751,104,-0.2887,120,-0.0661
ENSG00000130511,SSBP4,48,-1.2055,127,0.31192,212,1.19642,96,-0.1286,109,0.07610,97,-0.1093,79,-0.4435,121,0.23958,68,-0.6603,86,-0.3112
ENSG00000105701,FKBP8,275,-0.3427,332,-0.0474,255,-0.4622,438,0.40374,523,0.70234,387,0.20004,256,-0.4545,306,-0.1738,323,-0.0888,321,-0.0986
ENSG00000105700,KXD1,69,0.52610,80,0.77412,43,-0.2324,45,-0.1791,47,-0.1107,60,0.30478,36,-0.4903,39,-0.4029,26,-0.9758,54,0.12907
ENSG00000221983,UBA52,1072,1.32035,454,-0.1328,434,-0.2016,381,-0.4090,356,-0.5139,530,0.11546,465,-0.0956,456,-0.1234,388,-0.3779,396,-0.3475
ENSG00000006016,CRLF1,0,-6.9601,15,-1.2342,103,1.95087,20,-0.8061,12,-1.5698,13,-1.4025,13,-1.4377,80,1.46731,23,-0.5766,59,0.91884
ENSG00000006015,REX1BD,87,-0.4995,163,0.50675,108,-0.1534,102,-0.2456,193,0.79449,171,0.59120,63,-0.9836,89,-0.4621,111,-0.1140,105,-0.1968
ENSG00000105696,TMEM59L,136,-2.3787,494,-0.4375,1240,1.08098,815,0.36333,829,0.39189,828,0.38927,450,-0.5830,564,-0.2294,533,-0.3190,627,-0.0618
ENSG00000167487,KLHL26,23,-0.3459,33,0.23750,55,1.10295,43,0.69653,20,-0.5601,17,-0.7527,15,-0.9611,23,-0.3094,23,-0.2949,30,0.11275
ENSG00000105662,CRTC1,40,-0.9292,68,-0.1115,83,0.20333,76,0.07216,59,-0.3261,52,-0.5142,85,0.25774,106,0.61132,54,-0.4529,104,0.58140
ENSG00000005007,UPF1,68,0.72893,36,-0.3104,52,0.27332,48,0.13989,33,-0.4261,37,-0.2761,25,-0.8392,40,-0.1272,31,-0.5440,67,0.69838
ENSG00000223802,CERS1,85,0.85057,36,-0.5131,65,0.40625,38,-0.4385,54,0.12044,47,-0.1000,43,-0.2509,60,0.28181,34,-0.6251,42,-0.2876
ENSG00000105669,COPE,168,0.30017,153,0.14466,120,-0.2350,134,-0.0618,120,-0.2443,169,0.30912,116,-0.2977,117,-0.2829,123,-0.2041,177,0.38215
ENSG00000105671,DDX49,33,0.30130,50,0.96224,30,0.13215,29,0.05725,22,-0.3478,40,0.58012,21,-0.4308,15,-0.8906,14,-1.0126,23,-0.3186
ENSG00000064607,SUGP2,88,-0.4654,208,0.94566,178,0.67436,122,0.05406,127,0.11392,108,-0.1345,88,-0.4639,98,-0.2905,76,-0.6824,86,-0.4886
ENSG00000105676,ARMC6,15,-0.6392,19,-0.2875,20,-0.1527,38,0.83283,29,0.38080,25,0.17624,33,0.63721,14,-0.7273,9,-1.2937,23,0.03755
ENSG00000181035,SLC25A42,13,-0.3654,12,-0.4876,12,-0.5075,32,1.04924,21,0.34480,20,0.29492,13,-0.3844,10,-0.7766,16,-0.1102,19,0.17464
ENSG00000064545,TMEM161A,13,-0.3069,12,-0.3442,18,0.22639,12,-0.3492,15,-0.0720,21,0.45917,7,-1.1463,17,0.11694,22,0.53153,19,0.29582
ENSG00000254901,BORCS8,22,-1.1646,43,-0.1674,53,0.17696,73,0.69734,55,0.23556,101,1.26367,31,-0.6696,25,-0.9934,38,-0.3530,35,-0.4749
ENSG00000064490,RFXANK,36,0.86608,19,-0.1448,13,-0.7607,17,-0.3659,19,-0.1743,17,-0.3267,18,-0.2584,23,0.16095,18,-0.2232,31,0.62081
ENSG00000130287,NCAN,69,-0.4786,84,-0.1589,128,0.51876,87,-0.1063,87,-0.1083,95,0.02847,69,-0.4589,156,0.84980,65,-0.5562,91,-0.0383
ENSG00000187664,HAPLN4,11,-3.6719,73,-0.8673,220,0.91179,226,0.95680,70,-0.9180,137,0.11377,126,-0.0105,95,-0.4575,181,0.57430,133,0.07267
ENSG00000105705,SUGP1,30,0.33710,13,-0.9011,40,0.82743,19,-0.3505,38,0.76519,17,-0.4934,20,-0.2845,20,-0.3140,15,-0.7094,28,0.22082
ENSG00000129933,MAU2,54,1.13991,17,-0.6670,35,0.41307,26,-0.0397,25,-0.1183,35,0.39483,19,-0.5602,18,-0.5872,17,-0.6753,23,-0.2185
ENSG00000186010,NDUFA13,460,-0.2045,604,0.23353,534,0.03301,487,-0.1155,557,0.10077,466,-0.1853,526,0.00878,431,-0.3060,578,0.16067,588,0.18928
ENSG00000250067,YJEFN3,35,-1.9243,89,-0.5080,278,1.38609,98,-0.3614,110,-0.1827,102,-0.2982,88,-0.5267,96,-0.3950,189,0.70169,148,0.29319
ENSG00000105726,ATP13A1,31,-0.0248,28,-0.1998,30,-0.0737,42,0.44310,31,-0.0158,35,0.16398,22,-0.5842,22,-0.5666,36,0.20748,40,0.35465
ENSG00000081665,ZNF506,28,0.31347,32,0.58368,35,0.69614,28,0.31540,21,-0.1488,24,0.11966,10,-1.1876,20,-0.2134,9,-1.3090,19,-0.2358
ENSG00000167232,ZNF91,3,-3.3357,45,0.76030,27,-0.0340,19,-0.5806,21,-0.4302,23,-0.2878,21,-0.4550,46,0.82215,48,0.88509,27,-0.0882
ENSG00000261824,LINC00662,34,0.12999,28,-0.1529,43,0.51696,43,0.52573,38,0.33848,23,-0.4946,25,-0.3413,21,-0.6091,32,0.06703,24,-0.4219
ENSG00000169021,UQCRFS1,101,-1.4113,295,0.24170,263,0.05821,231,-0.1477,303,0.28487,405,0.77076,185,-0.5007,178,-0.5582,282,0.17154,295,0.24212
ENSG00000187135,VSTM2B,50,0.35124,30,-0.4341,71,0.94098,44,0.14557,50,0.35916,37,-0.1148,23,-0.8583,23,-0.8605,29,-0.4803,43,0.11823
ENSG00000105171,POP4,17,-0.9950,28,-0.2371,42,0.42365,46,0.56983,35,0.12299,42,0.43224,27,-0.2880,18,-0.8670,40,0.36263,27,-0.2469
ENSG00000131943,C19orf12,29,-0.9624,69,0.38207,62,0.21594,52,-0.0656,49,-0.1502,79,0.60076,53,-0.0268,29,-0.9562,75,0.52291,45,-0.2787
ENSG00000105176,URI1,90,0.98597,48,-0.0613,27,-0.9382,46,-0.1226,49,-0.0184,58,0.25818,49,-0.0244,34,-0.5828,34,-0.5690,61,0.33073
ENSG00000198597,ZNF536,121,2.80839,40,0.60937,10,-1.4796,3,-3.2198,2,-3.5547,19,-0.5686,16,-0.8257,25,-0.1264,8,-1.7841,29,0.08748
ENSG00000121297,TSHZ3,4,-2.6006,25,0.20602,19,-0.2734,32,0.58668,33,0.63477,22,0.00048,31,0.53891,10,-1.2303,41,0.99548,6,-1.9220
ENSG00000168813,ZNF507,27,0.77631,10,-0.7225,21,0.36527,20,0.31856,24,0.58905,14,-0.2587,10,-0.8284,11,-0.6114,10,-0.7996,19,0.22954
ENSG00000178904,DPY19L3,36,0.91559,31,0.69861,3,-2.7762,10,-1.0879,19,-0.1277,11,-0.9765,16,-0.3943,35,0.88577,6,-1.8972,38,1.03358
ENSG00000105185,PDCD5,82,-0.6990,181,0.56404,131,0.02542,140,0.13421,124,-0.0623,185,0.59427,108,-0.2811,76,-0.8189,120,-0.1129,140,0.13197
ENSG00000105186,ANKRD27,10,-1.0874,32,0.73053,24,0.23520,15,-0.5179,26,0.35257,22,0.11233,20,-0.0906,11,-1.0082,21,-0.0081,27,0.41691
ENSG00000130881,LRP3,30,-0.4312,73,1.02526,23,-0.7964,22,-0.8958,33,-0.2849,23,-0.8510,28,-0.5222,45,0.23008,62,0.73240,55,0.53201
ENSG00000153879,CEBPG,6,-1.8871,19,-0.3090,29,0.35649,36,0.71721,23,0.01245,30,0.44806,24,0.09392,20,-0.2140,21,-0.1308,21,-0.1403
ENSG00000124299,PEPD,41,-0.6407,69,0.17711,70,0.20971,48,-0.3886,69,0.18363,71,0.21628,35,-0.8933,60,-0.0498,82,0.45293,73,0.26807
ENSG00000153885,KCTD15,27,0.53234,16,-0.3044,31,0.81156,7,-1.4916,7,-1.5521,2,-2.9061,11,-0.8730,30,0.72219,20,0.04768,41,1.27215
ENSG00000257103,LSM14A,93,0.85494,78,0.55237,47,-0.2548,31,-0.9007,53,-0.0747,39,-0.5613,35,-0.7302,46,-0.2891,64,0.21893,70,0.36391
ENSG00000105220,GPI,216,-1.4137,527,-0.0373,612,0.20454,805,0.65822,751,0.54127,608,0.19259,399,-0.4767,369,-0.5981,556,0.04779,552,0.03767
ENSG00000126261,UBA2,72,-0.4991,95,-0.0597,140,0.57740,80,-0.3331,102,0.05888,128,0.42321,47,-1.1476,71,-0.5083,105,0.09607,146,0.64172
ENSG00000089335,ZNF302,44,0.10779,68,0.83866,43,0.09249,28,-0.5799,33,-0.3315,31,-0.4265,29,-0.5196,41,0.00829,51,0.34244,40,-0.0198
ENSG00000089351,GRAMD1A,29,-0.0567,42,0.52299,33,0.13453,23,-0.3958,26,-0.2339,48,0.76446,17,-0.8754,23,-0.3873,22,-0.4525,37,0.34429
ENSG00000105711,SCN1B,28,-2.7324,174,-0.0079,96,-0.9238,363,1.23732,208,0.28104,205,0.25472,259,0.64628,97,-0.9195,179,0.03821,138,-0.3710
ENSG00000153902,LGI4,42,-0.3459,31,-0.8055,69,0.43801,48,-0.1570,36,-0.6180,54,0.02768,44,-0.3067,79,0.65122,28,-0.9663,98,1.02419
ENSG00000266964,FXYD1,132,-0.2222,163,0.11822,125,-0.3009,96,-0.7150,102,-0.6208,97,-0.7004,180,0.28264,272,0.97611,97,-0.6972,251,0.83424
ENSG00000221946,FXYD7,83,-1.5365,165,-0.4939,353,0.73357,362,0.77852,290,0.40614,267,0.27097,186,-0.3075,167,-0.4726,230,0.03020,156,-0.5845
ENSG00000105698,USF2,136,0.40151,74,-0.5564,90,-0.2500,92,-0.2153,115,0.13248,100,-0.0858,81,-0.4170,107,0.01676,81,-0.4116,181,0.88922
ENSG00000105695,MAG,792,4.82612,66,-0.7155,13,-3.1313,30,-1.9007,22,-2.3225,34,-1.6991,21,-2.4101,10,-3.4589,16,-2.7583,36,-1.6320
ENSG00000105677,TMEM147,73,0.08730,101,0.62408,88,0.39862,60,-0.2107,47,-0.6077,89,0.41330,66,-0.0657,66,-0.0770,43,-0.7300,56,-0.3158
ENSG00000126254,RBM42,60,0.50235,50,0.22561,34,-0.3762,39,-0.1904,53,0.29736,28,-0.6906,30,-0.6043,41,-0.0866,45,0.03792,58,0.44864
ENSG00000126267,COX6B1,255,-0.8365,443,0.02657,398,-0.1423,518,0.28098,448,0.04422,695,0.77148,375,-0.2357,291,-0.6339,468,0.11678,464,0.10210
ENSG00000272333,KMT2B,20,0.26617,28,0.80847,20,0.28604,19,0.16113,10,-0.8172,12,-0.5749,10,-0.7684,12,-0.4591,9,-0.8817,29,0.85965
ENSG00000161265,U2AF1L4,23,0.33127,16,-0.2745,27,0.57308,26,0.52712,18,-0.0519,27,0.58278,14,-0.4446,11,-0.8360,16,-0.2994,11,-0.8785
ENSG00000205155,PSENEN,29,-0.6171,59,0.48336,59,0.47049,40,-0.1578,47,0.10325,67,0.70120,35,-0.3690,40,-0.1522,35,-0.3552,28,-0.6921
ENSG00000267796,LIN37,26,0.15750,14,-0.7627,24,0.02261,15,-0.7274,25,0.08536,28,0.26205,17,-0.4778,14,-0.8005,35,0.64696,38,0.76552
ENSG00000004776,HSPB6,14,-0.1671,8,-0.9128,15,-0.0194,11,-0.5089,5,-1.4718,6,-1.2890,17,0.16418,27,0.97791,19,0.32494,29,1.06442
ENSG00000004777,ARHGAP33,41,0.34918,20,-0.7352,45,0.51777,38,0.23465,35,0.11908,27,-0.2963,26,-0.3308,36,0.13924,33,0.04078,25,-0.4104
ENSG00000105290,APLP1,1358,1.36054,423,-0.5781,1124,1.01847,499,-0.3212,557,-0.1498,522,-0.2505,375,-0.7671,291,-1.1516,567,-0.1195,398,-0.6717
ENSG00000126243,LRFN3,13,-0.6613,9,-1.2140,35,0.96024,33,0.86598,25,0.39536,12,-0.6734,19,-0.0556,20,0.07416,12,-0.6777,16,-0.2844
ENSG00000205138,SDHAF1,42,0.68698,11,-1.3959,51,1.02705,25,-0.1625,22,-0.3265,36,0.41224,22,-0.3465,12,-1.2926,29,0.05270,26,-0.0731
ENSG00000239382,ALKBH6,10,-1.7731,31,-0.0930,33,-0.0036,40,0.27410,69,1.22160,45,0.47601,31,-0.1297,25,-0.4331,29,-0.2075,20,-0.7920
ENSG00000105270,CLIP3,172,-0.8735,341,0.19519,316,0.07566,298,-0.0192,339,0.18892,332,0.15258,239,-0.3669,277,-0.1366,309,0.03621,394,0.43503
ENSG00000105258,POLR2I,277,0.55121,195,-0.0280,213,0.11801,198,0.00179,181,-0.1471,218,0.15696,173,-0.2126,186,-0.0971,150,-0.4378,188,-0.0788
ENSG00000105254,TBCB,424,0.95384,207,-0.2305,267,0.18014,254,0.09922,275,0.22261,242,0.01561,134,-0.8975,180,-0.4472,194,-0.3349,215,-0.1704
ENSG00000126247,CAPNS1,244,-0.3057,172,-0.8481,323,0.14468,390,0.44994,415,0.55369,405,0.51418,292,-0.0195,135,-1.2119,263,-0.1890,318,0.11903
ENSG00000161281,COX7A1,88,-0.7274,257,1.00704,99,-0.5488,138,-0.0285,265,1.06026,115,-0.3201,171,0.32043,99,-0.5498,67,-1.1480,106,-0.4386
ENSG00000167635,ZNF146,74,1.64887,29,0.01421,27,-0.0678,25,-0.2150,23,-0.3242,27,-0.0857,15,-0.9425,18,-0.6885,13,-1.2313,33,0.25236
ENSG00000186020,ZNF529,16,-0.9836,25,-0.2448,46,0.72824,11,-1.4297,36,0.30203,31,0.08082,25,-0.2698,27,-0.1290,47,0.73349,32,0.12117
ENSG00000171817,ZNF540,2,-3.5944,35,0.59205,43,0.94160,22,-0.1723,19,-0.4192,33,0.48368,17,-0.5192,14,-0.8965,21,-0.2470,39,0.74217
ENSG00000105738,SIPA1L3,14,-0.6419,17,-0.2961,30,0.59269,27,0.42268,14,-0.6507,35,0.85557,29,0.53661,26,0.36306,10,-1.1214,6,-1.7733
ENSG00000011332,DPF1,10,-2.2905,36,-0.4429,89,1.05536,70,0.63700,51,0.12744,36,-0.4283,49,0.06092,36,-0.4053,39,-0.2871,56,0.26890
ENSG00000167642,SPINT2,41,-2.3011,211,0.17493,234,0.33710,214,0.19243,179,-0.0920,230,0.31235,194,0.03487,142,-0.4535,253,0.47042,198,0.07000
ENSG00000167641,PPP1R14A,1111,5.15119,28,-2.4269,22,-2.7517,38,-1.9635,36,-2.0309,56,-1.3969,21,-2.8480,23,-2.7059,19,-2.9808,35,-2.1071
ENSG00000167645,YIF1B,63,0.44275,46,-0.0552,44,-0.1276,50,0.08977,37,-0.3735,83,0.91345,33,-0.5629,40,-0.2573,38,-0.3693,42,-0.2057
ENSG00000099341,PSMD8,86,-1.0643,179,0.07813,187,0.15033,195,0.21458,238,0.54594,177,0.06107,171,0.00431,92,-0.9575,189,0.16461,191,0.18285
ENSG00000130244,FAM98C,38,0.22521,40,0.28580,42,0.36930,30,-0.1347,27,-0.2894,31,-0.0927,19,-0.8660,20,-0.7740,18,-0.9119,65,1.13729
ENSG00000178982,EIF3K,195,-0.0467,226,0.19062,173,-0.2299,221,0.15619,271,0.49025,228,0.20675,164,-0.3182,154,-0.4137,230,0.22079,143,-0.5285
ENSG00000130402,ACTN4,222,0.77277,57,-1.3553,166,0.29145,182,0.44356,97,-0.5600,116,-0.2892,109,-0.3863,154,0.17121,105,-0.4333,179,0.41271
ENSG00000104823,ECH1,113,0.55334,87,0.12173,64,-0.3728,69,-0.2570,62,-0.4030,80,-0.0136,66,-0.3110,76,-0.0851,75,-0.1186,114,0.56701
ENSG00000104824,HNRNPL,49,-1.2500,159,0.60167,134,0.32112,70,-0.7022,115,0.07067,104,-0.0908,96,-0.2113,108,-0.0294,152,0.52690,113,0.04063
ENSG00000068903,SIRT2,522,2.09047,120,-0.4733,131,-0.3313,143,-0.1937,121,-0.4638,158,-0.0438,108,-0.6390,114,-0.5583,122,-0.4453,82,-1.0496
ENSG00000104835,SARS2,9,-0.9066,22,0.37430,30,0.89990,22,0.36684,19,0.15011,20,0.21446,16,-0.1712,12,-0.5417,10,-0.8905,14,-0.3560
ENSG00000128626,MRPS12,22,-0.6684,46,0.46085,50,0.61637,39,0.18046,40,0.25648,32,-0.1043,26,-0.4329,26,-0.4122,27,-0.3884,35,0.03857
ENSG00000161243,FBXO27,9,-1.0994,6,-1.5561,39,1.24045,22,0.26796,16,-0.2659,18,-0.0149,13,-0.5668,13,-0.5657,35,1.06525,14,-0.4246
ENSG00000128011,LRFN1,4,-2.2071,41,1.15572,26,0.42632,24,0.28215,11,-0.8824,20,0.00860,19,-0.0706,25,0.33908,10,-1.0631,21,0.03726
ENSG00000179134,SAMD4B,71,0.65399,45,-0.0739,59,0.35007,31,-0.6605,29,-0.7558,36,-0.4349,53,0.15522,81,0.88343,34,-0.5336,36,-0.4178
ENSG00000006712,PAF1,45,0.41395,56,0.78476,46,0.48300,23,-0.6246,32,-0.1377,30,-0.1984,38,0.13935,22,-0.6857,24,-0.5805,30,-0.2413
ENSG00000063322,MED29,47,-0.6566,72,0.00638,64,-0.1756,93,0.42951,66,-0.1143,93,0.42427,72,0.01375,80,0.18819,46,-0.6964,81,0.20870
ENSG00000105193,RPS16,1137,1.74517,378,-0.1624,313,-0.4594,270,-0.6857,345,-0.3059,249,-0.8089,417,-0.0044,355,-0.2637,322,-0.4124,399,-0.0764
ENSG00000196235,SUPT5H,93,0.37012,116,0.72876,63,-0.2621,63,-0.2536,95,0.39316,58,-0.3942,79,0.08888,59,-0.3537,56,-0.4381,61,-0.3125
ENSG00000105197,TIMM50,44,-0.3653,88,0.77109,75,0.48602,32,-0.8380,50,-0.1550,55,-0.0035,56,0.01341,41,-0.4812,67,0.31918,45,-0.3304
ENSG00000090932,DLL3,36,1.02861,34,0.90994,15,-0.4436,11,-0.8708,17,-0.2280,12,-0.7078,9,-1.1338,14,-0.5001,15,-0.3870,31,0.77772
ENSG00000176401,EID2B,8,-1.7796,39,0.70270,21,-0.3080,23,-0.1683,35,0.54426,34,0.48024,17,-0.6514,26,0.02564,39,0.70220,12,-1.1161
ENSG00000176396,EID2,19,-1.9349,99,0.57535,63,-0.1477,91,0.43667,99,0.57114,88,0.37146,49,-0.5477,40,-0.8586,90,0.42173,57,-0.3045
ENSG00000105204,DYRK1B,13,-0.8405,32,0.62996,32,0.61567,23,0.07842,17,-0.3670,23,0.05249,30,0.49986,24,0.15094,11,-1.0655,14,-0.6595
ENSG00000105202,FBL,101,1.62706,50,0.39280,40,0.00561,32,-0.3456,35,-0.1702,33,-0.2807,39,-0.0077,19,-1.0734,21,-0.9595,23,-0.8245
ENSG00000013275,PSMC4,44,-0.7188,91,0.42319,73,0.05917,81,0.22485,78,0.18114,109,0.72814,43,-0.7667,53,-0.4225,74,0.09813,54,-0.4147
ENSG00000130758,MAP3K10,32,-0.6332,69,0.57415,26,-0.9340,60,0.33822,50,0.06717,33,-0.5732,84,0.91534,51,0.07323,35,-0.5218,43,-0.1752
ENSG00000174521,TTC9B,75,-1.5472,254,0.35108,169,-0.3013,232,0.20472,352,0.90118,404,1.14628,183,-0.1775,101,-1.0935,145,-0.5421,131,-0.7018
ENSG00000105221,AKT2,83,1.56847,36,0.10349,25,-0.4384,33,-0.0007,30,-0.1686,29,-0.2199,21,-0.6940,23,-0.5964,17,-1.0608,37,0.14508
ENSG00000105223,PLD3,148,-1.9104,754,0.62366,629,0.32178,790,0.70240,656,0.39024,585,0.20354,440,-0.2507,336,-0.6726,441,-0.2497,379,-0.4865
ENSG00000090013,BLVRB,33,-0.3304,42,0.03645,57,0.51186,51,0.34536,42,0.04223,35,-0.2735,37,-0.1623,41,-0.0277,24,-0.8080,50,0.30803
ENSG00000160460,SPTBN4,30,-1.5023,94,0.27002,121,0.69240,133,0.84505,96,0.30686,90,0.20209,67,-0.2775,36,-1.2134,66,-0.2940,62,-0.3823
ENSG00000105245,NUMBL,31,-0.6052,43,-0.0886,76,0.83766,66,0.60207,66,0.62089,29,-0.7015,37,-0.3168,21,-1.1545,41,-0.1428,44,-0.0557
ENSG00000077312,SNRPA,27,-0.0884,37,0.45530,26,-0.1435,25,-0.1641,49,0.89327,24,-0.2577,18,-0.7067,26,-0.1268,23,-0.3327,28,-0.0274
ENSG00000167578,RAB4B,90,0.75092,53,-0.1137,36,-0.7113,61,0.11286,63,0.14771,67,0.26240,40,-0.5329,31,-0.9174,66,0.23914,62,0.13160
ENSG00000269858,EGLN2,87,0.63038,48,-0.3341,65,0.14740,51,-0.2225,61,0.06339,93,0.74670,44,-0.4759,41,-0.5770,46,-0.3788,55,-0.1239
ENSG00000167601,AXL,23,-0.0854,33,0.44820,15,-0.7628,9,-1.4379,8,-1.7458,20,-0.3551,26,0.10633,52,1.24415,13,-0.9298,48,1.08198
ENSG00000105323,HNRNPUL1,80,0.46230,58,-0.0504,59,-0.0345,60,-0.0046,59,-0.0243,36,-0.7981,63,0.07628,60,0.01114,58,-0.0650,68,0.19231
ENSG00000142046,TMEM91,13,-0.5240,35,1.08981,29,0.73655,11,-0.7786,13,-0.5566,21,0.26859,10,-0.9454,17,-0.1342,4,-2.0702,29,0.77145
ENSG00000077348,EXOSC5,29,0.03644,33,0.25345,34,0.29990,22,-0.3758,27,-0.1139,30,0.08531,21,-0.4999,12,-1.3136,34,0.28559,43,0.64543
ENSG00000248098,BCKDHA,33,-0.3388,44,0.11336,37,-0.1655,35,-0.2358,45,0.17948,47,0.23990,45,0.15613,50,0.33502,28,-0.5547,42,0.06931
ENSG00000105341,DMAC2,33,-0.1346,18,-1.0522,45,0.37151,36,0.03153,23,-0.6770,70,1.14119,29,-0.2962,23,-0.6386,24,-0.5857,53,0.65883
ENSG00000105372,RPS19,1399,1.79226,563,0.18137,450,-0.1786,296,-0.8289,323,-0.6956,262,-1.0142,388,-0.4128,459,-0.1468,494,-0.0289,398,-0.3700
ENSG00000105404,RABAC1,234,0.10671,191,-0.2210,223,0.02281,267,0.31932,309,0.56269,261,0.27811,192,-0.2142,134,-0.7723,170,-0.4035,213,-0.0449
ENSG00000105409,ATP1A3,103,-2.5870,801,0.55307,394,-0.5836,624,0.14092,627,0.14865,1148,1.17641,395,-0.5803,383,-0.6276,579,0.02174,660,0.23293
ENSG00000105737,GRIK5,34,-0.6951,50,-0.0682,60,0.21762,71,0.48605,41,-0.4087,54,0.05037,43,-0.3343,58,0.15745,38,-0.4904,77,0.62061
ENSG00000160570,DEDD2,25,-0.1843,26,-0.1244,38,0.49504,36,0.40443,30,0.11041,20,-0.5151,16,-0.8259,18,-0.6759,33,0.29788,37,0.44516
ENSG00000105723,GSK3A,83,-0.5861,128,0.08706,132,0.13418,143,0.26317,150,0.34619,122,0.00622,114,-0.0944,81,-0.6348,149,0.32957,111,-0.1423
ENSG00000105722,ERF,43,1.79310,2,-2.5340,36,1.44255,11,-0.4634,7,-1.1033,5,-1.5595,9,-0.7823,22,0.61388,8,-0.9501,7,-1.0554
ENSG00000079432,CIC,49,0.36334,43,0.15929,49,0.38209,25,-0.6746,22,-0.8770,42,0.13962,28,-0.5244,51,0.44744,21,-0.9388,58,0.65397
ENSG00000079462,PAFAH1B3,14,-1.1039,43,0.58991,43,0.59033,32,0.09008,28,-0.1251,26,-0.2115,20,-0.5894,26,-0.1929,30,0.00338,36,0.30793
ENSG00000167619,TMEM145,13,-1.3824,77,1.42092,41,0.34132,32,-0.0480,26,-0.3993,40,0.26530,36,0.10065,15,-1.2455,23,-0.5891,31,-0.1008
ENSG00000105429,MEGF8,60,0.00489,71,0.26940,48,-0.3410,113,1.05359,62,0.06173,40,-0.6264,46,-0.4024,40,-0.6206,69,0.23786,49,-0.3208
ENSG00000073050,XRCC1,22,0.15774,30,0.64550,17,-0.2718,12,-0.7397,28,0.49286,27,0.49035,14,-0.5749,13,-0.6598,15,-0.4113,23,0.19062
ENSG00000167378,IRGQ,26,-0.9793,69,0.55183,29,-0.8001,56,0.22047,82,0.84902,72,0.63583,41,-0.2614,29,-0.8001,39,-0.3615,46,-0.1061
ENSG00000124444,ZNF576,17,0.01717,13,-0.4582,24,0.53339,19,0.17119,23,0.49604,24,0.55649,14,-0.2868,16,-0.1044,17,-0.0281,4,-2.2370
ENSG00000131116,ZNF428,102,0.25607,66,-0.4354,107,0.33727,84,-0.0483,82,-0.0900,105,0.31093,67,-0.4115,87,-0.0016,68,-0.3780,100,0.23144
ENSG00000105767,CADM4,213,1.34607,106,0.15576,58,-0.7988,77,-0.3630,120,0.36084,106,0.14765,62,-0.6847,73,-0.4404,53,-0.9173,96,-0.0051
ENSG00000105771,SMG9,28,0.25810,13,-0.9515,30,0.32848,21,-0.1947,28,0.26123,41,0.86479,15,-0.7438,17,-0.5255,17,-0.5302,30,0.37994
ENSG00000167380,ZNF226,10,-1.1124,14,-0.6400,26,0.35508,23,0.15412,32,0.68978,30,0.59018,13,-0.6645,16,-0.4073,15,-0.4742,29,0.52619
ENSG00000073008,PVR,0,-6.9635,9,-0.8880,27,0.92682,9,-0.7578,28,0.93297,36,1.41471,11,-0.4761,13,-0.2668,14,-0.1872,8,-0.9200
ENSG00000130202,NECTIN2,23,0.50271,35,1.23479,10,-0.7374,10,-0.8036,4,-1.8921,4,-1.9860,9,-0.8601,23,0.53794,15,-0.1114,31,1.06072
ENSG00000130204,TOMM40,37,-0.7964,45,-0.4782,73,0.28505,89,0.59617,66,0.12673,88,0.58698,67,0.13714,35,-0.8533,56,-0.1415,57,-0.1090
ENSG00000130203,APOE,1415,1.02032,695,-0.1629,559,-0.5043,400,-1.0165,314,-1.3818,405,-0.9985,745,-0.0516,1547,1.17962,306,-1.4222,1307,0.88034
ENSG00000130208,APOC1,32,0.17724,30,0.04158,35,0.32289,22,-0.4338,17,-0.8237,22,-0.4147,21,-0.5114,52,0.95985,22,-0.4059,36,0.35380
ENSG00000104853,CLPTM1,83,-0.7990,125,-0.1736,155,0.17404,177,0.38305,123,-0.1976,183,0.44088,114,-0.3117,128,-0.1352,119,-0.2457,186,0.46832
ENSG00000104859,CLASRP,51,1.68260,19,-0.0143,30,0.75733,11,-0.8435,22,0.18902,10,-0.9625,7,-1.5680,7,-1.5712,19,-0.0396,16,-0.2494
ENSG00000142252,GEMIN7,20,0.24930,14,-0.3737,12,-0.6117,29,0.81670,23,0.45877,21,0.31566,14,-0.2964,11,-0.7338,16,-0.1526,14,-0.3059
ENSG00000007047,MARK4,19,-1.3057,49,0.18597,54,0.33502,31,-0.5501,62,0.55528,60,0.50039,65,0.64117,29,-0.6453,47,0.10882,23,-0.9577
ENSG00000104866,PPP1R37,28,-0.0699,30,0.04546,40,0.51078,29,-0.0043,38,0.42936,40,0.51823,18,-0.7162,31,0.06474,19,-0.6543,19,-0.6964
ENSG00000007255,TRAPPC6A,54,1.57720,19,-0.1743,13,-0.7520,18,-0.2517,18,-0.2635,19,-0.1696,18,-0.2497,18,-0.2358,12,-0.8749,24,0.16387
ENSG00000104884,ERCC2,23,0.44172,43,1.52110,20,0.21444,15,-0.2218,15,-0.2324,16,-0.1165,7,-1.3900,18,0.02567,3,-2.3431,14,-0.2992
ENSG00000012061,ERCC1,66,0.42444,40,-0.3644,62,0.30514,49,-0.0513,35,-0.5797,49,-0.0446,32,-0.6967,32,-0.7323,52,0.02410,91,0.96690
ENSG00000125744,RTN2,14,-1.7465,77,0.94268,36,-0.3163,39,-0.1727,54,0.35392,33,-0.4296,46,0.08598,26,-0.7738,51,0.25830,60,0.50179
ENSG00000125746,EML2,86,1.26381,19,-1.1274,22,-0.9066,29,-0.5364,21,-1.0195,87,1.28163,34,-0.2641,23,-0.9006,39,-0.0590,46,0.18297
ENSG00000125743,SNRPD2,163,-0.3527,334,0.82418,248,0.31892,169,-0.2893,242,0.28236,214,0.08066,148,-0.4947,164,-0.3427,217,0.10130,134,-0.6493
ENSG00000185800,DMWD,31,-0.9614,42,-0.4906,73,0.39048,51,-0.1949,56,-0.0570,73,0.38604,55,-0.0768,66,0.21088,50,-0.2166,79,0.51850
ENSG00000125755,SYMPK,59,0.83065,56,0.73334,39,0.13317,36,0.00155,21,-0.8034,28,-0.3674,35,-0.0301,26,-0.5066,35,-0.0159,22,-0.7609
ENSG00000170604,IRF2BP1,13,-0.6729,21,0.05952,18,-0.1981,33,0.78151,13,-0.6346,21,0.05767,12,-0.7806,13,-0.6951,25,0.33487,34,0.82099
ENSG00000176182,MYPOP,5,-3.0342,36,-0.0871,43,0.18906,29,-0.4113,62,0.78461,49,0.38796,54,0.54946,43,0.18925,26,-0.5922,36,-0.1014
ENSG00000104967,NOVA2,43,-0.3738,58,0.09104,84,0.69045,52,-0.0804,44,-0.3647,60,0.14147,37,-0.6111,45,-0.3226,85,0.70717,42,-0.4237
ENSG00000011485,PPP5C,59,-0.5631,102,0.29134,106,0.35443,111,0.42812,122,0.59167,100,0.26988,59,-0.5696,46,-0.9495,66,-0.3865,78,-0.1337
ENSG00000277531,PNMA8C,9,-3.1165,121,0.85745,85,0.27517,100,0.53026,110,0.69169,62,-0.2222,49,-0.5822,54,-0.4554,67,-0.1179,62,-0.2228
ENSG00000182013,PNMA8A,33,-2.9041,248,0.12528,326,0.57742,187,-0.3215,364,0.76363,362,0.75461,220,-0.0605,116,-1.0587,270,0.26892,164,-0.5214
ENSG00000204851,PNMA8B,96,-0.9763,204,0.19884,160,-0.1820,202,0.18259,341,1.07322,238,0.45357,163,-0.1574,118,-0.6649,111,-0.7525,167,-0.1201
ENSG00000160014,CALM3,356,-2.1150,1302,-0.1462,1900,0.46687,1625,0.20962,1756,0.33704,2295,0.78596,1601,0.18601,877,-0.7631,1421,-0.0064,1136,-0.3604
ENSG00000197380,DACT3,108,0.59969,95,0.39034,58,-0.4129,57,-0.4263,53,-0.5260,72,-0.0664,63,-0.2812,72,-0.0572,66,-0.2005,104,0.54362
ENSG00000090372,STRN4,33,-0.5880,38,-0.4118,72,0.63010,72,0.63735,57,0.25712,42,-0.2422,40,-0.3209,44,-0.1752,31,-0.6991,60,0.31697
ENSG00000181027,FKRP,15,-0.3067,13,-0.4706,30,0.80929,17,-0.0944,29,0.72384,20,0.12476,12,-0.5977,20,0.11120,16,-0.1613,10,-0.8764
ENSG00000042753,AP2S1,113,-1.1944,189,-0.4003,238,-0.0366,245,0.00832,379,0.72733,362,0.64695,211,-0.2285,165,-0.6152,221,-0.1571,316,0.41921
ENSG00000160007,ARHGAP35,74,-0.6723,122,0.10894,81,-0.5499,135,0.26367,149,0.43228,83,-0.5058,126,0.16214,109,-0.0794,111,-0.0504,153,0.47789
ENSG00000130748,TMEM160,101,-1.4728,266,0.02580,315,0.29748,274,0.07112,293,0.17900,296,0.19694,241,-0.1325,228,-0.2213,262,0.00192,344,0.44451
ENSG00000130749,ZC3H4,21,-0.1119,34,0.68830,30,0.45845,21,-0.0863,19,-0.2369,15,-0.6432,20,-0.1800,15,-0.5699,20,-0.1745,28,0.38316
ENSG00000142230,SAE1,56,-0.6799,74,-0.2406,67,-0.3982,109,0.37861,101,0.26546,122,0.56577,73,-0.2613,57,-0.6456,82,-0.0654,120,0.53916
ENSG00000257704,INAFM1,25,-1.1248,78,0.68218,47,-0.1523,49,-0.0818,57,0.17322,55,0.09349,40,-0.4068,30,-0.8471,71,0.51970,64,0.35041
ENSG00000105419,MEIS3,36,-0.8035,54,-0.1698,128,1.28161,58,-0.0412,66,0.16478,66,0.16414,25,-1.3166,54,-0.1504,60,-0.0068,51,-0.2512
ENSG00000118160,SLC8A2,23,-2.2380,70,-0.6010,219,1.28310,119,0.23085,107,0.05773,110,0.10136,67,-0.6602,77,-0.4626,107,0.05950,130,0.37965
ENSG00000105402,NAPA,114,-1.2043,212,-0.2480,337,0.49903,316,0.39327,328,0.45368,385,0.72220,225,-0.1580,140,-0.8910,175,-0.5530,250,0.01452
ENSG00000024422,EHD2,22,0.23972,7,-1.5224,20,0.09996,4,-2.1450,2,-3.0406,1,-4.3108,4,-2.2123,13,-0.5550,7,-1.4015,109,3.53480
ENSG00000105373,NOP53,252,1.94779,94,0.19660,57,-0.5894,50,-0.7855,55,-0.6543,44,-0.9911,68,-0.3334,77,-0.1389,48,-0.8539,90,0.12697
ENSG00000178980,SELENOW,1382,0.59613,919,-0.0711,1105,0.22517,1239,0.41430,947,-0.0227,1046,0.13636,901,-0.1024,617,-0.6958,747,-0.3971,705,-0.4880
ENSG00000105499,PLA2G4C,60,1.64774,32,0.54905,24,0.07270,12,-0.9336,14,-0.7068,30,0.45290,5,-2.0836,27,0.25071,13,-0.8068,10,-1.2529
ENSG00000105438,KDELR1,41,-0.0250,45,0.11048,49,0.24128,57,0.51146,48,0.22452,45,0.12838,27,-0.6916,31,-0.4517,36,-0.2436,39,-0.1136
ENSG00000105447,GRWD1,20,0.21618,33,1.02994,9,-1.0871,12,-0.5895,14,-0.3756,14,-0.3523,12,-0.6508,25,0.54875,17,-0.0665,22,0.31607
ENSG00000105443,CYTH2,37,-0.2953,38,-0.2555,42,-0.0965,75,0.86825,80,0.97984,54,0.32073,27,-0.7471,21,-1.1665,38,-0.2447,32,-0.5080
ENSG00000142235,LMTK3,19,-1.7722,76,0.31174,108,0.91692,53,-0.2599,74,0.27577,52,-0.2750,59,-0.0809,54,-0.2200,72,0.23818,55,-0.1983
ENSG00000063177,RPL18,1001,1.30824,535,0.23196,458,-0.0205,325,-0.5596,391,-0.2687,243,-1.0028,361,-0.3968,408,-0.2043,256,-0.9243,658,0.57373
ENSG00000063176,SPHK2,20,-0.0539,13,-0.6642,18,-0.2080,22,0.06376,20,-0.0866,18,-0.2194,34,0.82577,23,0.17167,18,-0.2420,21,0.03969
ENSG00000105516,DBP,15,-2.3112,102,0.66180,102,0.66229,56,-0.3079,80,0.26130,88,0.41373,58,-0.2487,57,-0.2730,57,-0.2900,66,-0.0453
ENSG00000063180,CA11,227,-0.0475,199,-0.2568,345,0.63369,209,-0.1796,188,-0.3441,255,0.13616,192,-0.3154,231,-0.0193,281,0.29351,214,-0.1411
ENSG00000087074,PPP1R15A,8,-1.0589,17,0.04804,16,-0.0330,26,0.73840,15,-0.0894,14,-0.2190,11,-0.6252,14,-0.2160,22,0.47655,20,0.32109
ENSG00000104805,NUCB1,99,-0.1086,123,0.23041,123,0.22564,115,0.12839,103,-0.0498,133,0.35811,83,-0.4003,74,-0.5656,75,-0.5523,137,0.40776
ENSG00000087088,BAX,22,0.55163,13,-0.3273,27,0.88410,10,-0.6214,12,-0.3621,20,0.35582,13,-0.2872,15,-0.1104,11,-0.5556,14,-0.1687
ENSG00000087086,FTL,4404,2.33891,848,-0.5776,971,-0.3655,627,-1.0409,637,-1.0149,699,-0.8743,744,-0.7792,1345,0.15241,917,-0.4553,1043,-0.2532
ENSG00000183207,RUVBL2,58,-0.0309,62,0.07039,61,0.05109,44,-0.4593,41,-0.5557,89,0.67836,47,-0.3694,54,-0.1483,65,0.15049,70,0.26909
ENSG00000104852,SNRNP70,333,2.05321,72,-0.6003,138,0.44290,77,-0.4948,89,-0.2629,96,-0.1482,52,-1.0914,65,-0.7467,68,-0.6891,63,-0.8049
ENSG00000104863,LIN7B,17,-1.5575,53,0.13832,59,0.31934,55,0.22084,62,0.39549,72,0.64774,24,-1.0516,37,-0.4073,59,0.33575,44,-0.1450
ENSG00000177380,PPFIA3,33,-1.5371,75,-0.2964,95,0.07497,102,0.19315,150,0.82790,96,0.08986,110,0.31195,99,0.14028,64,-0.5590,83,-0.1374
ENSG00000104888,SLC17A7,215,-1.9676,658,-0.2688,850,0.14083,1186,0.69205,1414,0.99618,992,0.39285,756,-0.0484,600,-0.4135,660,-0.2641,461,-0.8208
ENSG00000104872,PIH1D1,62,0.09010,51,-0.2144,65,0.16962,60,0.04923,69,0.26892,66,0.18627,62,0.09767,41,-0.5737,71,0.31236,38,-0.6679
ENSG00000142541,RPL13A,1852,1.69643,803,0.22322,590,-0.2704,382,-0.9416,464,-0.6435,386,-0.9280,518,-0.4726,804,0.22534,567,-0.3318,626,-0.1751
ENSG00000142534,RPS11,1225,1.39426,482,-0.1856,425,-0.3834,495,-0.1436,300,-0.9190,392,-0.5106,540,-0.0043,575,0.09567,383,-0.5433,599,0.16147
ENSG00000104870,FCGRT,63,2.14983,4,-2.1538,10,-0.9241,7,-1.4000,4,-2.1580,3,-2.6520,12,-0.7259,39,1.19902,9,-1.1745,37,1.12354
ENSG00000142546,NOSIP,82,0.78412,44,-0.2119,60,0.27643,60,0.26251,45,-0.1766,62,0.31333,35,-0.5732,42,-0.3100,28,-0.9326,50,-0.0312
ENSG00000126464,PRR12,11,-0.9661,20,-0.1112,23,0.08469,24,0.17006,23,0.08180,23,0.12427,26,0.30605,20,-0.1442,19,-0.1620,26,0.30465
ENSG00000126461,SCAF1,45,-0.3272,36,-0.6929,53,-0.0912,46,-0.2881,59,0.09072,52,-0.1218,55,-0.0134,48,-0.2416,80,0.59088,84,0.66284
ENSG00000126456,IRF3,46,1.01411,54,1.31114,29,0.23651,14,-0.8470,12,-1.1330,17,-0.5694,17,-0.5391,12,-1.1284,16,-0.6768,31,0.35472
ENSG00000126457,PRMT1,105,0.41046,95,0.23911,77,-0.1054,63,-0.4146,84,0.03935,87,0.08886,45,-0.9205,41,-1.0843,108,0.44179,115,0.55463
ENSG00000169169,CPT1C,51,-0.2993,60,-0.0379,52,-0.2778,77,0.36249,80,0.41558,59,-0.0675,51,-0.2928,45,-0.4989,83,0.47708,59,-0.0711
ENSG00000196961,AP2A1,57,-0.9951,96,-0.1999,135,0.34526,117,0.11739,139,0.39898,155,0.57995,125,0.22632,67,-0.7545,98,-0.1669,98,-0.1565
ENSG00000010361,FUZ,26,0.62578,24,0.49451,21,0.26210,11,-0.6898,23,0.38265,16,-0.1737,12,-0.6081,6,-1.7002,21,0.22254,19,0.06765
ENSG00000104973,MED25,17,-0.9523,44,0.51697,59,1.00483,24,-0.4352,34,0.12079,48,0.66172,26,-0.3053,30,-0.0810,23,-0.4862,13,-1.3442
ENSG00000104960,PTOV1,171,0.02981,172,0.03717,188,0.17926,156,-0.1188,203,0.30959,189,0.18979,122,-0.4968,99,-0.8224,166,-0.0153,213,0.38262
ENSG00000039650,PNKP,18,0.08132,26,0.66650,13,-0.4288,19,0.16172,22,0.37118,42,1.49362,8,-1.2131,14,-0.3822,7,-1.3476,5,-1.9472
ENSG00000204673,AKT1S1,53,0.86705,21,-0.5890,36,0.22502,22,-0.5567,38,0.32521,30,-0.0493,19,-0.7343,35,0.18271,15,-1.1310,42,0.49633
ENSG00000104946,TBC1D17,82,0.67192,46,-0.2643,70,0.42086,56,0.05335,50,-0.1160,51,-0.0941,28,-1.0043,38,-0.5352,43,-0.3437,76,0.55812
ENSG00000213024,NUP62,16,-0.5608,34,0.63252,22,-0.0651,26,0.17785,22,-0.0648,34,0.63634,12,-0.9692,24,0.10161,11,-1.0516,28,0.30838
ENSG00000105053,VRK3,29,0.29517,16,-0.6669,37,0.70631,44,0.99063,31,0.39132,19,-0.3729,12,-1.0340,23,-0.0872,20,-0.2874,10,-1.2549
ENSG00000105357,MYH14,60,2.01363,15,-0.3732,7,-1.5398,17,-0.1915,15,-0.3280,9,-1.0587,14,-0.4271,21,0.12400,2,-2.8941,30,0.72095
ENSG00000131398,KCNC3,0,-7.1588,26,0.61343,28,0.70403,35,1.11207,12,-0.6193,27,0.61718,12,-0.5699,17,-0.1377,11,-0.7100,12,-0.5846
ENSG00000131408,NR1H2,66,0.36087,48,-0.1451,53,-0.0046,62,0.26955,69,0.44228,55,0.06262,52,-0.0266,42,-0.3398,36,-0.6076,44,-0.2801
ENSG00000142530,FAM71E1,3,-2.7259,55,1.92925,21,0.20222,17,-0.1486,16,-0.2032,20,0.14058,6,-1.6048,11,-0.7526,7,-1.4042,27,0.63511
ENSG00000161671,EMC10,135,0.70363,75,-0.2462,105,0.28936,69,-0.3880,73,-0.3022,91,0.05125,74,-0.2643,81,-0.1307,74,-0.2810,103,0.25138
ENSG00000161677,JOSD2,129,1.97023,33,-0.3743,26,-0.7641,38,-0.1750,37,-0.2155,29,-0.5835,32,-0.4167,27,-0.7105,45,0.09273,27,-0.7001
ENSG00000204653,ASPDH,29,-0.7101,70,0.68084,35,-0.4163,45,-0.0511,89,1.09531,47,0.02289,50,0.11825,41,-0.1722,24,-1.0022,31,-0.6005
ENSG00000131409,LRRC4B,61,-0.5695,86,-0.0377,104,0.25520,86,-0.0412,89,0.01947,92,0.06375,93,0.08868,85,-0.0626,67,-0.4320,119,0.48954
ENSG00000105472,CLEC11A,25,0.51490,27,0.69308,13,-0.4548,20,0.16147,17,-0.1054,21,0.27075,9,-1.0162,18,0.00352,11,-0.7144,17,-0.0380
ENSG00000142549,IGLON5,3,-2.2736,30,1.01649,10,-0.6704,12,-0.3853,15,-0.0960,44,1.74372,11,-0.5916,11,-0.5754,11,-0.5266,12,-0.4476
ENSG00000105379,ETFB,203,1.06897,88,-0.3047,65,-0.7678,64,-0.7903,110,0.04065,83,-0.3962,127,0.27120,103,-0.0595,74,-0.5704,152,0.57710
ENSG00000105568,PPP2R1A,196,-1.4160,550,0.18249,431,-0.2086,1005,1.21037,509,0.05653,662,0.48670,312,-0.7094,364,-0.4739,445,-0.1556,438,-0.1837
ENSG00000130844,ZNF331,16,-0.8941,42,0.63321,56,1.09762,37,0.38887,25,-0.2463,34,0.25846,16,-0.9034,18,-0.6944,22,-0.4200,22,-0.4030
ENSG00000179820,MYADM,17,-0.8938,34,0.15685,43,0.50333,36,0.22853,55,0.93440,21,-0.6234,23,-0.4801,17,-0.9628,27,-0.2094,39,0.35326
ENSG00000126583,PRKCG,7,-3.9923,103,-0.1150,258,1.44114,136,0.32537,146,0.44667,130,0.24733,83,-0.4492,87,-0.3870,93,-0.2729,67,-0.7942
ENSG00000105605,CACNG7,23,-0.1758,69,1.71630,20,-0.3637,16,-0.6868,15,-0.7979,6,-2.1846,32,0.38169,18,-0.5324,31,0.30407,24,-0.0556
ENSG00000142408,CACNG8,41,-0.2309,35,-0.4607,60,0.39898,58,0.33906,51,0.13976,43,-0.1617,62,0.45456,53,0.17575,39,-0.3003,29,-0.7501
ENSG00000170906,NDUFA3,263,-0.5882,481,0.37331,476,0.35560,407,0.10245,342,-0.1783,386,0.01700,392,0.04082,313,-0.3174,345,-0.1643,417,0.14162
ENSG00000105619,TFPT,63,-0.1124,73,0.12202,57,-0.2678,64,-0.0815,99,0.62691,50,-0.4793,73,0.11565,53,-0.3844,84,0.34879,60,-0.1806
ENSG00000105618,PRPF31,76,0.88751,57,0.40559,60,0.50597,40,-0.1487,49,0.16212,31,-0.5594,26,-0.8032,32,-0.4778,37,-0.2647,33,-0.4603
ENSG00000088038,CNOT3,27,0.43477,30,0.60630,19,-0.0954,20,-0.0288,25,0.32676,16,-0.3984,18,-0.2379,15,-0.4470,13,-0.6656,22,0.08385
ENSG00000125505,MBOAT7,47,-1.9893,131,-0.4663,237,0.49029,252,0.59421,238,0.49344,220,0.36905,152,-0.2236,123,-0.5593,193,0.14919,162,-0.1291
ENSG00000170892,TSEN34,20,0.14590,40,1.31646,26,0.53838,14,-0.4131,20,0.13191,15,-0.2963,7,-1.3640,18,-0.0363,13,-0.5505,10,-0.8875
ENSG00000170889,RPS9,1242,2.15091,296,-0.3744,302,-0.3448,217,-0.8534,215,-0.8730,334,-0.1881,279,-0.4662,344,-0.1416,177,-1.1643,349,-0.1153
ENSG00000167614,TTYH1,500,0.73162,260,-0.3352,361,0.18706,235,-0.4945,155,-1.1272,222,-0.5765,296,-0.1282,476,0.64563,202,-0.7259,504,0.74348
ENSG00000167615,LENG8,126,2.08929,32,-0.3168,53,0.50775,21,-0.9247,24,-0.7580,25,-0.7167,24,-0.7588,37,-0.0950,18,-1.1637,30,-0.4077
ENSG00000125503,PPP1R12C,80,0.23361,71,0.04411,80,0.24196,53,-0.4166,66,-0.0771,52,-0.4622,82,0.27828,65,-0.1050,41,-0.8067,102,0.62923
ENSG00000105048,TNNT1,1,-3.2557,1,-3.1717,30,1.11081,6,-1.2673,2,-2.9866,4,-1.7601,19,0.37795,45,1.89789,14,-0.1566,28,1.01577
ENSG00000129990,SYT5,24,-2.7389,126,-0.2518,192,0.43240,284,1.10076,150,0.02603,173,0.25786,117,-0.3646,103,-0.5565,151,0.03860,154,0.06948
ENSG00000105063,PPP6R1,58,0.15150,43,-0.3118,47,-0.1946,76,0.58205,73,0.52994,44,-0.2895,37,-0.5576,65,0.33119,40,-0.4515,46,-0.2158
ENSG00000133265,HSPBP1,31,-1.3885,72,-0.0896,88,0.21589,76,-0.0046,90,0.25512,156,1.20203,51,-0.6388,74,-0.0488,53,-0.5737,74,-0.0485
ENSG00000160469,BRSK1,143,0.14081,143,0.14019,81,-0.7415,90,-0.5891,123,-0.0904,158,0.31112,189,0.60790,135,0.05093,124,-0.0881,121,-0.1268
ENSG00000108107,RPL28,2156,1.74014,733,-0.1321,566,-0.5374,662,-0.2930,576,-0.5093,506,-0.7091,670,-0.2727,706,-0.1908,567,-0.5339,818,0.04335
ENSG00000108106,UBE2S,50,-0.4136,72,0.15404,87,0.45328,73,0.17631,51,-0.3819,79,0.30989,59,-0.1647,45,-0.5960,72,0.16179,66,0.00883
ENSG00000187902,SHISA7,35,0.60815,9,-1.4437,46,1.06323,25,0.01885,18,-0.4878,16,-0.6054,13,-1.0003,21,-0.1895,24,-0.0113,35,0.60000
ENSG00000063241,ISOC2,49,0.01294,65,0.47402,57,0.26427,59,0.31633,42,-0.2467,38,-0.3722,34,-0.5795,39,-0.3339,57,0.25210,46,-0.0911
ENSG00000090971,NAT14,27,-1.3749,35,-0.9855,91,0.51513,95,0.58209,101,0.68463,84,0.38595,55,-0.2913,64,-0.0465,43,-0.6864,68,0.04552
ENSG00000218891,ZNF579,30,0.92834,13,-0.3902,16,-0.1485,13,-0.4054,14,-0.3517,15,-0.2353,21,0.29483,20,0.24132,19,0.15127,11,-0.6398
ENSG00000213015,ZNF580,57,0.33424,56,0.30067,61,0.44054,39,-0.2628,44,-0.0975,57,0.32691,44,-0.0927,34,-0.4760,37,-0.3431,35,-0.4402
ENSG00000173581,CCDC106,43,-0.5474,73,0.29773,66,0.12601,75,0.32658,65,0.09859,72,0.27522,68,0.16075,42,-0.5882,63,0.05192,43,-0.5331
ENSG00000063244,U2AF2,45,0.54208,31,-0.0338,40,0.35170,41,0.40182,38,0.28137,30,-0.0951,17,-0.9772,29,-0.1458,33,0.02972,16,-1.0507
ENSG00000063245,EPN1,137,-0.2842,153,-0.1100,181,0.16112,120,-0.4829,181,0.16043,154,-0.1002,137,-0.2836,192,0.26039,199,0.31749,183,0.17969
ENSG00000142409,ZNF787,17,0.15687,13,-0.3221,24,0.70195,4,-1.8340,14,-0.1782,10,-0.6332,16,0.04645,13,-0.2183,18,0.25435,25,0.79311
ENSG00000167685,ZNF444,58,1.17528,31,0.11685,33,0.22030,8,-1.8138,13,-1.1582,17,-0.8462,33,0.22734,25,-0.2463,23,-0.3455,46,0.77592
ENSG00000198046,ZNF667,10,-1.1116,28,0.50926,37,0.97810,23,0.18602,17,-0.2922,13,-0.6355,11,-0.8773,15,-0.4660,21,0.08592,28,0.50051
ENSG00000166770,ZNF667-AS1,38,-0.3834,49,0.02172,49,0.00963,52,0.11649,82,0.86871,43,-0.1902,30,-0.7717,59,0.30969,49,0.00833,35,-0.5191
ENSG00000268182,SMIM17,0,-4.9457,31,0.52912,15,-0.5784,21,-0.0927,45,1.15911,26,0.23874,16,-0.5224,17,-0.4083,31,0.52333,21,-0.1135
ENSG00000198300,PEG3,78,-1.7618,369,0.65454,360,0.61340,241,-0.0430,203,-0.3192,366,0.63864,160,-0.6873,185,-0.4626,318,0.40618,198,-0.3531
ENSG00000268205,AC005261.1,68,0.26599,73,0.38578,87,0.66761,48,-0.2966,45,-0.4047,74,0.39027,38,-0.6644,54,-0.1054,55,-0.0639,36,-0.7333
ENSG00000256060,TRAPPC2B,9,-0.7714,15,-0.0649,19,0.29629,37,1.43434,14,-0.1536,15,-0.0224,13,-0.2595,8,-0.9589,18,0.25518,7,-1.1927
ENSG00000186230,ZNF749,9,-1.0329,13,-0.4649,29,0.82250,23,0.47008,20,0.25268,29,0.81902,17,-0.0462,8,-1.1553,14,-0.2734,11,-0.6358
ENSG00000121413,ZSCAN18,101,-0.3744,188,0.62499,160,0.36120,126,-0.0268,183,0.58209,145,0.19406,80,-0.7386,92,-0.5306,114,-0.1930,94,-0.4817
ENSG00000198131,ZNF544,18,0.09909,16,-0.0632,24,0.56373,15,-0.1804,15,-0.1738,18,0.04573,8,-1.2073,16,-0.0776,14,-0.3534,27,0.70594
ENSG00000142396,ERVK3-1,17,-1.4789,72,0.79527,44,-0.0340,56,0.36929,59,0.45446,44,-0.0132,39,-0.2117,32,-0.5394,31,-0.5731,52,0.25732
ENSG00000283103,AC010642.2,35,-0.6711,57,0.09965,75,0.55484,62,0.22114,68,0.38106,39,-0.4909,40,-0.4454,52,-0.0555,49,-0.1311,59,0.14741
ENSG00000121410,A1BG,70,2.17269,8,-1.4436,26,0.39223,16,-0.4184,16,-0.4267,9,-1.2917,4,-2.3566,7,-1.6394,29,0.57130,22,0.09124
ENSG00000083845,RPS5,960,1.62942,342,-0.1473,340,-0.1543,195,-1.0165,306,-0.3194,260,-0.5775,302,-0.3398,310,-0.3033,301,-0.3488,433,0.23357
ENSG00000083807,SLC27A5,25,-0.3875,37,0.22423,32,-0.0336,28,-0.2254,38,0.26048,30,-0.1259,23,-0.5489,23,-0.5149,36,0.17432,51,0.75707
ENSG00000119574,ZBTB45,17,-0.1746,19,0.02511,17,-0.1761,26,0.51119,14,-0.5073,39,1.16712,13,-0.6192,12,-0.7615,21,0.14998,14,-0.5256
ENSG00000130726,TRIM28,100,0.35343,90,0.19466,113,0.55620,62,-0.4042,64,-0.3580,82,0.02961,51,-0.6896,57,-0.5276,65,-0.3179,117,0.61574
ENSG00000130724,CHMP2A,126,0.30689,169,0.80028,129,0.33998,130,0.35563,69,-0.6365,84,-0.3330,54,-1.0243,84,-0.3396,94,-0.1595,103,-0.0239
ENSG00000130725,UBE2M,156,-0.3201,144,-0.4405,181,-0.0844,226,0.27532,190,-0.0019,219,0.22641,210,0.15259,143,-0.4492,248,0.43054,188,-0.0183
ENSG00000099326,MZF1,18,-0.2749,30,0.56401,51,1.45678,16,-0.4721,22,0.03098,18,-0.3058,9,-1.2985,15,-0.5522,22,0.04309,14,-0.6497
ENSG00000247315,ZCCHC3,8,-1.4352,17,-0.3820,39,0.95498,16,-0.4910,34,0.73703,13,-0.8121,12,-0.9516,26,0.28464,19,-0.1757,33,0.69682
ENSG00000125841,NRSN2,34,-2.2219,139,-0.0970,146,-0.0172,174,0.26071,147,-0.0022,185,0.36388,179,0.30950,106,-0.5158,163,0.16109,203,0.52224
ENSG00000125826,RBCK1,60,1.68079,26,0.24535,15,-0.5805,15,-0.5813,17,-0.4360,19,-0.2590,18,-0.3815,22,-0.0342,13,-0.8116,19,-0.2432
ENSG00000125875,TBC1D20,38,0.12997,37,0.09587,29,-0.2687,42,0.31724,43,0.35709,33,-0.0764,19,-0.9061,30,-0.2156,21,-0.7875,54,0.73114
ENSG00000101266,CSNK2A1,60,-0.2050,61,-0.1604,68,0.00284,69,0.01355,74,0.13567,81,0.28533,74,0.13183,53,-0.3752,66,-0.0451,73,0.12289
ENSG00000271303,SRXN1,5,-2.4375,32,0.23032,29,0.03385,29,0.06630,31,0.16041,39,0.53955,27,-0.0640,22,-0.3875,30,0.09850,36,0.40249
ENSG00000125818,PSMF1,85,-0.1005,86,-0.0675,57,-0.7175,104,0.23525,114,0.38208,92,0.02390,64,-0.5359,63,-0.5680,136,0.67651,101,0.17680
ENSG00000101298,SNPH,37,-1.2465,89,0.08631,69,-0.3189,99,0.25594,127,0.68225,81,-0.0555,96,0.20711,74,-0.1942,79,-0.0885,89,0.09540
ENSG00000125775,SDCBP2,16,-0.7908,21,-0.3656,34,0.41016,35,0.47472,25,-0.0778,42,0.79165,24,-0.1441,21,-0.3563,23,-0.1769,21,-0.3421
ENSG00000088832,FKBP1A,76,-1.7242,133,-0.8954,562,1.49454,307,0.43145,201,-0.2542,180,-0.4284,163,-0.5809,183,-0.4007,233,-0.0186,319,0.49327
ENSG00000088833,NSFL1C,81,0.21684,46,-0.6722,66,-0.1141,62,-0.2176,69,-0.0446,100,0.56392,64,-0.1472,58,-0.3071,66,-0.1124,96,0.49045
ENSG00000198053,SIRPA,165,-0.9053,239,-0.3341,404,0.51614,338,0.22126,397,0.48755,390,0.45551,211,-0.5239,276,-0.1043,247,-0.2818,280,-0.0809
ENSG00000125834,STK35,17,-0.2854,12,-0.7773,22,0.17166,29,0.58702,28,0.53374,25,0.34622,15,-0.4914,14,-0.5110,5,-1.9816,34,0.84151
ENSG00000125835,SNRPB,44,-0.3138,97,0.97963,65,0.30082,53,-0.0218,72,0.47037,73,0.50390,25,-1.1734,24,-1.2296,47,-0.1961,37,-0.5827
ENSG00000101361,NOP56,43,-0.7800,140,1.12957,84,0.26122,74,0.06054,92,0.39979,51,-0.5294,40,-0.8960,51,-0.5322,75,0.07287,65,-0.1565
ENSG00000101365,IDH3B,37,-1.4138,94,0.02388,89,-0.0669,147,0.76113,121,0.43790,141,0.68623,51,-0.9260,48,-1.0082,108,0.24757,90,-0.0410
ENSG00000132635,PCED1A,47,0.83041,30,0.08212,29,0.05207,27,-0.0962,37,0.45394,24,-0.2781,19,-0.6266,15,-0.9183,22,-0.3568,32,0.20878
ENSG00000215305,VPS16,27,0.07996,15,-0.7969,36,0.54953,32,0.39748,32,0.39940,25,-0.0048,12,-1.1379,20,-0.3293,35,0.53966,18,-0.5320
ENSG00000132670,PTPRA,142,-0.2170,153,-0.1055,181,0.16493,201,0.34137,189,0.23909,191,0.25141,146,-0.1771,151,-0.1246,108,-0.6463,170,0.06258
ENSG00000125901,MRPS26,92,-0.1554,151,0.66122,108,0.10374,101,-0.0031,111,0.14494,99,-0.0277,71,-0.5580,76,-0.4441,98,-0.0531,104,0.05159
ENSG00000215251,FASTKD5,7,-1.8793,32,0.44951,30,0.35521,42,0.94094,17,-0.5465,31,0.38776,17,-0.4958,6,-2.0968,27,0.19812,31,0.42311
ENSG00000088899,LZTS3,39,-1.6610,84,-0.4927,173,0.67922,187,0.80716,90,-0.3787,79,-0.5741,109,-0.0804,91,-0.3589,128,0.18203,165,0.59972
ENSG00000198171,DDRGK1,78,-0.2686,63,-0.6120,177,1.08845,126,0.49613,67,-0.5120,60,-0.6881,55,-0.8054,78,-0.2741,119,0.40800,104,0.18253
ENSG00000125877,ITPA,34,0.29951,29,0.04013,30,0.05451,53,1.02109,23,-0.3462,27,-0.0748,15,-1.0148,15,-0.9932,40,0.53434,20,-0.5550
ENSG00000088854,C20orf194,49,0.10157,39,-0.2739,35,-0.4167,56,0.30376,65,0.54865,49,0.09918,58,0.35986,45,-0.0612,24,-1.0298,43,-0.1147
ENSG00000088812,ATRN,47,-0.7991,139,0.94714,104,0.45553,55,-0.5481,91,0.24783,88,0.19606,41,-1.0021,52,-0.6440,79,0.02244,87,0.16660
ENSG00000101220,C20orf27,33,-0.5102,53,0.23846,53,0.23538,43,-0.0829,48,0.07869,44,-0.0533,43,-0.0963,43,-0.0895,29,-0.7121,67,0.63525
ENSG00000125817,CENPB,322,3.25277,13,-2.3066,35,-0.8985,46,-0.4782,19,-1.7954,37,-0.7905,35,-0.8899,59,-0.0825,30,-1.1121,26,-1.3499
ENSG00000101224,CDC25B,63,1.42792,27,0.00612,22,-0.3341,29,0.12751,21,-0.3770,17,-0.7573,14,-1.0551,11,-1.3188,10,-1.4858,57,1.24257
ENSG00000125843,AP5S1,12,-0.4774,15,-0.0428,16,0.03236,21,0.48390,20,0.39821,16,0.03315,10,-0.6685,13,-0.3058,28,0.90664,6,-1.3348
ENSG00000088888,MAVS,57,2.12327,13,-0.4330,13,-0.4300,7,-1.2347,9,-0.9166,13,-0.3845,14,-0.3069,19,0.17463,11,-0.6195,14,-0.3305
ENSG00000125779,PANK2,16,-1.2837,49,0.41500,35,-0.1241,48,0.38087,48,0.37969,40,0.07111,49,0.42335,19,-1.0480,22,-0.8128,52,0.51991
ENSG00000101236,RNF24,18,-1.0245,38,0.11496,53,0.67126,40,0.20870,39,0.14393,22,-0.6994,33,-0.0868,24,-0.5806,49,0.53302,36,0.01457
ENSG00000088826,SMOX,60,2.14600,5,-1.8194,10,-0.8378,6,-1.5146,15,-0.3135,5,-1.9292,10,-0.8480,32,0.94038,10,-0.8544,25,0.57083
ENSG00000171867,PRNP,517,-1.0977,1062,0.02204,1529,0.62156,1368,0.43519,1370,0.43789,1279,0.32417,819,-0.3878,672,-0.6961,769,-0.4861,1087,0.05950
ENSG00000101265,RASSF2,450,4.24969,23,-1.6299,11,-2.6228,25,-1.4924,16,-2.1669,32,-1.1245,39,-0.8132,21,-1.7245,20,-1.8170,23,-1.5902
ENSG00000089057,SLC23A2,54,-0.5800,71,-0.1548,105,0.47856,80,0.03324,83,0.09478,110,0.54955,82,0.07790,50,-0.7078,60,-0.4115,88,0.18592
ENSG00000089063,TMEM230,137,0.54807,74,-0.4490,78,-0.3637,127,0.42178,137,0.55022,138,0.55439,64,-0.6524,74,-0.4327,111,0.20871,39,-1.4208
ENSG00000132646,PCNA,23,-0.3390,28,-0.0924,22,-0.4155,16,-0.9233,36,0.35569,59,1.16515,16,-0.8790,23,-0.4028,46,0.74836,22,-0.4157
ENSG00000101290,CDS2,69,-0.8044,168,0.60216,142,0.32629,110,-0.0889,140,0.30581,127,0.14788,93,-0.3505,69,-0.7987,124,0.10637,118,0.02544
ENSG00000125772,GPCPD1,31,-0.3319,28,-0.4634,42,0.16430,64,0.84246,35,-0.1549,40,0.07353,43,0.18069,24,-0.7334,29,-0.4215,46,0.30817
ENSG00000089199,CHGB,14,-4.4252,369,0.42852,375,0.45582,370,0.43526,507,0.97194,432,0.69382,176,-0.7426,118,-1.3528,244,-0.2347,228,-0.3462
ENSG00000088766,CRLS1,15,-1.0755,43,0.59644,39,0.44129,42,0.54157,27,-0.1825,34,0.21960,13,-1.2163,16,-0.9657,29,-0.0326,40,0.48523
ENSG00000125827,TMX4,43,-2.2662,158,-0.3010,213,0.16865,294,0.70423,292,0.69382,230,0.29594,189,-0.0221,145,-0.4347,196,0.03893,155,-0.3348
ENSG00000182621,PLCB1,17,-3.6018,163,-0.3035,290,0.63251,278,0.56004,240,0.31717,208,0.08616,158,-0.3534,127,-0.6918,322,0.80705,170,-0.2324
ENSG00000101333,PLCB4,0,-7.1558,10,-0.9241,40,1.37046,35,1.09821,18,0.04799,9,-1.0256,6,-1.4976,8,-1.1984,31,0.91670,21,0.24505
ENSG00000125869,LAMP5,11,-2.8053,43,-0.7588,280,2.56665,42,-0.7891,14,-2.3791,38,-0.9353,29,-1.3661,78,0.17062,60,-0.2536,107,0.68778
ENSG00000101349,PAK5,7,-2.1908,41,0.54292,62,1.26815,28,-0.0626,40,0.49456,35,0.29855,14,-1.0937,23,-0.3342,24,-0.2685,17,-0.8220
ENSG00000132639,SNAP25,366,-3.2339,2812,-0.1758,3309,0.08454,5005,0.77138,6750,1.30142,4640,0.64222,2274,-0.5088,1638,-1.0131,2575,-0.3144,2027,-0.6871
ENSG00000125863,MKKS,21,-1.4838,52,-0.1373,73,0.41646,58,0.04813,78,0.52609,67,0.25748,54,-0.0897,37,-0.6777,79,0.53103,48,-0.2612
ENSG00000132640,BTBD3,125,0.12911,78,-0.6228,228,1.14327,145,0.36599,50,-1.2898,67,-0.8372,105,-0.1518,99,-0.2503,156,0.48724,103,-0.1873
ENSG00000089048,ESF1,28,0.37476,30,0.45796,20,-0.2017,11,-1.0055,13,-0.8245,10,-1.1613,16,-0.4859,26,0.25414,46,1.19514,23,0.02283
ENSG00000101247,NDUFAF5,15,-1.2675,43,0.38041,30,-0.1519,52,0.73035,31,-0.1153,56,0.82613,28,-0.2574,14,-1.3382,28,-0.2613,38,0.20281
ENSG00000172264,MACROD2,3,-2.8336,24,0.27943,16,-0.3669,10,-1.0935,32,0.77083,45,1.37493,13,-0.7103,18,-0.1555,17,-0.2841,23,0.24017
ENSG00000125848,FLRT3,0,-7.3992,24,0.21894,23,0.11791,40,1.05897,32,0.65748,41,1.07427,17,-0.3572,9,-1.2675,13,-0.7422,13,-0.6930
ENSG00000125870,SNRPB2,45,-0.3478,76,0.50073,66,0.27271,47,-0.2870,67,0.28873,56,0.00076,47,-0.2726,42,-0.4588,61,0.13407,53,-0.0857
ENSG00000125851,PCSK2,2,-5.5164,123,0.09627,231,1.16264,169,0.62547,90,-0.3958,107,-0.1240,88,-0.4289,65,-0.8953,165,0.58294,116,0.00310
ENSG00000125868,DSTN,230,-1.2016,648,0.42196,509,0.02802,677,0.49334,464,-0.1188,604,0.30726,446,-0.1810,311,-0.7420,534,0.10479,577,0.23083
ENSG00000125844,RRBP1,100,2.84938,5,-2.2383,12,-0.8817,7,-1.6911,11,-1.1066,30,0.48250,14,-0.7009,25,0.16901,9,-1.4009,9,-1.2946
ENSG00000089006,SNX5,85,0.87176,47,-0.0990,52,0.05465,31,-0.7397,42,-0.2698,60,0.29849,40,-0.3457,49,-0.0313,29,-0.8405,65,0.42359
ENSG00000232838,PET117,20,-0.1378,33,0.62538,21,-0.0716,20,-0.1655,25,0.19487,23,0.04204,27,0.32599,14,-0.7250,25,0.22318,13,-0.7828
ENSG00000149474,KAT14,21,-0.5976,36,0.23354,42,0.50148,33,0.09878,44,0.54770,42,0.49823,25,-0.3114,17,-0.9191,29,-0.0858,20,-0.6534
ENSG00000132664,POLR3F,19,-0.4210,36,0.62090,17,-0.5643,39,0.76675,23,-0.0859,11,-1.2022,12,-1.0978,18,-0.4971,26,0.11405,44,0.96326
ENSG00000101310,SEC23B,28,-0.3070,43,0.35230,54,0.72042,29,-0.2650,37,0.11586,61,0.93788,14,-1.3381,19,-0.9065,31,-0.1577,28,-0.3074
ENSG00000232388,SMIM26,72,-0.2737,97,0.19308,103,0.29537,78,-0.1523,71,-0.2903,176,1.21352,78,-0.1582,52,-0.7898,47,-0.9194,84,-0.0381
ENSG00000125821,DTD1,21,-1.2573,110,1.37283,64,0.42997,52,0.10762,41,-0.2734,70,0.59743,37,-0.4420,23,-1.1748,40,-0.3260,31,-0.7251
ENSG00000185052,SLC24A3,3,-2.5265,28,0.69523,25,0.53032,9,-1.0302,3,-2.5766,20,0.15016,17,-0.1037,26,0.57844,11,-0.7541,39,1.28319
ENSG00000132669,RIN2,33,1.00628,15,-0.2308,13,-0.4802,6,-1.5243,6,-1.6890,11,-0.6857,20,0.20210,33,0.99070,13,-0.4533,27,0.69995
ENSG00000173418,NAA20,36,-1.4658,120,0.38573,109,0.22710,125,0.45084,104,0.14653,141,0.65800,66,-0.5646,68,-0.5297,98,0.04697,80,-0.2651
ENSG00000101343,CRNKL1,8,-1.1698,4,-2.0010,25,0.49436,26,0.57035,21,0.27366,16,-0.1526,14,-0.3771,16,-0.1363,23,0.40567,26,0.56010
ENSG00000088970,KIZ,35,0.99227,16,-0.2604,12,-0.6823,18,-0.0949,19,0.02194,25,0.42269,4,-2.1727,16,-0.2210,13,-0.5755,31,0.81621
ENSG00000088930,XRN2,21,-0.3120,38,0.66831,37,0.61400,19,-0.4669,29,0.21578,24,-0.0571,14,-0.8699,28,0.15861,26,0.01817,17,-0.5964
ENSG00000125812,GZF1,18,-0.6546,48,0.86751,21,-0.4269,34,0.27139,24,-0.2412,28,-0.0235,24,-0.2455,28,-0.0100,28,-0.0152,29,0.03716
ENSG00000125814,NAPB,141,-2.0027,733,0.55506,493,-0.0910,774,0.64707,952,1.00294,658,0.37610,493,-0.0920,282,-0.9582,466,-0.1822,230,-1.2655
ENSG00000101439,CST3,2561,0.21342,2593,0.23401,1885,-0.2766,1294,-0.8605,1155,-1.0330,1062,-1.1601,2938,0.43925,4280,1.08492,1424,-0.7126,3245,0.60528
ENSG00000101463,SYNDIG1,60,-0.0462,73,0.25697,78,0.36983,89,0.59208,68,0.14488,74,0.29358,65,0.07416,23,-1.5104,63,0.02541,27,-1.2890
ENSG00000101474,APMAP,52,-1.3817,188,0.63734,183,0.59368,164,0.40849,160,0.36846,174,0.51288,95,-0.4543,87,-0.5978,81,-0.7116,90,-0.5533
ENSG00000154930,ACSS1,85,1.37881,55,0.61726,14,-1.5003,19,-1.0340,14,-1.4713,13,-1.6308,35,-0.1096,67,0.94365,26,-0.5926,49,0.42381
ENSG00000197586,ENTPD6,71,-1.1425,118,-0.3660,215,0.60715,202,0.50140,223,0.66652,154,0.05347,123,-0.2960,104,-0.5653,137,-0.1314,139,-0.1019
ENSG00000100994,PYGB,119,0.38029,103,0.14338,89,-0.0948,88,-0.1137,72,-0.4174,134,0.57615,52,-0.9116,105,0.17676,78,-0.2948,102,0.11885
ENSG00000100997,ABHD12,116,0.04389,127,0.19036,148,0.43335,86,-0.4360,154,0.50561,131,0.23676,110,-0.0510,94,-0.2862,93,-0.3183,72,-0.6970
ENSG00000101294,HM13,67,0.04869,84,0.42150,64,-0.0092,95,0.63490,71,0.14516,61,-0.1033,50,-0.3979,40,-0.7405,52,-0.3309,62,-0.0593
ENSG00000125968,ID1,70,1.78923,29,0.24791,10,-1.4045,9,-1.4439,7,-1.8434,4,-2.7099,10,-1.3306,51,1.21839,2,-3.3216,55,1.35224
ENSG00000171552,BCL2L1,55,-0.1597,82,0.49672,44,-0.4989,58,-0.0677,60,-0.0217,88,0.59929,76,0.35663,42,-0.5641,35,-0.8362,66,0.14627
ENSG00000088356,PDRG1,33,0.74038,22,0.06799,16,-0.3849,28,0.43831,20,-0.0551,20,-0.0667,10,-1.1678,21,0.02021,25,0.25209,15,-0.5166
ENSG00000101337,TM9SF4,32,-0.6651,28,-0.8456,71,0.61405,51,0.06500,51,0.09086,55,0.19782,45,-0.1120,31,-0.6799,47,-0.0657,75,0.71126
ENSG00000101350,KIF3B,41,-1.3228,178,1.00936,166,0.88681,84,-0.2344,84,-0.2262,96,-0.0196,94,-0.0479,85,-0.2082,94,-0.0533,49,-1.0504
ENSG00000171456,ASXL1,51,1.07802,39,0.60946,23,-0.2452,29,0.12590,28,0.06126,22,-0.3350,17,-0.7270,11,-1.3193,31,0.21518,18,-0.6391
ENSG00000197183,NOL4L,53,1.26238,13,-0.9490,21,-0.2921,16,-0.6842,22,-0.2272,38,0.67565,14,-0.8451,23,-0.1498,37,0.64890,13,-1.0131
ENSG00000149600,COMMD7,56,-0.1479,74,0.30578,58,-0.0790,49,-0.3398,53,-0.2271,81,0.45065,58,-0.0745,48,-0.3863,64,0.06854,71,0.23344
ENSG00000101367,MAPRE1,71,1.83588,34,0.52874,17,-0.6093,7,-1.8820,8,-1.6065,31,0.38475,21,-0.2293,22,-0.1807,5,-2.2948,30,0.30640
ENSG00000260257,AL035071.1,34,0.57849,28,0.26857,11,-1.1433,17,-0.5421,19,-0.3757,25,0.08407,31,0.42794,15,-0.6878,26,0.11623,32,0.48466
ENSG00000101391,CDK5RAP1,22,0.18625,16,-0.2938,29,0.69630,18,-0.1072,27,0.55603,22,0.20039,17,-0.2056,11,-0.8735,11,-0.8752,20,0.04399
ENSG00000101400,SNTA1,122,0.21510,115,0.11728,73,-0.5943,63,-0.8222,68,-0.7022,72,-0.6111,112,0.08374,192,0.97685,90,-0.2639,159,0.65953
ENSG00000078699,CBFA2T2,47,0.73860,39,0.46066,33,0.17139,27,-0.1684,29,-0.0461,21,-0.5274,39,0.43692,11,-1.4928,28,-0.1005,23,-0.3845
ENSG00000125967,NECAB3,15,-1.8160,60,0.27842,42,-0.2644,96,1.08002,50,-0.0155,59,0.25483,57,0.20474,22,-1.2431,33,-0.6564,68,0.49602
ENSG00000101421,CHMP4B,83,-0.8707,171,0.25796,143,-0.0299,239,0.81509,155,0.09346,116,-0.3603,93,-0.6965,137,-0.0946,187,0.40709,133,-0.1452
ENSG00000125970,RALY,110,1.13945,64,0.21288,50,-0.1680,54,-0.0397,59,0.08043,52,-0.0991,50,-0.1861,41,-0.4672,39,-0.5476,38,-0.5930
ENSG00000125977,EIF2S2,75,-0.2479,80,-0.1409,91,0.06244,78,-0.1891,129,0.62633,97,0.15079,100,0.21211,67,-0.4164,91,0.05828,70,-0.3666
ENSG00000101444,AHCY,24,-0.7130,37,-0.0741,59,0.70142,47,0.33165,41,0.11854,35,-0.1311,34,-0.2051,26,-0.5960,37,-0.0651,43,0.20023
ENSG00000078747,ITCH,18,-0.6621,35,0.34769,40,0.55590,31,0.16450,25,-0.1612,13,-1.2187,8,-1.8573,25,-0.2067,41,0.63393,45,0.76450
ENSG00000125971,DYNLRB1,162,-1.2148,402,0.19950,441,0.34929,398,0.18321,474,0.46845,438,0.33632,271,-0.4279,263,-0.4730,450,0.38092,256,-0.5167
ENSG00000101460,MAP1LC3A,217,-0.4199,299,0.08904,249,-0.2061,367,0.42370,355,0.36655,419,0.64410,293,0.05431,172,-0.7801,219,-0.4027,241,-0.2570
ENSG00000101464,PIGU,39,1.06944,11,-0.9906,24,0.28226,17,-0.2618,12,-0.7906,29,0.54244,14,-0.6093,15,-0.4732,15,-0.4727,29,0.53106
ENSG00000198646,NCOA6,49,0.90609,29,0.02656,37,0.42030,32,0.19575,34,0.29027,16,-0.8726,17,-0.8001,21,-0.4287,29,0.06470,19,-0.6416
ENSG00000078804,TP53INP2,1123,5.28725,49,-1.5727,21,-2.8455,28,-2.4108,30,-2.3196,21,-2.7950,41,-1.8523,28,-2.4108,17,-3.1133,20,-2.8590
ENSG00000131067,GGT7,32,-0.7236,54,0.09237,75,0.62634,42,-0.2831,86,0.86337,55,0.11404,55,0.14106,36,-0.5365,32,-0.6984,41,-0.3324
ENSG00000131069,ACSS2,47,1.25377,8,-1.5485,11,-1.0332,16,-0.4912,47,1.25916,39,0.95277,13,-0.8471,11,-0.9856,8,-1.5056,20,-0.1131
ENSG00000100983,GSS,31,0.03218,30,-0.0598,38,0.33762,37,0.28485,41,0.46393,34,0.15749,15,-1.1358,24,-0.3531,33,0.13451,24,-0.3678
ENSG00000100991,TRPC4AP,69,0.37553,89,0.79099,54,-0.0094,61,0.17929,55,0.01817,69,0.38526,46,-0.2713,31,-0.8695,43,-0.3700,29,-0.9912
ENSG00000126005,MMP24OS,58,-0.9597,126,0.26998,113,0.09430,68,-0.7150,150,0.55432,149,0.54524,112,0.07870,82,-0.4246,113,0.09038,98,-0.1446
ENSG00000125966,MMP24,2,-3.0625,8,-0.8663,23,0.71305,13,-0.1823,20,0.43734,24,0.74697,21,0.51765,11,-0.4392,14,-0.1221,14,-0.1226
ENSG00000242372,EIF6,69,0.19302,52,-0.2572,78,0.39875,69,0.20240,61,-0.0005,73,0.29106,29,-1.1646,39,-0.7122,61,-0.0062,80,0.44172
ENSG00000101019,UQCC1,42,-0.1072,24,-0.9730,58,0.42083,61,0.49660,48,0.10834,84,1.05230,26,-0.8491,18,-1.3569,53,0.26918,34,-0.4356
ENSG00000125991,ERGIC3,100,0.57816,85,0.31769,71,0.02869,68,-0.0562,82,0.24800,96,0.51104,49,-0.5453,68,-0.0450,45,-0.7000,37,-1.0045
ENSG00000214078,CPNE1,33,-0.4780,60,0.46428,55,0.32200,41,-0.1530,25,-0.9035,57,0.38899,37,-0.3046,30,-0.6421,63,0.56614,48,0.10960
ENSG00000244462,RBM12,23,-0.4072,45,0.65744,22,-0.4826,30,-0.0277,28,-0.0902,40,0.45495,19,-0.7089,22,-0.5169,48,0.76229,24,-0.3407
ENSG00000244005,NFS1,19,-0.9267,36,0.03480,45,0.36916,36,0.00832,41,0.22860,61,0.88125,38,0.12892,23,-0.6643,38,0.10949,18,-1.0601
ENSG00000125995,ROMO1,140,0.31595,86,-0.4485,107,-0.1120,141,0.33577,100,-0.2224,147,0.40397,86,-0.4498,88,-0.4109,102,-0.1862,150,0.43446
ENSG00000131051,RBM39,185,0.77435,125,0.12096,160,0.52730,91,-0.3788,120,0.05455,87,-0.4437,69,-0.8076,91,-0.3816,94,-0.3194,135,0.25028
ENSG00000025293,PHF20,41,-0.1543,58,0.41485,57,0.37966,28,-0.7094,56,0.34650,45,0.00458,37,-0.3073,31,-0.5564,56,0.34995,40,-0.1763
ENSG00000171222,SCAND1,100,-0.3759,170,0.48059,132,0.06482,131,0.05557,152,0.30040,133,0.07638,129,0.02867,113,-0.1758,107,-0.2683,99,-0.3889
ENSG00000260032,NORAD,647,-0.4261,724,-0.2488,1081,0.39589,860,0.02352,831,-0.0311,1097,0.42060,764,-0.1656,618,-0.4972,1026,0.31081,824,-0.0436
ENSG00000088367,EPB41L1,137,-0.3620,203,0.26549,156,-0.1537,155,-0.1685,177,0.04666,161,-0.1099,152,-0.2017,198,0.22535,217,0.37811,166,-0.0605
ENSG00000080845,DLGAP4,57,-0.6284,81,-0.0861,101,0.25981,74,-0.2373,100,0.24354,60,-0.5438,95,0.17168,92,0.11159,115,0.48531,81,-0.0895
ENSG00000101335,MYL9,75,1.05533,9,-2.1914,1,-4.5636,0,-8.0094,0,-9.3979,0,-8.1605,1,-4.5110,25,-0.7005,0,-8.0192,288,4.48790
ENSG00000101084,RAB5IF,51,-0.7168,84,0.07547,100,0.36040,76,-0.0867,113,0.55604,93,0.23217,66,-0.2995,52,-0.6676,90,0.18869,77,-0.0674
ENSG00000101079,NDRG3,79,-1.4826,221,0.11437,265,0.40966,267,0.41702,266,0.41369,306,0.64654,143,-0.5739,123,-0.8050,209,0.02433,183,-0.1905
ENSG00000149639,SOGA1,55,1.56205,48,1.30488,31,0.56106,12,-0.8872,6,-1.8731,14,-0.7177,12,-0.8559,19,-0.2252,10,-1.1575,12,-0.9257
ENSG00000101347,SAMHD1,41,0.54817,13,-1.2419,32,0.11985,24,-0.3458,32,0.14634,25,-0.2354,21,-0.4906,43,0.61430,15,-0.9794,47,0.77217
ENSG00000118705,RPN2,74,-0.0922,95,0.30279,68,-0.2243,63,-0.3465,63,-0.3357,90,0.21585,52,-0.6525,70,-0.1906,72,-0.1337,138,0.94243
ENSG00000101363,MANBAL,38,-1.1137,100,0.39692,76,-0.0341,144,1.02273,95,0.32603,68,-0.2188,56,-0.5302,51,-0.6626,48,-0.7417,104,0.46187
ENSG00000197122,SRC,16,-0.0336,7,-1.2708,22,0.47194,17,0.09164,10,-0.6869,10,-0.7236,13,-0.3026,15,-0.1054,23,0.53115,29,0.94745
ENSG00000166619,BLCAP,63,-1.7649,251,0.36038,253,0.37189,309,0.70639,187,-0.1200,277,0.51820,199,-0.0206,136,-0.6116,145,-0.5141,192,-0.0720
ENSG00000053438,NNAT,36,-2.1820,112,-0.4848,312,1.20978,161,0.08887,197,0.41758,251,0.82502,107,-0.5510,93,-0.7644,150,-0.0215,104,-0.6032
ENSG00000132792,CTNNBL1,21,-0.0283,16,-0.4746,28,0.42290,35,0.79038,22,0.03335,26,0.29743,13,-0.7007,17,-0.3639,18,-0.2273,18,-0.2679
ENSG00000132821,VSTM2L,9,-4.0301,102,-0.4903,266,1.08525,200,0.59229,92,-0.6519,238,0.89133,159,0.21444,94,-0.6182,124,-0.1802,108,-0.3979
ENSG00000101407,TTI1,5,-1.4392,16,0.11862,19,0.44216,19,0.40978,11,-0.4637,22,0.62454,20,0.49554,13,-0.2326,17,0.21634,5,-1.5629
ENSG00000101413,RPRD1B,22,-0.1175,34,0.59534,32,0.45420,37,0.71579,23,-0.0327,20,-0.3043,18,-0.4389,20,-0.2897,19,-0.3519,13,-0.8721
ENSG00000170471,RALGAPB,24,-0.4647,37,0.19841,28,-0.2773,40,0.31777,48,0.61859,35,0.10256,26,-0.3785,24,-0.5014,21,-0.6629,45,0.51945
ENSG00000101438,SLC32A1,1,-5.2081,144,1.70556,28,-1.0172,33,-0.7689,30,-0.9238,86,0.77240,46,-0.2349,29,-0.9728,52,-0.0534,90,0.84473
ENSG00000101445,PPP1R16B,122,0.86282,71,-0.0199,77,0.09401,45,-0.7320,67,-0.1102,37,-1.0481,93,0.40972,79,0.13197,63,-0.2106,69,-0.0763
ENSG00000204103,MAFB,8,-2.2716,105,1.85982,31,-0.2597,21,-0.8679,6,-2.5128,77,1.27350,29,-0.3374,22,-0.7825,29,-0.3542,34,-0.0735
ENSG00000198900,TOP1,10,-2.3467,44,-0.1484,75,0.72592,29,-0.8079,59,0.31784,75,0.71838,49,0.03276,39,-0.3149,47,-0.0426,56,0.22514
ENSG00000124181,PLCG1,36,0.33054,29,-0.0039,42,0.56491,25,-0.2508,27,-0.1128,30,0.03446,19,-0.6606,29,-0.0006,15,-0.9886,40,0.51569
ENSG00000174306,ZHX3,42,0.17161,42,0.18114,32,-0.2201,20,-0.9275,24,-0.7040,47,0.38294,32,-0.2568,37,-0.0184,44,0.26295,53,0.58238
ENSG00000124177,CHD6,28,-0.6218,58,0.54189,41,-0.0135,41,-0.0117,71,0.88010,33,-0.3694,30,-0.4842,33,-0.3557,38,-0.1214,41,-0.0020
ENSG00000196090,PTPRT,4,-4.0884,129,0.87862,33,-1.2695,85,0.19378,162,1.28755,106,0.54975,62,-0.3122,51,-0.6237,65,-0.2327,59,-0.3929
ENSG00000124193,SRSF6,100,0.93618,49,-0.2271,77,0.49941,45,-0.3564,53,-0.1019,51,-0.1743,33,-0.8131,46,-0.3211,54,-0.0691,58,0.03169
ENSG00000101052,IFT52,31,0.89781,27,0.64908,15,-0.2474,13,-0.4982,15,-0.2452,8,-1.1345,15,-0.2686,12,-0.6140,22,0.32745,20,0.20042
ENSG00000124191,TOX2,1,-3.7081,43,1.32128,13,-0.6403,23,0.28238,24,0.33746,32,0.80331,17,-0.1864,14,-0.5078,16,-0.2833,11,-0.8499
ENSG00000132823,OSER1,21,-0.5764,47,0.74422,27,-0.1957,25,-0.3022,28,-0.1088,39,0.40377,16,-0.9371,21,-0.5879,24,-0.3770,54,0.96835
ENSG00000223891,OSER1-DT,15,-0.3173,22,0.28899,19,0.02915,15,-0.2922,16,-0.2276,22,0.26112,19,0.04789,25,0.45083,19,-0.0007,14,-0.4634
ENSG00000124194,GDAP1L1,8,-2.7750,81,0.63691,69,0.37758,54,-0.0088,82,0.66382,74,0.49044,40,-0.4943,40,-0.5082,53,-0.0623,46,-0.2645
ENSG00000197296,FITM2,10,-1.5439,33,0.34965,33,0.35398,26,-0.0716,38,0.55466,35,0.42012,17,-0.6714,26,-0.0532,28,0.08556,22,-0.3118
ENSG00000124120,TTPAL,6,-2.0213,14,-0.6993,18,-0.3232,17,-0.4333,30,0.48381,49,1.30347,17,-0.4681,14,-0.6993,29,0.41878,30,0.48149
ENSG00000132824,SERINC3,189,-0.7060,235,-0.3662,457,0.71492,434,0.62806,399,0.48845,229,-0.4037,243,-0.3145,213,-0.5153,280,-0.0899,281,-0.0810
ENSG00000168734,PKIG,56,-0.7888,97,0.07109,198,1.28672,84,-0.1509,42,-1.2097,67,-0.5075,72,-0.3968,101,0.13900,111,0.29584,98,0.08797
ENSG00000101098,RIMS4,17,-0.8157,41,0.59838,19,-0.6419,28,-0.0229,29,0.03650,29,0.01934,41,0.61415,30,0.06854,18,-0.7323,33,0.23521
ENSG00000166913,YWHAB,224,-1.7523,528,-0.4531,847,0.29944,960,0.50685,951,0.49082,1079,0.70418,566,-0.3441,501,-0.5362,806,0.21914,576,-0.3176
ENSG00000025772,TOMM34,23,-1.0281,18,-1.3688,46,0.03639,73,0.80679,43,-0.0620,80,0.97029,51,0.21236,17,-1.4524,46,0.02713,50,0.18740
ENSG00000101109,STK4,24,0.03144,25,0.14911,26,0.19602,24,0.05063,29,0.36569,28,0.32177,17,-0.4568,24,0.07111,25,0.10766,9,-1.4647
ENSG00000124134,KCNS1,2,-4.2993,40,-0.4301,107,1.19058,91,0.89978,31,-0.8063,40,-0.4219,77,0.60320,33,-0.7087,55,0.07324,50,-0.0797
ENSG00000124145,SDC4,168,1.36290,86,0.20485,26,-1.6420,38,-1.0712,31,-1.3592,44,-0.8391,67,-0.1868,104,0.52442,34,-1.2151,156,1.23421
ENSG00000244274,DBNDD2,1772,3.64506,213,-0.5633,168,-0.9243,125,-1.3729,135,-1.2546,171,-0.9015,110,-1.5669,80,-2.0293,112,-1.5383,158,-1.0213
ENSG00000124155,PIGT,119,0.96119,65,-0.0475,77,0.23827,73,0.14825,68,0.04173,71,0.09091,64,-0.0592,34,-1.0186,45,-0.6178,50,-0.4495
ENSG00000101457,DNTTIP1,12,-1.1632,33,0.40928,45,0.94250,23,-0.1454,32,0.34293,25,-0.0213,11,-1.2139,20,-0.3553,21,-0.3159,33,0.39054
ENSG00000124104,SNX21,32,0.14634,39,0.47190,20,-0.5739,42,0.57897,17,-0.8178,43,0.61882,31,0.07655,33,0.17995,19,-0.6559,17,-0.8634
ENSG00000101473,ACOT8,39,-0.9189,72,0.02154,88,0.34223,108,0.67181,83,0.24559,87,0.30977,54,-0.4451,45,-0.7155,51,-0.5143,86,0.30680
ENSG00000064601,CTSA,59,-0.3590,83,0.17803,76,0.03074,99,0.46857,97,0.42493,67,-0.1630,64,-0.2284,54,-0.5028,52,-0.5510,92,0.34273
ENSG00000100979,PLTP,53,0.43283,44,0.14106,31,-0.4067,16,-1.3820,22,-0.9006,18,-1.2399,27,-0.6402,102,1.59877,14,-1.5894,76,1.05111
ENSG00000100982,PCIF1,31,0.38587,21,-0.2383,27,0.19523,48,1.14347,20,-0.3023,8,-1.5813,28,0.22431,15,-0.6823,18,-0.4289,25,0.04528
ENSG00000198026,ZNF335,28,0.69958,18,-0.0261,20,0.14667,14,-0.3587,22,0.31833,14,-0.4046,15,-0.2938,20,0.12745,12,-0.5665,18,-0.0123
ENSG00000124140,SLC12A5,34,-3.2664,376,0.33699,552,0.98737,285,-0.1096,350,0.22114,433,0.57262,216,-0.5471,166,-0.9528,374,0.32983,268,-0.2098
ENSG00000124160,NCOA5,13,-0.8129,56,1.54672,26,0.22131,16,-0.4880,15,-0.6671,17,-0.4259,12,-0.9310,22,-0.0755,23,0.01730,26,0.21242
ENSG00000149654,CDH22,0,-7.1891,14,-1.4866,83,1.31370,41,0.14072,19,-1.0421,22,-0.8264,35,-0.1079,46,0.30756,51,0.48145,67,0.95026
ENSG00000080189,SLC35C2,43,0.55790,32,0.07654,36,0.26554,28,-0.1233,27,-0.1678,40,0.42606,22,-0.5144,20,-0.6783,36,0.24989,21,-0.5517
ENSG00000062598,ELMO2,49,0.12533,46,0.02482,55,0.29863,55,0.31565,55,0.28985,36,-0.3520,25,-0.9400,48,0.06909,40,-0.1985,46,0.02452
ENSG00000101040,ZMYND8,28,-1.1199,63,0.11377,77,0.41996,48,-0.3398,83,0.54575,56,-0.0935,38,-0.7026,43,-0.5038,97,0.81900,59,-0.0068
ENSG00000196562,SULF2,91,1.71259,47,0.54284,5,-2.6846,18,-0.9706,39,0.23303,64,1.06263,26,-0.4417,29,-0.2218,7,-2.3884,12,-1.5801
ENSG00000124126,PREX1,248,2.65836,41,-0.5837,34,-0.8806,41,-0.5921,17,-1.8592,29,-1.0948,28,-1.1428,64,0.11694,28,-1.1459,66,0.16446
ENSG00000124198,ARFGEF2,40,-0.3276,84,0.88012,77,0.73006,47,-0.0670,61,0.35303,41,-0.2853,39,-0.3728,30,-0.7799,47,-0.0703,26,-0.9599
ENSG00000124207,CSE1L,64,0.04353,48,-0.4097,84,0.49515,44,-0.5249,96,0.72124,95,0.70363,42,-0.6085,51,-0.3189,65,0.07336,31,-1.0614
ENSG00000124214,STAU1,98,0.47980,57,-0.3725,104,0.57688,85,0.25090,83,0.22019,49,-0.6299,58,-0.3533,62,-0.2487,52,-0.5306,80,0.14334
ENSG00000124228,DDX27,21,-0.2496,30,0.29785,26,0.05617,29,0.22973,24,-0.0828,42,0.83177,15,-0.7410,10,-1.3299,17,-0.6374,36,0.60000
ENSG00000124201,ZNFX1,16,-0.3758,26,0.41238,14,-0.5840,20,0.04374,17,-0.2679,29,0.59563,17,-0.2729,21,0.08994,28,0.54082,12,-0.7207
ENSG00000177410,ZFAS1,225,1.58565,77,-0.2363,76,-0.2540,66,-0.4857,64,-0.5214,53,-0.8163,80,-0.1855,91,0.02614,78,-0.2224,86,-0.0623
ENSG00000158445,KCNB1,25,-2.1688,86,-0.2937,127,0.33595,151,0.61937,114,0.15582,126,0.31470,93,-0.1744,78,-0.4526,145,0.54743,91,-0.2037
ENSG00000158470,B4GALT5,16,-1.8649,51,-0.1021,63,0.21471,77,0.54619,81,0.62451,74,0.48027,48,-0.2045,30,-0.9181,36,-0.6614,73,0.46802
ENSG00000158480,SPATA2,17,-1.4855,65,0.55383,61,0.46944,53,0.23751,36,-0.3833,48,0.07514,31,-0.6158,27,-0.8248,61,0.45549,60,0.43145
ENSG00000124226,RNF114,73,1.26787,37,0.14229,34,-0.0225,28,-0.3084,22,-0.6528,32,-0.1103,42,0.33358,30,-0.1938,20,-0.8302,23,-0.5788
ENSG00000244687,UBE2V1,41,-1.4510,68,-0.6987,133,0.35662,159,0.66474,133,0.36225,174,0.81212,70,-0.6562,86,-0.3358,114,0.11500,85,-0.3503
ENSG00000240849,TMEM189,86,1.81488,17,-0.9256,24,-0.3932,26,-0.2624,33,0.11641,32,0.05914,29,-0.0965,19,-0.6929,15,-1.0364,24,-0.3571
ENSG00000172216,CEBPB,36,-0.4720,37,-0.3996,135,1.78787,25,-1.0355,38,-0.3868,35,-0.4956,31,-0.6826,47,-0.0256,60,0.35834,39,-0.3488
ENSG00000124243,BCAS4,5,-2.5275,46,0.65357,26,-0.2358,41,0.47737,24,-0.3421,27,-0.1711,27,-0.1930,21,-0.5995,45,0.61599,43,0.54270
ENSG00000101126,ADNP,44,-0.9605,160,1.10249,79,-0.0672,69,-0.2865,59,-0.5167,86,0.06980,66,-0.3551,64,-0.3944,107,0.41812,91,0.15875
ENSG00000000419,DPM1,15,-1.7362,55,0.27995,72,0.72708,66,0.57599,41,-0.2078,38,-0.3192,49,0.09326,20,-1.2815,41,-0.2098,67,0.60484
ENSG00000026559,KCNG1,0,-5.4204,10,-0.7878,57,2.13174,16,-0.1340,6,-1.6493,8,-1.1509,11,-0.6513,21,0.33930,15,-0.2444,28,0.78402
ENSG00000054793,ATP9A,215,-0.3900,211,-0.4218,299,0.13229,370,0.48187,301,0.14039,319,0.23487,269,-0.0373,301,0.14332,262,-0.0788,208,-0.4456
ENSG00000064787,BCAS1,1715,6.04187,19,-3.4371,16,-3.6669,18,-3.5550,32,-2.6992,14,-3.8773,47,-2.1555,39,-2.4185,24,-3.1523,20,-3.3695
ENSG00000101132,PFDN4,31,-1.3113,98,0.50550,64,-0.1878,64,-0.1832,84,0.25036,114,0.75976,44,-0.7653,55,-0.4311,91,0.37559,75,0.06799
ENSG00000101134,DOK5,8,-1.6407,29,0.29706,24,0.02857,21,-0.1949,13,-0.9476,31,0.42102,22,-0.1220,23,-0.0281,27,0.19524,40,0.85641
ENSG00000054803,CBLN4,0,-8.9462,46,-0.4842,154,1.54084,87,0.53933,37,-0.8320,48,-0.4339,46,-0.4813,58,-0.1232,75,0.28571,77,0.32960
ENSG00000124098,FAM210B,29,-0.0853,20,-0.5965,39,0.43170,43,0.57691,25,-0.3173,18,-0.7595,20,-0.6579,26,-0.2579,26,-0.2314,56,1.01634
ENSG00000101138,CSTF1,4,-2.2324,26,0.35155,24,0.21731,26,0.36849,20,-0.0314,19,-0.1334,10,-1.0783,13,-0.6819,33,0.79695,30,0.62498
ENSG00000022277,RTF2,176,0.76282,105,-0.0785,103,-0.1111,89,-0.3508,93,-0.2728,86,-0.4037,92,-0.2847,71,-0.7002,114,0.04950,178,0.78113
ENSG00000101144,BMP7,62,1.36517,18,-0.6920,19,-0.5677,11,-1.3618,18,-0.6277,28,0.00640,30,0.10110,44,0.77053,19,-0.5696,27,-0.0165
ENSG00000101146,RAE1,14,-1.1246,38,0.37131,50,0.82664,31,0.01333,29,-0.0503,35,0.23306,28,-0.1213,18,-0.8182,35,0.23363,24,-0.3443
ENSG00000124225,PMEPA1,87,0.41133,43,-0.6930,135,1.15897,35,-1.0249,68,0.00770,67,-0.0276,35,-1.0205,68,0.00756,77,0.20606,62,-0.1398
ENSG00000124209,RAB22A,69,0.11796,52,-0.3170,84,0.43257,48,-0.4489,72,0.19147,47,-0.4686,60,-0.0929,44,-0.5856,105,0.82309,58,-0.1618
ENSG00000124164,VAPB,86,0.06753,97,0.25799,76,-0.1255,52,-0.7336,105,0.37957,110,0.46096,66,-0.3563,65,-0.3738,92,0.17854,78,-0.1011
ENSG00000124222,STX16,97,1.08691,46,-0.1330,64,0.39031,53,0.09476,66,0.43337,42,-0.2799,34,-0.6053,28,-0.9101,30,-0.8032,43,-0.2434
ENSG00000087460,GNAS,830,-1.3119,3193,0.82767,2462,0.38911,2237,0.23154,1982,0.03575,2033,0.07681,1662,-0.2445,1296,-0.6325,1791,-0.1256,1896,-0.0353
ENSG00000101158,NELFCD,51,1.05474,20,-0.4599,14,-1.0192,34,0.37954,24,-0.1602,13,-1.0564,21,-0.3517,22,-0.3176,30,0.15198,40,0.62710
ENSG00000101160,CTSZ,22,0.11228,21,0.00032,29,0.55556,11,-0.9711,21,-0.0143,21,0.02980,21,0.00821,10,-1.0953,14,-0.5603,37,0.96004
ENSG00000124172,ATP5F1E,742,-0.3149,1261,0.54300,880,-0.0454,705,-0.3945,865,-0.0718,1134,0.36646,762,-0.2741,784,-0.2294,1144,0.38044,774,-0.2481
ENSG00000101166,PRELID3B,23,-0.3952,34,0.18616,32,0.11166,24,-0.3462,30,0.01659,36,0.30865,22,-0.4420,33,0.16365,38,0.37744,26,-0.2056
ENSG00000087495,PHACTR3,196,1.49954,58,-0.5364,66,-0.3273,71,-0.2174,59,-0.5000,53,-0.6729,57,-0.5734,83,0.02641,105,0.40779,68,-0.2845
ENSG00000196227,FAM217B,37,-1.6579,113,0.05042,111,0.02823,145,0.46706,150,0.52337,117,0.11257,90,-0.2972,84,-0.4186,154,0.55815,90,-0.3022
ENSG00000179242,CDH4,29,0.59105,22,0.15230,17,-0.2416,19,-0.0684,22,0.19219,13,-0.6246,20,0.04361,27,0.48110,10,-1.0790,19,-0.0298
ENSG00000149657,LSM14B,23,-0.9131,48,0.17892,65,0.68770,49,0.22067,49,0.23797,42,-0.0188,38,-0.1586,30,-0.5227,46,0.13258,34,-0.3430
ENSG00000101182,PSMA7,72,-1.4361,135,-0.4816,211,0.22493,251,0.51149,234,0.39365,230,0.36106,139,-0.4381,131,-0.5288,240,0.43446,193,0.07949
ENSG00000184402,SS18L1,20,-0.9815,40,0.08613,45,0.28155,50,0.45016,57,0.68539,28,-0.4820,37,-0.0491,26,-0.5657,38,-0.0031,37,-0.0232
ENSG00000101181,MTG2,25,0.59965,29,0.82531,13,-0.4871,14,-0.3001,18,0.03719,23,0.43330,16,-0.1358,12,-0.6019,17,-0.0061,7,-1.3168
ENSG00000101180,HRH3,8,-2.2394,36,0.04783,22,-0.7476,35,-0.0233,50,0.57813,57,0.78839,67,1.07806,32,-0.1452,25,-0.5129,20,-0.8906
ENSG00000130703,OSBPL2,53,0.26889,65,0.59992,44,-0.0344,47,0.06589,46,0.01494,50,0.17568,35,-0.4112,31,-0.5618,36,-0.3601,43,-0.0565
ENSG00000130706,ADRM1,54,-0.2654,104,0.79081,61,-0.0896,86,0.47409,79,0.32815,51,-0.3501,34,-0.9816,53,-0.3150,53,-0.3160,68,0.09547
ENSG00000171858,RPS21,1123,0.52062,807,-0.0184,699,-0.2471,721,-0.1993,672,-0.3084,596,-0.4960,783,-0.0682,1026,0.36973,954,0.25058,787,-0.0597
ENSG00000060491,OGFR,34,-0.3770,23,-0.9523,60,0.54479,73,0.88280,35,-0.3055,43,0.00216,36,-0.2870,32,-0.4803,52,0.29757,42,-0.0429
ENSG00000092758,COL9A3,173,3.34789,15,-1.1620,7,-2.1482,15,-1.1751,36,0.19477,22,-0.5786,12,-1.4326,10,-1.6937,12,-1.4686,18,-0.8746
ENSG00000101190,TCFL5,85,2.27677,18,-0.3946,13,-0.9271,13,-0.9318,32,0.46451,14,-0.8613,15,-0.6717,15,-0.7172,25,0.05707,9,-1.4477
ENSG00000101191,DIDO1,43,0.71571,29,0.09280,37,0.48082,36,0.44650,29,0.09209,20,-0.4696,21,-0.4351,23,-0.2928,18,-0.6666,19,-0.5773
ENSG00000101193,GID8,83,0.59802,53,-0.1256,42,-0.4921,75,0.42199,64,0.16133,46,-0.3573,49,-0.2628,38,-0.6584,56,-0.0391,71,0.32763
ENSG00000225978,HAR1A,3,-2.9879,41,0.99514,21,-0.1037,31,0.54552,11,-1.0693,27,0.28255,22,-0.0453,11,-1.1133,35,0.74487,22,-0.0121
ENSG00000149658,YTHDF1,29,-0.0644,27,-0.1381,41,0.51644,45,0.66870,32,0.09107,46,0.70423,23,-0.4192,18,-0.7694,23,-0.4136,15,-1.0483
ENSG00000101198,NKAIN4,100,2.94048,15,-0.5792,9,-1.2339,4,-2.5231,6,-1.9779,4,-2.5138,11,-1.0505,33,0.70166,6,-1.9437,28,0.39966
ENSG00000101199,ARFGAP1,91,1.28270,40,-0.0931,29,-0.5983,43,0.02035,42,-0.0002,28,-0.6646,43,0.02322,29,-0.5754,33,-0.3704,46,0.11990
ENSG00000101204,CHRNA4,12,-1.1609,54,1.27281,21,-0.3101,29,0.21335,18,-0.5538,37,0.59167,29,0.18027,16,-0.7258,19,-0.4576,21,-0.3298
ENSG00000075043,KCNQ2,58,-1.2436,107,-0.3127,145,0.17086,133,0.02984,198,0.68190,94,-0.5120,143,0.14330,120,-0.1322,125,-0.0762,183,0.54805
ENSG00000101210,EEF1A2,110,-2.7606,684,0.00142,689,0.01198,736,0.11854,1018,0.65386,818,0.28928,721,0.08479,440,-0.6924,757,0.16427,866,0.38306
ENSG00000125534,PPDPF,389,1.42473,148,-0.2169,172,0.02553,168,-0.0098,159,-0.0982,139,-0.3138,118,-0.5669,140,-0.2992,127,-0.4504,132,-0.3909
ENSG00000197457,STMN3,129,-1.7338,394,-0.0205,471,0.26502,543,0.50205,568,0.57625,498,0.35640,434,0.13275,255,-0.7039,297,-0.4690,407,0.02845
ENSG00000101246,ARFRP1,73,1.00135,26,-0.6420,46,0.20908,27,-0.5873,47,0.24251,66,0.80723,30,-0.4542,38,-0.1052,14,-1.6069,34,-0.2379
ENSG00000125520,SLC2A4RG,55,2.20580,7,-1.1291,21,0.41406,2,-2.8507,6,-1.3486,9,-0.8952,9,-0.9139,28,0.91390,9,-0.8484,13,-0.2852
ENSG00000101150,TPD52L2,80,0.57905,47,-0.2752,57,0.03800,54,-0.0539,75,0.47059,79,0.56990,27,-1.1406,49,-0.1978,40,-0.5312,51,-0.1368
ENSG00000101152,DNAJC5,83,-0.8970,120,-0.3326,136,-0.1443,153,0.04806,256,0.90345,128,-0.2383,159,0.10508,152,0.03210,149,0.00736,150,0.01337
ENSG00000198276,UCKL1,48,1.56493,9,-1.0926,36,1.07295,6,-1.6819,14,-0.4295,25,0.44767,9,-1.1698,12,-0.6477,20,0.11326,10,-1.0254
ENSG00000196700,ZNF512B,31,0.33109,19,-0.4328,25,-0.0232,17,-0.5837,27,0.12235,27,0.13958,37,0.64702,19,-0.4509,18,-0.4763,30,0.28787
ENSG00000101161,PRPF6,69,0.50200,51,0.03203,53,0.07974,40,-0.3794,46,-0.1362,51,0.00249,50,-0.0303,44,-0.2227,41,-0.3197,60,0.28823
ENSG00000171703,TCEA2,136,-0.0445,154,0.15238,166,0.27967,139,-0.0090,130,-0.1194,168,0.28965,144,0.04673,114,-0.3224,124,-0.1934,125,-0.1846
ENSG00000125510,OPRL1,4,-2.5220,18,-0.2946,41,1.07050,24,0.20662,18,-0.2532,16,-0.4770,17,-0.3206,20,-0.1263,24,0.20667,32,0.64659
ENSG00000203880,PCMTD2,81,0.72571,68,0.43540,71,0.50025,30,-0.8301,42,-0.3300,55,0.09583,40,-0.4004,44,-0.2450,40,-0.4198,48,-0.1311
ENSG00000280071,GATD3B,35,0.60430,44,1.00426,31,0.40250,17,-0.5176,24,-0.0009,22,-0.1203,17,-0.5059,15,-0.7134,15,-0.7061,19,-0.3402
ENSG00000155304,HSPA13,36,-1.5861,100,-0.0248,161,0.74887,119,0.25426,129,0.38087,108,0.09483,74,-0.5076,98,-0.0649,93,-0.1486,101,-0.0094
ENSG00000180530,NRIP1,18,-1.1479,28,-0.5111,60,0.68420,35,-0.1720,51,0.42850,46,0.25552,33,-0.2704,48,0.33780,47,0.28092,25,-0.6751
ENSG00000155313,USP25,9,-1.8148,21,-0.6480,34,0.10605,32,0.03798,30,-0.0646,47,0.62814,28,-0.1879,31,-0.0208,47,0.64644,37,0.23478
ENSG00000215386,MIR99AHG,25,0.14602,29,0.40794,16,-0.5324,16,-0.5082,19,-0.2633,23,0.01728,24,0.11002,30,0.47724,26,0.24134,17,-0.4485
ENSG00000154639,CXADR,29,-0.2286,33,-0.0397,57,0.87211,24,-0.4986,51,0.68777,15,-1.2466,39,0.24713,39,0.25723,19,-0.8590,29,-0.2410
ENSG00000224924,LINC00320,123,3.61925,7,-1.5652,12,-0.8788,9,-1.3216,11,-0.9067,2,-3.2680,22,0.05448,8,-1.3585,9,-1.3016,6,-1.7689
ENSG00000154654,NCAM2,52,-1.5264,166,0.26814,226,0.78417,184,0.43231,121,-0.2336,142,0.01576,60,-1.3038,119,-0.2614,210,0.65473,126,-0.1724
ENSG00000154721,JAM2,33,-0.1869,47,0.37932,38,0.03209,38,0.02830,19,-1.0363,20,-0.9621,31,-0.2698,50,0.48105,38,0.02129,58,0.73067
ENSG00000154723,ATP5PF,238,-0.9159,252,-0.8291,465,0.13054,506,0.26778,465,0.12997,629,0.62852,408,-0.0817,352,-0.3122,545,0.38797,429,0.00012
ENSG00000142192,APP,743,-0.3193,871,-0.0686,1194,0.44336,1014,0.17592,1207,0.46232,1352,0.65217,707,-0.3973,407,-1.2448,830,-0.1462,767,-0.2692
ENSG00000198862,LTN1,22,-0.2576,22,-0.2295,33,0.38288,39,0.67635,24,-0.1139,22,-0.2132,17,-0.6787,23,-0.1674,22,-0.2445,34,0.42502
ENSG00000156256,USP16,46,0.69670,16,-0.9587,36,0.27034,31,0.03136,15,-1.0808,35,0.24665,21,-0.5260,30,0.01413,29,-0.0706,42,0.53409
ENSG00000156261,CCT8,41,-1.5283,126,0.21611,123,0.18171,123,0.17579,181,0.81667,122,0.16930,80,-0.4976,57,-1.0127,111,0.01571,137,0.35315
ENSG00000171189,GRIK1,8,-2.0023,43,0.53870,44,0.59128,10,-1.6082,5,-2.7476,104,2.18055,14,-1.1851,28,-0.1200,18,-0.7850,32,0.06794
ENSG00000156299,TIAM1,33,-1.0882,88,0.42393,75,0.15899,79,0.24839,42,-0.7279,83,0.32900,59,-0.2210,56,-0.3002,68,0.00650,94,0.52807
ENSG00000142168,SOD1,370,-1.0792,1122,0.68393,720,-0.0458,980,0.45718,959,0.42041,911,0.33512,703,-0.0821,438,-0.8204,729,-0.0253,474,-0.6991
ENSG00000142207,URB1,11,-1.0152,14,-0.6797,34,0.75145,24,0.16692,32,0.63893,33,0.67921,13,-0.7401,24,0.16113,11,-1.0611,20,-0.1234
ENSG00000159079,CFAP298,18,-1.0107,45,0.39433,46,0.45279,40,0.21011,40,0.21574,38,0.13273,23,-0.6424,29,-0.3091,41,0.23658,30,-0.2210
ENSG00000159082,SYNJ1,40,-2.3421,178,-0.0737,136,-0.4965,260,0.54752,264,0.56816,315,0.87095,206,0.16375,93,-1.0686,190,0.03408,180,-0.0507
ENSG00000159086,PAXBP1,20,0.29225,21,0.36494,18,0.15609,10,-0.8077,14,-0.2011,12,-0.4818,9,-0.8501,26,0.74381,25,0.69172,9,-0.8977
ENSG00000205927,OLIG2,211,3.28555,22,-0.9578,29,-0.5234,6,-2.6939,14,-1.6261,13,-1.7337,30,-0.4689,24,-0.7924,19,-1.1292,35,-0.2175
ENSG00000184221,OLIG1,738,3.19207,107,-0.4858,68,-1.1888,53,-1.5512,21,-2.8732,46,-1.7655,102,-0.5664,101,-0.5739,81,-0.9193,144,-0.0271
ENSG00000142166,IFNAR1,43,-0.0039,36,-0.2508,44,0.05676,37,-0.2095,53,0.34249,45,0.06410,33,-0.3899,55,0.41526,43,0.01985,37,-0.2114
ENSG00000159128,IFNGR2,23,-1.1697,69,0.55560,64,0.42694,51,0.07810,56,0.22725,69,0.55727,58,0.27259,31,-0.7141,38,-0.4107,31,-0.7226
ENSG00000142188,TMEM50B,39,-0.9792,109,0.64383,56,-0.4272,78,0.08829,94,0.39584,97,0.43953,45,-0.7584,53,-0.5113,80,0.12467,86,0.24359
ENSG00000159140,SON,128,-0.1517,141,0.00017,170,0.30262,148,0.08393,111,-0.3729,97,-0.5794,145,0.04990,127,-0.1613,171,0.31709,169,0.29301
ENSG00000205758,CRYZL1,61,0.44937,40,-0.2171,37,-0.3463,46,0.00551,40,-0.2330,66,0.59292,57,0.35334,45,-0.0440,33,-0.5033,35,-0.4312
ENSG00000205726,ITSN1,37,-1.0713,95,0.42000,54,-0.4875,63,-0.2350,65,-0.1965,85,0.23137,103,0.55533,73,-0.0170,75,0.03280,85,0.23332
ENSG00000241837,ATP5PO,182,-1.1037,505,0.50222,370,-0.0044,332,-0.1807,390,0.07931,634,0.88736,369,-0.0118,277,-0.4597,363,-0.0363,292,-0.3824
ENSG00000243927,MRPS6,31,-0.9293,78,0.50152,85,0.64514,60,0.09118,81,0.57113,43,-0.4271,57,-0.0050,50,-0.1969,51,-0.1743,34,-0.8157
ENSG00000198743,SLC5A3,17,-1.0601,39,0.24891,42,0.34821,13,-1.4763,30,-0.1857,39,0.22138,38,0.19531,24,-0.4895,35,0.06990,59,0.94423
ENSG00000159200,RCAN1,118,1.19536,32,-0.9300,83,0.57305,59,0.02296,33,-0.8698,74,0.39192,47,-0.3452,50,-0.2234,28,-1.1300,57,-0.0230
ENSG00000159228,CBR1,349,2.04295,83,-0.4534,70,-0.7167,78,-0.5503,75,-0.6019,115,0.06603,61,-0.9235,85,-0.4140,89,-0.3384,101,-0.1411
ENSG00000142197,DOP1B,3,-2.3525,12,-0.6087,11,-0.6701,15,-0.2529,33,0.99383,59,2.10577,15,-0.2515,6,-1.5457,11,-0.7217,12,-0.5536
ENSG00000159256,MORC3,25,0.19325,19,-0.2473,14,-0.6975,22,-0.0197,23,0.06190,10,-1.1927,24,0.12286,14,-0.6784,28,0.40699,42,1.05210
ENSG00000185808,PIGP,25,-0.1154,31,0.19497,20,-0.4890,36,0.45210,26,-0.0419,39,0.57469,17,-0.6777,19,-0.5752,20,-0.4480,38,0.54820
ENSG00000182670,TTC3,137,-0.7561,209,-0.0993,240,0.12389,275,0.34761,213,-0.0687,194,-0.2177,205,-0.1266,241,0.13327,199,-0.1738,308,0.53613
ENSG00000157538,VPS26C,27,0.42035,8,-1.4837,27,0.40425,17,-0.2722,15,-0.5186,29,0.55413,12,-0.8238,19,-0.1351,20,-0.0932,34,0.80305
ENSG00000157540,DYRK1A,34,-1.1269,83,0.27654,88,0.36140,81,0.23596,90,0.39318,48,-0.5863,57,-0.3279,63,-0.1756,83,0.26967,75,0.11015
ENSG00000157542,KCNJ6,0,-6.9983,30,-0.2474,45,0.38039,31,-0.1910,22,-0.7291,26,-0.4725,47,0.46519,94,1.68899,28,-0.3794,30,-0.2382
ENSG00000157557,ETS2,24,-2.5097,93,-0.5162,164,0.39272,148,0.22496,184,0.58593,120,-0.1141,138,0.11122,54,-1.3477,202,0.74269,161,0.35905
ENSG00000183527,PSMG1,24,-0.1617,26,-0.0650,40,0.62290,30,0.14819,34,0.35946,27,0.01284,16,-0.7819,13,-1.0742,42,0.74227,17,-0.6821
ENSG00000185658,BRWD1,79,-0.9411,161,0.16893,196,0.48741,169,0.24833,196,0.49022,172,0.27852,107,-0.4815,117,-0.3430,123,-0.2560,130,-0.1725
ENSG00000205581,HMGN1,89,0.80256,62,0.19053,41,-0.4582,42,-0.4113,32,-0.8482,67,0.32350,25,-1.1994,78,0.56629,36,-0.6667,77,0.55293
ENSG00000182093,GET1,95,-0.4838,149,0.23151,130,0.01629,234,0.99420,135,0.07395,183,0.56915,75,-0.8432,77,-0.8059,120,-0.1146,92,-0.5316
ENSG00000183036,PCP4,39,-2.0309,238,0.77675,39,-2.0249,79,-0.9886,709,3.03022,212,0.58430,81,-0.9461,35,-2.1733,25,-2.6625,29,-2.4755
ENSG00000157601,MX1,3,-2.7946,29,0.43894,14,-0.7258,35,0.73630,21,-0.0899,28,0.36948,16,-0.4708,11,-1.0991,18,-0.3135,46,1.24572
ENSG00000157617,C2CD2,11,-0.8095,21,0.24172,22,0.27180,29,0.77809,8,-1.2513,20,0.14709,13,-0.4617,23,0.36877,20,0.16086,15,-0.3309
ENSG00000173276,ZBTB21,14,-1.0280,50,0.99197,29,0.06481,43,0.71705,32,0.25222,22,-0.3625,22,-0.3515,26,-0.1024,22,-0.3832,16,-0.8004
ENSG00000160188,RSPH1,3,-2.1027,4,-1.6023,28,1.20719,7,-1.0439,26,1.06534,26,1.07650,6,-1.1570,17,0.38443,9,-0.5993,8,-0.7190
ENSG00000160194,NDUFV3,56,-1.0251,138,0.38835,101,-0.1162,99,-0.1509,115,0.09650,155,0.57757,95,-0.2169,79,-0.4921,133,0.33281,115,0.08873
ENSG00000160208,RRP1B,30,0.95562,19,0.18020,21,0.32282,10,-0.7435,17,0.03139,5,-1.6944,11,-0.5697,18,0.08607,17,0.06547,19,0.18545
ENSG00000160209,PDXK,186,-0.0815,279,0.57738,147,-0.4493,165,-0.2742,199,0.02741,193,-0.0225,207,0.08791,221,0.19015,149,-0.4366,214,0.13955
ENSG00000160213,CSTB,132,0.19740,141,0.30991,101,-0.2269,72,-0.7492,118,0.02771,133,0.21634,96,-0.3073,108,-0.1144,86,-0.4763,177,0.68674
ENSG00000160214,RRP1,45,0.96591,50,1.15214,25,0.00546,21,-0.2607,15,-0.7456,28,0.17232,17,-0.6275,19,-0.4741,8,-1.6749,23,-0.1641
ENSG00000160216,AGPAT3,89,0.05122,84,-0.0319,97,0.19110,89,0.06184,125,0.61035,75,-0.2163,100,0.24285,69,-0.3508,48,-0.8932,83,-0.0465
ENSG00000160221,GATD3A,37,0.41563,31,0.11504,19,-0.6154,32,0.15591,30,0.06057,48,0.83913,17,-0.8072,11,-1.4169,26,-0.1381,36,0.35885
ENSG00000141959,PFKL,155,0.45377,154,0.45288,146,0.36075,79,-0.6102,88,-0.4528,130,0.17034,115,-0.0301,108,-0.1307,69,-0.8134,125,0.11262
ENSG00000160226,CFAP410,43,0.50175,34,0.12981,55,0.92494,38,0.28450,34,0.10640,38,0.30603,21,-0.6627,17,-0.9238,15,-1.0897,20,-0.6974
ENSG00000142185,TRPM2,10,-1.5356,35,0.43216,31,0.22456,36,0.47277,44,0.79953,44,0.78778,21,-0.3923,14,-1.0024,21,-0.3601,14,-1.0493
ENSG00000184787,UBE2G2,62,0.69389,52,0.41470,49,0.29798,40,-0.0289,53,0.43730,33,-0.3260,27,-0.6262,32,-0.3678,29,-0.5109,28,-0.5777
ENSG00000184900,SUMO3,67,-1.2589,117,-0.4100,167,0.14753,139,-0.1430,205,0.48373,208,0.51223,114,-0.4511,178,0.25059,222,0.61822,104,-0.5941
ENSG00000183255,PTTG1IP,147,1.98932,39,-0.3027,34,-0.5190,15,-1.7383,22,-1.1647,29,-0.7493,32,-0.6306,71,0.65359,26,-0.9024,60,0.37558
ENSG00000160256,FAM207A,6,-1.7306,19,-0.0232,21,0.17556,11,-0.7734,19,-0.0097,31,0.78350,30,0.73916,12,-0.6722,14,-0.4687,27,0.55831
ENSG00000197381,ADARB1,10,-2.3064,76,0.85259,40,-0.1817,50,0.16176,77,0.86745,34,-0.4652,37,-0.3081,30,-0.6477,45,-0.0246,55,0.31004
ENSG00000223768,LINC00205,9,-1.0420,15,-0.2557,16,-0.1648,20,0.18605,31,0.89901,22,0.34684,16,-0.2066,12,-0.5794,21,0.20387,17,-0.0765
ENSG00000173638,SLC19A1,20,0.32595,19,0.23871,18,0.20336,9,-0.8802,11,-0.6118,11,-0.6589,19,0.27660,14,-0.1955,12,-0.4839,29,0.95575
ENSG00000142156,COL6A1,31,-0.3077,35,-0.0815,21,-0.9043,26,-0.5636,48,0.39463,33,-0.1922,41,0.13259,29,-0.3882,18,-1.1481,92,1.55393
ENSG00000160284,SPATC1L,13,-0.8933,38,0.73275,22,-0.1186,23,-0.0528,29,0.31335,33,0.52422,14,-0.8160,25,0.08401,23,-0.0932,19,-0.3547
ENSG00000160285,LSS,140,2.67204,28,-0.2994,18,-0.9594,13,-1.4598,31,-0.1178,19,-0.8726,23,-0.5600,32,-0.0870,11,-1.6824,20,-0.7640
ENSG00000160294,MCM3AP,33,-0.0412,27,-0.3216,48,0.58602,34,0.01444,50,0.66912,21,-0.7107,34,0.03281,30,-0.1566,26,-0.3625,30,-0.1493
ENSG00000160299,PCNT,29,-0.0921,42,0.52702,44,0.59288,31,0.01075,20,-0.6718,18,-0.7781,32,0.04835,26,-0.2332,28,-0.1606,36,0.26115
ENSG00000160305,DIP2A,51,1.53266,15,-0.5047,22,0.11863,20,-0.0317,21,0.04280,26,0.34718,11,-0.9466,17,-0.2904,5,-2.0554,18,-0.2024
ENSG00000160307,S100B,2116,3.34018,217,-0.9523,154,-1.4625,145,-1.5545,124,-1.7915,102,-2.0732,142,-1.5857,459,0.22584,132,-1.7018,401,0.00778
ENSG00000160310,PRMT2,168,0.96893,96,0.03799,65,-0.5733,72,-0.4087,178,1.07064,66,-0.5588,69,-0.4863,61,-0.6638,73,-0.3889,90,-0.0708
ENSG00000183307,TMEM121B,6,-1.4542,9,-0.8619,19,0.31533,19,0.33572,37,1.45494,15,-0.0204,16,0.03626,3,-2.2991,22,0.53165,10,-0.7003
ENSG00000069998,HDHD5,10,-0.7196,21,0.33313,16,-0.1112,17,0.03192,15,-0.1355,30,0.94471,10,-0.7966,19,0.20435,15,-0.1299,14,-0.2603
ENSG00000182902,SLC25A18,85,0.95265,62,0.40087,39,-0.3280,16,-1.6813,14,-1.8682,24,-1.0424,42,-0.2197,111,1.41983,31,-0.6704,57,0.26852
ENSG00000131100,ATP6V1E1,225,-1.0316,419,-0.0671,496,0.20350,634,0.61122,510,0.25114,544,0.35656,357,-0.3216,231,-0.9913,516,0.26829,437,0.00140
ENSG00000099968,BCL2L13,29,-0.0328,31,0.06898,23,-0.4303,45,0.64522,35,0.24190,28,-0.1110,42,0.55288,23,-0.4277,15,-1.0458,29,-0.0573
ENSG00000015475,BID,9,-2.2035,56,0.59462,45,0.23372,43,0.16034,57,0.62169,41,0.06796,25,-0.6514,30,-0.4215,24,-0.7297,59,0.67838
ENSG00000243156,MICAL3,74,0.71132,45,-0.1067,71,0.65308,34,-0.5235,51,0.10204,37,-0.3879,31,-0.6449,42,-0.1978,47,-0.0274,45,-0.0940
ENSG00000215193,PEX26,17,-0.6924,46,0.91313,25,-0.0739,19,-0.5330,24,-0.1404,32,0.30705,23,-0.2263,31,0.26987,19,-0.5398,28,0.11701
ENSG00000278558,TMEM191B,3,-2.1585,17,0.19380,15,0.00871,10,-0.6061,30,1.14256,22,0.61571,25,0.80389,10,-0.5440,8,-0.8948,9,-0.7428
ENSG00000183628,DGCR6,26,0.26653,21,-0.0131,34,0.72527,23,0.07117,10,-1.1181,13,-0.7234,18,-0.2553,17,-0.3681,33,0.68631,21,-0.0760
ENSG00000273032,DGCR9,2,-3.4532,27,0.15955,71,1.83674,27,0.12345,22,-0.2137,30,0.31202,11,-1.2424,19,-0.4142,19,-0.3821,19,-0.3846
ENSG00000070413,DGCR2,93,0.06801,119,0.46293,118,0.44963,91,0.03780,102,0.22396,76,-0.2478,72,-0.3358,62,-0.5689,75,-0.2757,83,-0.1048
ENSG00000100056,ESS2,21,0.31727,8,-1.1511,27,0.69773,22,0.40490,28,0.79286,30,0.87922,6,-1.6134,12,-0.5158,15,-0.2086,4,-2.1870
ENSG00000100075,SLC25A1,92,1.90363,27,-0.1914,25,-0.3393,17,-0.9511,25,-0.3570,17,-0.8933,25,-0.3226,36,0.21619,10,-1.6414,36,0.24038
ENSG00000100084,HIRA,27,0.78229,5,-1.8295,18,0.07647,18,0.13223,35,1.21071,14,-0.2989,15,-0.2074,12,-0.5622,13,-0.3550,12,-0.5458
ENSG00000242259,C22orf39,54,0.09509,93,0.98421,49,-0.0600,40,-0.3725,51,-0.0014,60,0.26114,37,-0.5027,26,-1.0163,53,0.06182,47,-0.1291
ENSG00000185608,MRPL40,73,0.64205,75,0.70429,26,-0.9584,41,-0.2926,34,-0.5493,51,0.06156,60,0.32790,37,-0.4519,35,-0.5022,57,0.25337
ENSG00000070010,UFD1,57,0.91344,40,0.32083,20,-0.7412,34,0.04199,39,0.29582,26,-0.3436,26,-0.3479,32,-0.0498,15,-1.1766,38,0.23262
ENSG00000184113,CLDN5,155,1.39572,77,0.18950,24,-1.5649,8,-3.1063,19,-1.9343,10,-2.8184,44,-0.6963,102,0.64963,18,-1.9693,225,2.13801
ENSG00000184702,SEPTIN5,18,-2.2064,47,-0.7418,184,1.50602,65,-0.2502,107,0.54918,94,0.33991,49,-0.6795,62,-0.3296,56,-0.4808,81,0.09187
ENSG00000203618,GP1BB,61,0.22045,43,-0.3315,40,-0.4706,42,-0.3813,52,-0.0417,53,-0.0013,51,-0.0899,67,0.37440,32,-0.7922,93,0.91649
ENSG00000215012,RTL10,14,-0.4871,16,-0.2607,43,1.34617,16,-0.2321,20,0.06830,11,-0.8903,6,-1.6175,18,-0.0736,20,0.10216,26,0.51597
ENSG00000184470,TXNRD2,21,-0.2026,25,0.09435,37,0.72962,26,0.18258,33,0.56392,10,-1.2195,26,0.16250,27,0.25806,16,-0.6100,13,-0.9061
ENSG00000093010,COMT,148,1.28484,113,0.81486,48,-0.5701,34,-1.1073,56,-0.3386,39,-0.8915,60,-0.2362,72,0.05494,36,-1.0096,87,0.36950
ENSG00000099889,ARVCF,47,1.58960,12,-0.7008,8,-1.3410,18,-0.0877,27,0.58495,15,-0.3410,7,-1.3891,18,-0.0830,10,-0.9608,25,0.49755
ENSG00000183597,TANGO2,7,-1.6470,31,0.55428,20,-0.1243,23,0.07190,28,0.37527,37,0.83680,8,-1.4251,15,-0.5418,14,-0.6893,36,0.79603
ENSG00000099899,TRMT2A,23,0.43499,26,0.58256,25,0.54115,15,-0.2541,20,0.19383,6,-1.4894,14,-0.3468,12,-0.5866,21,0.24501,15,-0.2411
ENSG00000099901,RANBP1,63,-0.7734,120,0.24701,120,0.24504,98,-0.0820,137,0.46429,108,0.07759,97,-0.0918,73,-0.5357,105,0.03485,108,0.08534
ENSG00000099904,ZDHHC8,28,-0.5583,35,-0.2126,76,1.05609,54,0.46428,45,0.15739,26,-0.7013,39,-0.0712,22,-0.9428,35,-0.2083,44,0.14656
ENSG00000040608,RTN4R,7,-3.8805,66,-0.5627,141,0.64855,177,1.04980,117,0.34441,94,-0.0128,95,-0.0014,67,-0.5475,102,0.11869,82,-0.2369
ENSG00000128185,DGCR6L,61,0.15069,57,0.03745,68,0.32821,65,0.25070,67,0.29232,54,-0.0586,52,-0.0954,47,-0.2542,36,-0.6682,49,-0.2085
ENSG00000099910,KLHL22,26,-0.3995,44,0.46013,40,0.27589,45,0.47954,41,0.33729,46,0.53262,21,-0.7042,18,-0.9615,39,0.24096,14,-1.3577
ENSG00000099917,MED15,38,-0.3123,78,0.85629,37,-0.3631,39,-0.2803,37,-0.3260,49,0.10526,61,0.45408,23,-1.0385,34,-0.4537,65,0.55610
ENSG00000241973,PI4KA,83,-2.3635,344,-0.2220,592,0.66228,508,0.40452,546,0.52619,574,0.60888,359,-0.1565,212,-0.9721,356,-0.1712,385,-0.0451
ENSG00000099940,SNAP29,23,-0.2714,29,0.12925,31,0.19511,27,0.01816,35,0.40019,35,0.42405,21,-0.3674,24,-0.2187,14,-0.9992,32,0.24882
ENSG00000099942,CRKL,46,-0.5043,55,-0.2291,43,-0.5875,57,-0.1626,100,0.74845,61,-0.0498,74,0.23961,45,-0.5228,72,0.20852,80,0.37376
ENSG00000183773,AIFM3,33,-0.0222,36,0.08982,18,-0.9870,44,0.44081,36,0.09073,32,-0.0765,38,0.17845,50,0.64521,15,-1.2374,35,0.08793
ENSG00000099949,LZTR1,48,1.20891,11,-1.1585,17,-0.4529,27,0.22699,29,0.36973,25,0.13170,22,-0.0766,20,-0.2309,9,-1.3323,23,-0.0008
ENSG00000184436,THAP7,23,-0.1280,27,0.16355,38,0.71017,18,-0.4603,21,-0.2702,20,-0.2976,15,-0.7493,22,-0.1735,17,-0.5253,44,0.96151
ENSG00000185651,UBE2L3,106,-0.0672,126,0.20657,121,0.13688,135,0.31620,120,0.12553,117,0.08763,78,-0.5564,87,-0.3767,101,-0.1481,118,0.09619
ENSG00000161179,YDJC,36,0.85204,20,-0.0769,26,0.29949,23,0.09132,23,0.09859,26,0.27823,22,-0.0018,9,-1.2447,12,-0.9388,19,-0.2219
ENSG00000128228,SDF2L1,49,1.70955,18,0.02948,18,0.02419,5,-1.9444,15,-0.3067,8,-1.2465,9,-1.0842,15,-0.2376,4,-2.0579,39,1.28406
ENSG00000100023,PPIL2,27,0.26792,23,0.01974,39,0.88557,12,-1.0081,14,-0.7017,32,0.54198,20,-0.1749,16,-0.5103,19,-0.2548,24,0.12015
ENSG00000100027,YPEL1,10,-1.0089,31,0.70380,41,1.16817,23,0.18537,20,-0.0456,16,-0.3946,14,-0.6033,19,-0.1054,13,-0.6299,16,-0.3816
ENSG00000100030,MAPK1,158,-1.0597,355,0.21075,509,0.81199,386,0.34488,366,0.26028,334,0.10870,228,-0.4962,212,-0.6056,307,-0.0247,264,-0.2660
ENSG00000100034,PPM1F,19,-0.3771,24,0.03357,24,0.01375,39,0.79454,30,0.37825,45,1.04649,13,-0.8684,20,-0.2745,11,-1.1200,13,-0.9710
ENSG00000128266,GNAZ,127,0.47029,77,-0.3407,99,0.06557,118,0.34451,124,0.42765,150,0.75276,66,-0.5772,71,-0.4606,50,-0.9818,69,-0.4935
ENSG00000186716,BCR,52,-0.2970,52,-0.3002,80,0.37874,55,-0.2011,60,-0.0746,44,-0.5524,56,-0.1828,66,0.06619,72,0.20584,93,0.63445
ENSG00000250479,CHCHD10,153,-1.5107,473,0.23975,404,-0.0157,542,0.46356,470,0.22771,490,0.29652,459,0.18996,280,-0.5930,384,-0.0969,425,0.06595
ENSG00000099956,SMARCB1,29,-0.2612,40,0.23103,49,0.56626,32,-0.1051,31,-0.1397,40,0.24068,19,-0.9181,26,-0.4452,29,-0.2398,48,0.55382
ENSG00000133460,SLC2A11,12,-0.7767,13,-0.6912,22,0.16648,20,-0.0119,23,0.24291,32,0.75324,21,0.09465,24,0.26737,24,0.27310,9,-1.1325
ENSG00000240972,MIF,519,-0.7405,705,-0.2647,1181,0.57332,1018,0.32566,831,-0.0035,1008,0.30992,635,-0.4281,640,-0.4160,896,0.11839,893,0.11290
ENSG00000099977,DDT,145,-0.0109,135,-0.1238,131,-0.1772,134,-0.1329,176,0.29999,217,0.64748,139,-0.0777,128,-0.2138,149,0.02753,107,-0.4822
ENSG00000099991,CABIN1,35,-0.8110,66,0.19945,94,0.78127,79,0.49947,51,-0.2070,64,0.15441,22,-1.5008,45,-0.4159,66,0.18529,62,0.10149
ENSG00000100014,SPECC1L,27,0.28022,17,-0.4785,26,0.19649,24,0.07976,21,-0.1055,43,1.04581,31,0.45825,15,-0.6929,13,-0.8813,12,-0.9218
ENSG00000100028,SNRPD3,35,-0.0642,22,-0.7884,44,0.27596,55,0.65227,54,0.62462,28,-0.4460,35,-0.0728,36,-0.0215,27,-0.4954,32,-0.2158
ENSG00000167037,SGSM1,4,-3.2444,53,0.61136,18,-1.1068,37,0.01022,66,0.97032,78,1.26597,34,-0.1035,18,-1.0565,24,-0.6617,34,-0.1005
ENSG00000197077,KIAA1671,26,-0.8303,54,0.33926,34,-0.3899,38,-0.2245,63,0.60261,66,0.67757,26,-0.7971,34,-0.3970,47,0.12806,49,0.17533
ENSG00000100077,GRK3,25,-1.5242,128,1.05016,55,-0.3366,65,-0.0811,60,-0.2057,69,0.03434,70,0.04363,66,-0.0491,65,-0.0763,78,0.22206
ENSG00000100095,SEZ6L,38,-1.8824,148,0.21097,328,1.59510,147,0.19407,103,-0.3708,88,-0.6095,74,-0.8712,117,-0.1722,128,-0.0195,130,-0.0018
ENSG00000128203,ASPHD2,4,-2.8303,35,0.37436,58,1.21310,38,0.51546,26,-0.1080,30,0.09970,16,-0.8101,19,-0.6018,18,-0.6868,35,0.35727
ENSG00000100099,HPS4,44,0.95720,23,-0.1341,27,0.12108,24,-0.0865,25,0.00061,13,-0.9479,18,-0.4817,15,-0.7266,17,-0.5800,42,0.85942
ENSG00000100104,SRRD,10,-1.1314,21,-0.0342,30,0.56045,16,-0.3832,21,-0.0403,27,0.41797,17,-0.3169,24,0.17539,23,0.16017,22,0.06232
ENSG00000100109,TFIP11,20,-0.1631,29,0.44840,25,0.21178,22,0.02919,16,-0.5098,14,-0.7079,25,0.22964,19,-0.1844,21,-0.0578,28,0.36753
ENSG00000128294,TPST2,7,-2.2283,23,-0.5872,39,0.22354,69,1.17269,28,-0.3222,19,-0.8807,33,-0.0476,34,-0.0147,45,0.43690,43,0.39419
ENSG00000225783,MIAT,29,-2.0292,104,-0.0943,209,1.05840,105,-0.0903,132,0.27900,108,-0.0407,114,0.04679,89,-0.3528,118,0.09894,101,-0.1472
ENSG00000180957,PITPNB,52,-0.7041,92,0.17284,77,-0.1122,126,0.69388,102,0.34472,84,0.04047,89,0.11675,48,-0.8316,50,-0.7618,103,0.36636
ENSG00000159873,CCDC117,18,0.16032,15,-0.1195,22,0.48126,19,0.23172,25,0.66583,20,0.27843,7,-1.2406,11,-0.6730,14,-0.2539,14,-0.2928
ENSG00000100219,XBP1,3,-2.7233,39,1.06579,23,0.17741,23,0.14797,27,0.43208,18,-0.2039,15,-0.4974,15,-0.4845,11,-0.9959,32,0.73265
ENSG00000183579,ZNRF3,11,-0.8114,33,0.91554,14,-0.4359,14,-0.4521,7,-1.3939,15,-0.3336,17,-0.1820,48,1.58592,10,-0.9688,19,0.02443
ENSG00000186998,EMID1,49,1.09539,22,-0.2043,17,-0.6294,11,-1.1965,17,-0.5879,5,-2.2530,15,-0.8438,50,1.11314,15,-0.7895,52,1.19548
ENSG00000182944,EWSR1,89,-0.3368,144,0.43739,165,0.66538,77,-0.5621,111,0.02145,115,0.07555,80,-0.4980,72,-0.6539,123,0.17744,123,0.18088
ENSG00000185340,GAS2L1,40,-0.5390,51,-0.1707,49,-0.2233,85,0.66486,56,-0.0021,43,-0.4339,85,0.68300,52,-0.1114,55,-0.0292,47,-0.2817
ENSG00000100276,RASL10A,27,-0.8848,34,-0.5048,111,1.45513,40,-0.2534,83,0.93364,49,0.04691,28,-0.8051,26,-0.8973,36,-0.4412,39,-0.3131
ENSG00000100280,AP1B1,62,-0.3989,88,0.16566,69,-0.2322,113,0.56972,113,0.57176,63,-0.3576,84,0.08720,71,-0.1891,62,-0.3918,71,-0.1768
ENSG00000225465,RFPL1S,6,-3.9405,80,-0.2133,92,0.00595,125,0.51557,123,0.49040,137,0.67161,117,0.39742,53,-0.8345,109,0.28264,70,-0.4105
ENSG00000100285,NEFH,14,-2.9506,62,-0.8089,21,-2.3773,250,1.50968,113,0.13261,273,1.68107,139,0.47595,24,-2.2293,84,-0.3223,57,-0.9322
ENSG00000184117,NIPSNAP1,31,-0.9551,66,0.22973,54,-0.1103,59,0.04825,89,0.70999,101,0.94420,28,-1.1243,44,-0.4218,38,-0.6285,64,0.18405
ENSG00000186575,NF2,25,-0.6402,36,-0.1024,25,-0.6469,56,0.59910,24,-0.7585,33,-0.2288,47,0.30809,41,0.11523,51,0.44687,47,0.31225
ENSG00000100319,ZMAT5,11,-0.8969,25,0.36441,18,-0.1484,22,0.16969,29,0.63477,20,0.06689,12,-0.7937,16,-0.2790,19,-0.0250,24,0.32775
ENSG00000184076,UQCR10,203,-1.2383,754,0.85028,429,-0.0824,576,0.39576,486,0.11588,493,0.13998,369,-0.3206,339,-0.4534,352,-0.3944,517,0.21708
ENSG00000100330,MTMR3,36,0.59964,21,-0.2623,21,-0.2880,21,-0.2579,32,0.40848,21,-0.2523,31,0.38193,29,0.24023,21,-0.2755,15,-0.7428
ENSG00000099995,SF3A1,25,-1.3656,99,0.78863,75,0.32941,61,-0.0007,55,-0.1878,78,0.37566,65,0.08494,50,-0.3176,54,-0.2012,52,-0.2602
ENSG00000100003,SEC14L2,41,0.52692,19,-0.6541,30,0.02677,24,-0.3430,31,0.10364,20,-0.6248,22,-0.4298,44,0.63746,14,-1.1545,50,0.87055
ENSG00000100029,PES1,34,0.36159,37,0.50549,29,0.10439,26,-0.0257,21,-0.3980,26,-0.0285,21,-0.4008,21,-0.3644,25,-0.1385,29,0.13828
ENSG00000184792,OSBP2,7,-1.9854,25,-0.2016,34,0.30328,26,-0.1448,34,0.29149,46,0.80325,18,-0.6572,19,-0.6126,43,0.66994,30,0.10604
ENSG00000253352,TUG1,59,1.16573,37,0.38302,25,-0.2738,21,-0.5245,23,-0.3909,18,-0.7414,25,-0.2647,25,-0.2421,21,-0.5275,40,0.49652
ENSG00000198832,SELENOM,143,-0.4574,278,0.61517,194,0.02789,158,-0.3032,151,-0.3717,158,-0.2998,174,-0.1456,144,-0.4408,170,-0.1853,339,0.95788
ENSG00000185133,INPP5J,0,-7.0896,47,1.74649,16,-0.0532,11,-0.6330,16,-0.1400,21,0.30324,15,-0.2385,9,-1.0082,14,-0.2643,22,0.41155
ENSG00000138942,RNF185,22,-0.0941,45,1.08700,17,-0.4737,12,-0.9778,30,0.39267,19,-0.3078,22,-0.0822,15,-0.6942,27,0.26775,23,0.00608
ENSG00000100100,PIK3IP1,72,1.41873,43,0.49418,32,0.04499,31,-0.0316,27,-0.2558,20,-0.6552,20,-0.6878,38,0.28805,10,-1.6666,21,-0.6546
ENSG00000100105,PATZ1,40,1.20740,26,0.49668,17,-0.1803,7,-1.5862,6,-1.6113,12,-0.6760,22,0.17226,27,0.53525,10,-0.9556,26,0.44075
ENSG00000185721,DRG1,31,-0.7773,44,-0.2416,67,0.40874,62,0.30476,65,0.36794,81,0.73655,33,-0.6839,45,-0.2035,44,-0.2453,43,-0.2772
ENSG00000184708,EIF4ENIF1,24,-0.7711,43,0.11384,46,0.22146,46,0.24950,50,0.38071,47,0.28395,27,-0.6142,30,-0.4567,54,0.49025,31,-0.4121
ENSG00000241878,PISD,14,-1.5697,30,-0.3944,68,0.90060,39,-0.0023,54,0.51901,44,0.19905,30,-0.4411,24,-0.7720,46,0.24894,43,0.16070
ENSG00000183530,PRR14L,12,-1.0741,37,0.73474,25,0.09653,46,1.10381,19,-0.3691,25,0.05822,18,-0.4412,31,0.43559,16,-0.5750,8,-1.5615
ENSG00000128245,YWHAH,281,-2.6977,1162,-0.5720,2490,0.65592,2190,0.44006,2227,0.46859,1963,0.26021,1068,-0.7020,1020,-0.7738,2891,0.91208,1421,-0.2573
ENSG00000100220,RTCB,33,-1.0784,107,0.76449,64,-0.0708,82,0.31230,78,0.22741,92,0.50038,44,-0.6470,42,-0.7314,56,-0.2895,75,0.16945
ENSG00000100225,FBXO7,140,1.88185,45,-0.1129,49,0.02064,38,-0.3702,37,-0.3976,37,-0.4046,33,-0.5755,30,-0.7010,39,-0.3299,31,-0.6516
ENSG00000100234,TIMP3,74,0.04756,84,0.25124,24,-1.6971,22,-1.8062,25,-1.5918,31,-1.2763,36,-1.0593,113,0.73525,34,-1.1667,277,2.48192
ENSG00000133424,LARGE1,14,-2.2478,63,-0.0297,85,0.44576,82,0.38262,108,0.85184,99,0.70548,66,0.02948,41,-0.6884,54,-0.2881,33,-1.0534
ENSG00000100284,TOM1,40,-0.2302,50,0.14184,59,0.40967,53,0.21132,54,0.26345,47,0.02460,36,-0.3663,29,-0.7306,29,-0.7069,63,0.51000
ENSG00000100302,RASD2,0,-8.4428,33,-0.4639,90,1.19603,37,-0.2652,64,0.59423,32,-0.5041,45,0.02467,42,-0.0616,38,-0.2201,60,0.50801
ENSG00000100320,RBFOX2,26,-2.4127,117,-0.1467,212,0.83057,121,-0.0888,178,0.53090,129,0.00194,134,0.07414,108,-0.2773,132,0.04858,127,-0.0236
ENSG00000128335,APOL2,29,-1.1830,66,0.04422,77,0.31253,73,0.21367,84,0.44483,74,0.24940,61,-0.0705,44,-0.5901,74,0.24279,55,-0.2307
ENSG00000100345,MYH9,72,0.25612,41,-0.6372,109,0.95179,47,-0.4334,60,-0.0331,38,-0.7356,42,-0.5844,60,-0.0289,46,-0.4475,99,0.77987
ENSG00000100348,TXN2,73,0.23712,72,0.19886,61,-0.0600,51,-0.3428,63,-0.0042,70,0.15441,55,-0.2080,65,0.03874,46,-0.5133,77,0.32283
ENSG00000100350,FOXRED2,27,-0.7797,74,0.82608,37,-0.2892,58,0.40420,60,0.46565,59,0.44240,28,-0.7466,37,-0.2984,30,-0.6186,39,-0.2315
ENSG00000100353,EIF3D,24,-1.0103,47,0.03577,51,0.16582,51,0.15611,40,-0.2105,39,-0.2546,38,-0.3089,51,0.16219,52,0.19091,67,0.62409
ENSG00000261675,AL022313.4,0,-7.7437,30,0.17480,22,-0.3070,53,1.11289,25,-0.0927,28,0.03227,20,-0.4425,16,-0.7562,39,0.59898,36,0.47944
ENSG00000100360,IFT27,31,-0.0591,19,-0.8326,24,-0.4673,56,0.92569,34,0.07993,30,-0.1086,33,0.03125,31,-0.0364,31,-0.0244,32,-0.0078
ENSG00000100362,PVALB,0,-9.1678,230,2.02802,11,-2.7638,49,-0.6201,51,-0.5548,155,1.26000,104,0.55930,16,-2.2964,56,-0.4335,62,-0.2559
ENSG00000128311,TST,78,1.87588,28,0.07564,15,-0.8809,9,-1.6754,15,-0.8758,14,-0.9920,20,-0.4630,38,0.55905,12,-1.2168,39,0.59962
ENSG00000128309,MPST,74,2.45305,8,-1.3121,12,-0.7133,9,-1.1393,16,-0.2828,11,-0.8103,12,-0.7618,29,0.69163,3,-2.5298,18,-0.1396
ENSG00000100379,KCTD17,47,-0.5520,56,-0.2587,108,0.80878,43,-0.6559,100,0.68140,84,0.37416,72,0.14114,52,-0.3661,40,-0.7977,60,-0.1668
ENSG00000166897,ELFN2,24,-0.1770,31,0.18715,48,0.92337,21,-0.4200,27,-0.0221,12,-1.2464,32,0.25111,31,0.19834,19,-0.5511,28,0.05961
ENSG00000128283,CDC42EP1,183,4.58309,13,-1.0006,7,-1.9594,2,-3.3797,3,-3.0403,7,-1.7718,13,-0.9244,8,-1.6449,4,-2.6881,7,-1.8137
ENSG00000100083,GGA1,64,1.21369,27,-0.2479,28,-0.1788,41,0.42365,30,-0.0427,42,0.46997,32,0.02954,19,-0.7321,16,-1.0027,13,-1.3193
ENSG00000241360,PDXP,82,-1.4264,259,0.36753,265,0.40713,231,0.18233,296,0.59167,243,0.26374,216,0.07646,149,-0.5087,145,-0.5479,176,-0.2494
ENSG00000100097,LGALS1,227,-0.5730,320,-0.0346,93,-1.9176,458,0.54665,685,1.25080,303,-0.1257,360,0.15301,197,-0.7925,195,-0.8115,436,0.46672
ENSG00000273899,NOL12,18,0.14946,6,-1.5330,20,0.27816,11,-0.5958,16,-0.0296,40,1.48654,10,-0.7349,21,0.41449,13,-0.3574,10,-0.8225
ENSG00000189060,H1F0,124,1.04590,71,0.12109,60,-0.1607,44,-0.6198,51,-0.4183,58,-0.2103,63,-0.0878,50,-0.4315,63,-0.0839,78,0.26396
ENSG00000100116,GCAT,28,-0.0711,27,-0.1662,27,-0.1639,43,0.59890,36,0.30583,21,-0.5533,35,0.25171,28,-0.0971,29,-0.0452,24,-0.3402
ENSG00000100124,ANKRD54,26,0.36278,14,-0.6092,20,-0.0606,14,-0.6118,21,0.05537,30,0.59158,17,-0.2642,21,0.03426,18,-0.1796,25,0.29452
ENSG00000100129,EIF3L,94,0.40732,96,0.43459,82,0.17767,63,-0.2411,68,-0.1097,84,0.21505,53,-0.5213,42,-0.8564,93,0.37987,58,-0.3567
ENSG00000100142,POLR2F,201,1.58444,85,0.10090,57,-0.5188,82,0.03338,65,-0.3162,62,-0.4022,57,-0.5364,68,-0.2604,80,-0.0032,43,-0.9551
ENSG00000100146,SOX10,227,3.94220,32,-0.1601,9,-1.9729,14,-1.3820,6,-2.5044,15,-1.2953,12,-1.6552,9,-1.9763,7,-2.3613,23,-0.6716
ENSG00000100151,PICK1,33,-0.1694,47,0.39744,74,1.19084,33,-0.1638,46,0.37286,37,0.01628,17,-1.1979,22,-0.7917,31,-0.2541,26,-0.5327
ENSG00000184381,PLA2G6,55,1.03757,43,0.58977,29,-0.0270,22,-0.4318,30,0.01466,35,0.24901,24,-0.3010,18,-0.7602,17,-0.8804,23,-0.3970
ENSG00000198792,TMEM184B,103,0.26351,93,0.10739,73,-0.2724,109,0.36766,126,0.59851,66,-0.4420,54,-0.7450,92,0.08308,67,-0.4236,89,0.03492
ENSG00000213923,CSNK1E,125,0.29689,153,0.63412,93,-0.1733,92,-0.1915,102,-0.0195,104,-0.0010,103,-0.0109,85,-0.3189,67,-0.6797,114,0.15007
ENSG00000168135,KCNJ4,11,-2.9776,66,-0.3285,130,0.77476,85,0.07759,90,0.17738,61,-0.4459,61,-0.4513,63,-0.3985,131,0.79337,112,0.53545
ENSG00000100201,DDX17,373,0.76307,238,0.02128,352,0.66700,163,-0.5719,211,-0.1718,240,0.03338,133,-0.8883,216,-0.1283,194,-0.3047,228,-0.0454
ENSG00000100216,TOMM22,50,-0.6951,92,0.25471,64,-0.3164,91,0.23887,83,0.09455,90,0.21421,101,0.41668,51,-0.6631,95,0.31525,66,-0.2681
ENSG00000100221,JOSD1,32,-0.8210,64,0.25262,78,0.58670,68,0.36423,60,0.14343,62,0.20632,51,-0.0974,33,-0.7906,59,0.12926,38,-0.5604
ENSG00000100226,GTPBP1,44,0.95496,25,0.05233,33,0.50452,22,-0.1785,19,-0.3605,24,-0.0480,17,-0.5583,30,0.30054,12,-1.0162,18,-0.4627
ENSG00000100242,SUN2,383,2.49217,75,-0.4465,52,-1.0066,69,-0.5619,57,-0.8642,73,-0.4814,60,-0.7773,58,-0.8262,57,-0.8705,108,0.14125
ENSG00000100246,DNAL4,7,-1.7973,29,0.27076,34,0.52620,26,0.09007,37,0.63858,21,-0.2222,20,-0.3073,16,-0.6595,26,0.06225,30,0.30382
ENSG00000221890,NPTXR,71,-2.3394,329,-0.0260,444,0.46490,276,-0.3047,381,0.21372,300,-0.1690,318,-0.0778,370,0.16449,523,0.73914,328,-0.0305
ENSG00000183741,CBX6,99,-0.8017,149,-0.1701,171,0.05035,143,-0.2383,173,0.07377,114,-0.5914,239,0.60201,251,0.68210,122,-0.4855,196,0.27381
ENSG00000100307,CBX7,81,-0.1036,64,-0.4607,86,-0.0069,64,-0.4731,114,0.45111,83,-0.0530,64,-0.4738,84,-0.0327,82,-0.0728,140,0.79579
ENSG00000100316,RPL3,1443,1.53658,489,-0.3017,567,-0.0664,392,-0.6477,481,-0.3291,521,-0.2027,525,-0.1912,557,-0.0953,406,-0.5913,535,-0.1588
ENSG00000100321,SYNGR1,50,-2.2733,209,-0.1133,237,0.09069,329,0.63120,385,0.89965,336,0.66273,232,0.05360,155,-0.5815,167,-0.4601,142,-0.7190
ENSG00000100324,TAB1,33,0.95688,24,0.41580,15,-0.2999,12,-0.6117,14,-0.4318,11,-0.7383,6,-1.5736,23,0.38407,15,-0.3257,29,0.78104
ENSG00000128268,MGAT3,59,0.01556,66,0.18887,73,0.35431,59,0.01331,64,0.15162,59,0.02105,48,-0.3074,41,-0.5667,71,0.30798,45,-0.4108
ENSG00000100335,MIEF1,23,-0.2471,21,-0.4411,27,-0.0012,29,0.08017,26,-0.0511,38,0.52675,19,-0.5901,21,-0.4155,19,-0.5489,50,1.00805
ENSG00000128272,ATF4,229,0.66394,145,-0.0799,104,-0.6071,172,0.19160,267,0.93215,161,0.08924,148,-0.0435,68,-1.2441,84,-0.9284,148,-0.0539
ENSG00000187051,RPS19BP1,134,0.37820,100,-0.1014,104,-0.0351,103,-0.0444,108,0.01991,200,1.05408,93,-0.2173,82,-0.4016,85,-0.3489,54,-1.0446
ENSG00000100346,CACNA1I,6,-1.8032,11,-0.8110,20,0.05628,13,-0.6267,44,1.39159,52,1.71464,17,-0.1811,16,-0.3042,7,-1.5913,7,-1.4695
ENSG00000100354,TNRC6B,51,-0.3535,69,0.11367,75,0.24770,58,-0.1537,56,-0.2181,49,-0.4015,63,-0.0211,71,0.15959,66,0.06229,82,0.39516
ENSG00000239900,ADSL,17,-0.6627,20,-0.4146,35,0.47563,43,0.83267,40,0.70838,28,0.14290,17,-0.6753,16,-0.7119,13,-0.9815,29,0.20696
ENSG00000100359,SGSM3,38,-0.4296,60,0.28474,62,0.34142,56,0.15604,41,-0.3381,99,1.13362,34,-0.6297,37,-0.4649,29,-0.8378,47,-0.0957
ENSG00000196588,MRTFA,15,-1.2667,37,0.09006,53,0.64781,40,0.18226,47,0.44220,29,-0.3247,29,-0.3289,29,-0.3133,26,-0.4633,50,0.54246
ENSG00000100372,SLC25A17,14,-0.7259,38,0.84736,35,0.74852,22,-0.0138,16,-0.5012,24,0.10251,20,-0.1473,12,-0.9538,22,-0.0234,20,-0.1563
ENSG00000100380,ST13,325,0.72071,223,0.09942,140,-0.6294,222,0.09123,187,-0.1845,293,0.54954,170,-0.3321,149,-0.5344,205,-0.0337,182,-0.2252
ENSG00000100387,RBX1,211,-0.0931,263,0.26032,252,0.19418,217,-0.0511,259,0.23516,232,0.06078,178,-0.3639,172,-0.4133,283,0.38395,170,-0.4349
ENSG00000100393,EP300,27,-0.1813,51,0.83195,42,0.50219,22,-0.4899,33,0.11507,28,-0.1237,22,-0.5290,24,-0.3571,22,-0.5361,35,0.21030
ENSG00000100395,L3MBTL2,22,-0.9673,45,0.09284,66,0.73655,61,0.59066,53,0.37496,63,0.66189,24,-0.8465,23,-0.8952,24,-0.8405,39,-0.1280
ENSG00000100401,RANGAP1,146,-0.2054,163,-0.0293,169,0.02459,289,0.91398,165,-0.0147,204,0.32528,150,-0.1648,117,-0.5502,144,-0.2352,118,-0.5392
ENSG00000100403,ZC3H7B,101,1.06183,42,-0.3660,35,-0.6740,70,0.44888,39,-0.4815,53,-0.0165,52,-0.0464,42,-0.3820,38,-0.5466,62,0.24666
ENSG00000167074,TEF,48,-0.4647,94,0.58886,108,0.82604,54,-0.3124,54,-0.2957,61,-0.0975,48,-0.4716,54,-0.2851,70,0.10366,61,-0.0968
ENSG00000183864,TOB2,72,1.49889,16,-0.9932,18,-0.7950,17,-0.8223,11,-1.4811,28,-0.1242,28,-0.1139,39,0.44135,19,-0.7067,51,0.88347
ENSG00000100410,PHF5A,30,0.51567,24,0.17098,26,0.28070,14,-0.7089,14,-0.6573,26,0.30141,21,-0.0540,15,-0.5984,27,0.34778,20,-0.0990
ENSG00000100412,ACO2,218,-0.0701,210,-0.1238,228,0.00166,236,0.05982,260,0.21536,182,-0.3527,280,0.33890,244,0.11166,204,-0.1686,212,-0.1126
ENSG00000100413,POLR3H,49,-0.3315,63,0.05079,85,0.53880,100,0.82244,60,-0.0097,58,-0.0697,49,-0.3507,50,-0.2990,26,-1.2811,67,0.16288
ENSG00000100417,PMM1,52,-0.4051,60,-0.1818,89,0.43882,94,0.54166,89,0.43757,99,0.61629,38,-0.8931,36,-0.9620,43,-0.7125,76,0.19752
ENSG00000100418,DESI1,35,-0.3924,37,-0.3182,77,0.88242,40,-0.1966,51,0.19994,44,-0.0372,43,-0.0790,42,-0.1039,40,-0.1837,42,-0.1179
ENSG00000196419,XRCC6,127,-0.4732,209,0.31898,193,0.19267,196,0.21473,203,0.27445,138,-0.3495,148,-0.2342,114,-0.6470,185,0.11795,203,0.27376
ENSG00000100138,SNU13,131,-1.1991,264,-0.1118,294,0.05569,286,0.01475,314,0.16444,421,0.64720,237,-0.2851,201,-0.5403,331,0.25106,357,0.37395
ENSG00000198911,SREBF2,145,-0.3786,146,-0.3658,208,0.19798,173,-0.1014,224,0.31580,261,0.56862,155,-0.2711,205,0.16980,169,-0.1359,156,-0.2624
ENSG00000205704,LINC00634,5,-2.5661,21,-0.5589,58,1.07139,41,0.48961,23,-0.4676,42,0.52986,24,-0.3939,26,-0.2407,16,-0.9983,48,0.75580
ENSG00000100167,SEPTIN3,83,-2.0089,392,0.37190,299,-0.0652,412,0.45413,395,0.38366,334,0.10937,298,-0.0738,284,-0.1482,341,0.14619,279,-0.1755
ENSG00000183172,SMDT1,111,-0.2084,128,0.01926,129,0.03777,139,0.15378,134,0.09396,175,0.53819,87,-0.5782,128,0.02935,109,-0.2272,121,-0.0665
ENSG00000184983,NDUFA6,80,-0.8809,206,0.62595,104,-0.4768,153,0.14039,146,0.06453,157,0.17948,106,-0.4467,106,-0.4434,163,0.24085,184,0.43821
ENSG00000100207,TCF20,25,0.24731,37,0.89892,16,-0.3893,29,0.48212,11,-0.9274,18,-0.2400,15,-0.4832,17,-0.3770,26,0.33409,17,-0.2992
ENSG00000189306,RRP7A,44,0.36479,23,-0.6755,27,-0.4000,37,0.09040,51,0.61300,39,0.15590,35,-0.0076,25,-0.5122,22,-0.7192,48,0.50148
ENSG00000100227,POLDIP3,41,0.32666,77,1.41437,26,-0.3994,29,-0.2437,19,-0.8706,34,0.02619,33,-0.0053,23,-0.5752,17,-1.0071,35,0.08357
ENSG00000100243,CYB5R3,182,0.59673,154,0.31929,88,-0.5647,115,-0.1538,114,-0.1680,142,0.19188,114,-0.1547,122,-0.0493,97,-0.4107,134,0.09749
ENSG00000242247,ARFGAP3,9,-1.4518,25,0.08162,36,0.66067,18,-0.4375,24,0.04127,31,0.41853,20,-0.2314,32,0.46532,19,-0.3377,23,-0.0265
ENSG00000100266,PACSIN2,37,-0.0611,20,-1.0467,62,0.76906,48,0.33673,35,-0.1885,52,0.46782,24,-0.7564,27,-0.5805,36,-0.1087,48,0.35096
ENSG00000100294,MCAT,4,-2.9907,30,0.03092,27,-0.1359,43,0.63879,25,-0.2603,51,0.91061,23,-0.3414,19,-0.6987,32,0.12437,39,0.48462
ENSG00000100300,TSPO,75,2.24653,19,-0.1382,5,-2.0752,16,-0.4112,9,-1.3246,2,-3.0041,15,-0.5069,26,0.28876,8,-1.4565,37,0.91469
ENSG00000100304,TTLL12,15,-0.6663,12,-1.0071,21,-0.1679,37,0.73111,39,0.83673,26,0.19616,25,0.07741,22,-0.0971,18,-0.4346,19,-0.2966
ENSG00000186732,MPPED1,26,-2.4872,175,0.40707,146,0.11498,121,-0.1872,174,0.39623,218,0.78250,157,0.23190,97,-0.5259,80,-0.8171,165,0.31476
ENSG00000130540,SULT4A1,44,-2.4996,266,0.21918,209,-0.1623,352,0.68924,398,0.89750,386,0.84618,244,0.08372,119,-1.0344,133,-0.8683,166,-0.5226
ENSG00000100347,SAMM50,24,-0.8729,51,0.27392,50,0.25755,49,0.20688,47,0.14013,41,-0.0810,36,-0.2856,33,-0.4290,47,0.13403,52,0.30704
ENSG00000188677,PARVB,2,-3.7345,36,0.50966,38,0.60162,34,0.39858,22,-0.2801,17,-0.6913,36,0.49104,18,-0.6074,32,0.31412,29,0.16068
ENSG00000138944,SHISAL1,13,-1.6442,48,0.30258,29,-0.4986,24,-0.8085,63,0.73844,58,0.60935,68,0.87358,31,-0.3945,25,-0.7320,41,0.02365
ENSG00000188636,RTL6,36,-0.5412,91,0.94259,57,0.17637,33,-0.6887,42,-0.3174,55,0.11731,69,0.48198,37,-0.5142,61,0.28470,32,-0.7520
ENSG00000093000,NUP50,35,-0.5432,54,0.11745,68,0.49257,53,0.08662,66,0.44375,48,-0.0724,37,-0.4679,31,-0.7291,55,0.15833,54,0.10135
ENSG00000100364,KIAA0930,422,2.17163,111,-0.1961,107,-0.2651,65,-1.0194,101,-0.3487,105,-0.2954,80,-0.7068,94,-0.4564,86,-0.6045,90,-0.5314
ENSG00000077942,FBLN1,43,1.15988,28,0.41583,16,-0.4666,11,-1.0545,3,-2.6947,6,-1.9064,14,-0.6205,36,0.85960,15,-0.5362,42,1.12265
ENSG00000130638,ATXN10,91,-1.3280,280,0.42436,305,0.56646,196,-0.1538,294,0.50602,185,-0.2411,168,-0.3949,125,-0.8430,284,0.44760,228,0.08935
ENSG00000100416,TRMU,29,0.69790,12,-0.6436,23,0.33833,34,0.94617,11,-0.8721,34,0.94154,7,-1.5430,8,-1.2805,14,-0.4774,18,-0.1003
ENSG00000075240,GRAMD4,21,-0.5520,40,0.45804,43,0.59470,30,-0.0064,37,0.34689,30,0.02687,23,-0.3912,22,-0.4974,30,0.00794,23,-0.4178
ENSG00000100422,CERK,18,-1.7886,76,0.37770,31,-1.0046,65,0.12969,37,-0.7679,108,0.97295,87,0.60685,54,-0.1640,57,-0.0864,67,0.18073
ENSG00000054611,TBC1D22A,25,0.55907,16,-0.1120,20,0.18691,19,0.13018,20,0.22682,16,-0.1619,14,-0.3074,18,0.06691,12,-0.5251,14,-0.3211
ENSG00000219438,TAFA5,70,-0.7326,88,-0.3844,133,0.27557,165,0.63446,95,-0.2581,73,-0.6697,98,-0.2085,99,-0.2037,194,0.91459,105,-0.0982
ENSG00000184164,CRELD2,50,1.21156,24,-0.0592,32,0.43949,35,0.59248,12,-1.0183,27,0.16830,8,-1.6776,16,-0.6399,24,-0.0517,16,-0.6863
ENSG00000198355,PIM3,29,-0.0680,32,0.07368,28,-0.1246,36,0.27418,48,0.76156,42,0.54972,24,-0.3892,17,-0.8672,35,0.25423,11,-1.5117
ENSG00000100427,MLC1,187,1.35433,77,-0.1341,53,-0.7325,27,-1.7445,37,-1.2438,47,-0.9016,58,-0.5856,193,1.42021,43,-1.0451,120,0.57328
ENSG00000073150,PANX2,20,-0.6626,34,0.15809,26,-0.2535,18,-0.8476,28,-0.1307,32,0.06295,54,0.93439,32,0.09532,26,-0.2319,36,0.25235
ENSG00000073169,SELENOO,59,1.28820,23,-0.2726,30,0.13752,27,0.01223,29,0.09091,11,-1.3402,21,-0.3787,12,-1.2431,27,-0.0326,34,0.33935
ENSG00000128159,TUBGCP6,69,1.26155,35,0.10732,47,0.60377,27,-0.2997,35,0.11583,28,-0.2296,21,-0.6927,15,-1.1435,29,-0.1557,19,-0.8364
ENSG00000188130,MAPK12,30,-0.4903,39,-0.0389,88,1.31054,32,-0.3552,29,-0.5149,53,0.41881,19,-1.1859,24,-0.8321,51,0.38379,40,-0.0042
ENSG00000185386,MAPK11,5,-2.3420,39,0.74457,38,0.71945,32,0.39924,39,0.76153,17,-0.5452,20,-0.3356,22,-0.1680,19,-0.4426,15,-0.7152
ENSG00000196576,PLXNB2,44,0.32104,46,0.40783,43,0.30564,37,0.04868,13,-1.4872,13,-1.5094,37,0.07408,40,0.18398,13,-1.5506,71,1.14084
ENSG00000205593,DENND6B,28,-0.7231,41,-0.1035,66,0.65379,102,1.41933,39,-0.1938,37,-0.2636,33,-0.4349,20,-1.1884,36,-0.3118,39,-0.2130
ENSG00000100239,PPP6R2,43,-0.2526,43,-0.2662,56,0.15380,51,0.00951,47,-0.1259,83,0.79087,50,-0.0291,38,-0.4762,46,-0.1494,52,0.04189
ENSG00000100241,SBF1,96,0.45290,79,0.13426,68,-0.1103,45,-0.7346,61,-0.2694,69,-0.0805,97,0.47376,65,-0.1738,48,-0.6497,98,0.48290
ENSG00000100258,LMF2,40,0.48602,32,0.13102,35,0.25888,39,0.44907,33,0.14366,33,0.14650,17,-0.8697,20,-0.5932,15,-1.0935,34,0.20528
ENSG00000025770,NCAPH2,37,0.50895,32,0.28959,33,0.31761,23,-0.2183,29,0.13792,23,-0.2548,18,-0.5939,20,-0.4877,24,-0.1988,30,0.16423
ENSG00000284194,SCO2,12,-1.0376,29,0.29950,24,0.00746,24,-0.0232,33,0.50432,29,0.28115,23,-0.1005,15,-0.7771,21,-0.2282,33,0.46288
ENSG00000100288,CHKB,23,-0.0381,19,-0.3701,33,0.54638,35,0.64001,21,-0.2046,14,-0.7616,21,-0.1560,22,-0.1495,20,-0.2630,29,0.29645
ENSG00000008735,MAPK8IP2,127,-1.1530,234,-0.2053,292,0.14424,276,0.05483,282,0.08994,308,0.23139,285,0.10751,199,-0.4618,357,0.47583,307,0.22770
ENSG00000100299,ARSA,50,1.29307,26,0.19596,29,0.34141,9,-1.3400,35,0.69686,14,-0.8043,9,-1.3983,19,-0.3109,15,-0.6227,24,0.08212
ENSG00000251322,SHANK3,23,0.17101,8,-1.3790,25,0.32141,34,0.85248,11,-0.9248,9,-1.1729,18,-0.1480,35,0.87801,19,-0.0913,21,0.02268
ENSG00000079974,RABL2B,12,-1.1173,30,0.27884,37,0.62885,30,0.32067,39,0.72092,39,0.70548,15,-0.7827,19,-0.3970,18,-0.5032,11,-1.2493
ENSG00000182378,PLCXD1,20,0.38671,33,1.25713,17,0.17644,10,-0.6434,11,-0.4573,16,0.04813,12,-0.4402,16,0.07345,7,-1.2637,13,-0.2988
ENSG00000178605,GTPBP6,48,0.58647,27,-0.3126,45,0.45740,38,0.18392,22,-0.6307,43,0.39984,25,-0.4533,36,0.09868,26,-0.4147,26,-0.4068
ENSG00000169100,SLC25A6,183,-0.8030,354,0.23895,378,0.34662,291,-0.0792,303,-0.0128,298,-0.0388,317,0.06112,250,-0.3171,244,-0.3558,436,0.58420
ENSG00000169093,ASMTL,44,-0.0376,51,0.19431,88,1.09769,36,-0.3444,62,0.51116,54,0.28559,28,-0.7220,33,-0.5077,24,-0.9518,32,-0.5387
ENSG00000197976,AKAP17A,35,1.17753,6,-1.4872,17,0.01605,13,-0.3754,16,-0.0941,21,0.32853,12,-0.4996,19,0.18863,19,0.16123,12,-0.5923
ENSG00000214717,ZBED1,24,0.17049,32,0.68344,27,0.41461,11,-0.9851,37,0.90548,14,-0.6705,18,-0.2318,24,0.23140,13,-0.6966,11,-1.0252
ENSG00000002586,CD99,288,2.56044,58,-0.3507,44,-0.7753,25,-1.6358,21,-1.8601,29,-1.4140,40,-0.9304,114,0.73756,27,-1.4793,79,0.13900
ENSG00000146938,NLGN4X,15,-1.9023,60,0.20478,60,0.20824,46,-0.2122,39,-0.4679,78,0.62679,42,-0.3523,46,-0.2165,89,0.86613,53,-0.0037
ENSG00000101846,STS,0,-8.8873,39,-0.6979,61,0.00899,125,1.20459,63,0.05638,92,0.67040,60,-0.0408,46,-0.4435,68,0.17846,57,-0.1213
ENSG00000011201,ANOS1,16,-0.9272,52,0.99018,37,0.43218,15,-0.9976,7,-2.1153,28,-0.0150,11,-1.4162,42,0.62956,21,-0.4514,56,1.12474
ENSG00000146950,SHROOM2,7,-2.3630,43,0.39119,32,-0.1169,38,0.18088,46,0.49992,26,-0.4219,31,-0.1246,32,-0.1035,58,0.88560,26,-0.3939
ENSG00000073464,CLCN4,89,-0.4520,136,0.21757,107,-0.1676,173,0.61259,141,0.27465,123,0.05178,82,-0.5893,76,-0.6903,146,0.33446,116,-0.0423
ENSG00000004961,HCCS,11,-1.2513,21,-0.3189,32,0.38161,39,0.68906,40,0.72506,35,0.53177,12,-1.1031,21,-0.2874,22,-0.2183,21,-0.3170
ENSG00000005302,MSL3,19,-0.9437,31,-0.1595,41,0.27738,13,-1.4646,60,0.90777,25,-0.5132,40,0.23763,25,-0.4700,57,0.82817,34,-0.0332
ENSG00000169933,FRMPD4,7,-2.7691,66,0.57778,47,0.02778,58,0.36336,50,0.11548,61,0.44634,32,-0.5650,29,-0.7020,58,0.36450,54,0.25457
ENSG00000101911,PRPS2,13,-1.8217,64,0.59732,36,-0.3335,81,1.00242,57,0.40069,65,0.63033,29,-0.6479,11,-2.1000,27,-0.7525,60,0.48397
ENSG00000205542,TMSB4X,4232,1.06622,1417,-0.7196,1868,-0.2898,2041,-0.1499,2402,0.11118,2898,0.41785,1549,-0.5817,1249,-0.9124,2886,0.41123,1877,-0.2824
ENSG00000123595,RAB9A,36,0.85295,10,-1.0744,29,0.53199,22,0.10051,18,-0.2266,14,-0.6642,23,0.16641,12,-0.8076,20,-0.0536,25,0.27299
ENSG00000196459,TRAPPC2,16,-1.1214,49,0.58143,36,0.10164,26,-0.4211,47,0.52787,34,0.02467,42,0.34318,31,-0.1655,28,-0.2776,30,-0.1956
ENSG00000046653,GPM6B,1972,1.57614,639,-0.3416,675,-0.2533,433,-0.9422,625,-0.3763,439,-0.9209,638,-0.3431,1206,0.69250,597,-0.4462,698,-0.2008
ENSG00000182287,AP1S2,54,-0.7074,143,0.87999,59,-0.5488,75,-0.1860,98,0.24558,62,-0.4797,55,-0.6601,118,0.54518,36,-1.3020,142,0.86628
ENSG00000169895,SYAP1,23,-0.8550,33,-0.2947,40,0.00919,49,0.33960,27,-0.6222,49,0.31648,31,-0.3885,36,-0.1560,39,-0.0419,72,0.98252
ENSG00000102054,RBBP7,43,-0.7610,92,0.43807,103,0.62392,95,0.49839,46,-0.6604,86,0.32463,41,-0.8176,54,-0.3972,79,0.19817,61,-0.2076
ENSG00000169891,REPS2,52,-0.9116,132,0.56642,126,0.48902,82,-0.2099,148,0.76331,131,0.55981,63,-0.6146,62,-0.6341,56,-0.7914,80,-0.2362
ENSG00000008086,CDKL5,24,-1.9995,89,-0.0321,153,0.87244,78,-0.2236,128,0.56923,76,-0.2662,76,-0.2786,89,-0.0288,119,0.44135,72,-0.3592
ENSG00000131828,PDHA1,49,-0.7667,77,-0.0669,84,0.05424,108,0.47692,91,0.19557,100,0.34574,60,-0.4532,59,-0.4919,81,-0.0009,97,0.30352
ENSG00000147010,SH3KBP1,38,-0.3092,54,0.25489,43,-0.0986,35,-0.4228,63,0.51019,36,-0.3822,37,-0.3403,47,0.04568,60,0.44045,46,0.00507
ENSG00000184368,MAP7D2,5,-4.4103,74,-0.5804,91,-0.2539,159,0.65076,160,0.66201,165,0.71549,132,0.34402,80,-0.4496,108,0.02268,94,-0.2074
ENSG00000173674,EIF1AX,76,-0.9004,127,-0.1127,148,0.13153,127,-0.1041,174,0.39712,196,0.59451,157,0.22728,94,-0.5729,122,-0.1675,140,0.03961
ENSG00000177189,RPS6KA3,0,-7.8920,52,0.90112,35,0.23823,34,0.16434,54,0.95194,26,-0.2425,10,-1.6012,28,-0.1481,30,-0.0098,34,0.18969
ENSG00000149970,CNKSR2,5,-4.8663,145,-0.0863,270,0.95128,255,0.85163,170,0.17356,127,-0.2856,103,-0.6182,103,-0.6155,220,0.59488,128,-0.2791
ENSG00000012174,MBTPS2,12,-0.8524,33,0.71688,23,0.16511,19,-0.1833,23,0.12301,24,0.20339,15,-0.5526,22,0.07733,19,-0.1380,21,-0.0117
ENSG00000102172,SMS,24,-1.8439,94,0.20963,67,-0.3223,205,1.56444,105,0.38530,86,0.06372,69,-0.2733,60,-0.4972,65,-0.3800,50,-0.7854
ENSG00000123131,PRDX4,30,-0.0641,52,0.84505,21,-0.6184,30,-0.0178,24,-0.3823,35,0.19230,23,-0.4731,35,0.19611,25,-0.3330,35,0.18105
ENSG00000123130,ACOT9,6,-1.4881,21,0.33115,18,0.04184,26,0.64857,14,-0.3161,23,0.49374,16,-0.1000,5,-1.6894,21,0.33429,21,0.30841
ENSG00000130066,SAT1,135,0.53098,112,0.22724,101,0.05351,98,0.00768,54,-0.9121,99,0.02764,100,0.04050,101,0.05798,66,-0.6029,108,0.16553
ENSG00000184831,APOO,15,-2.1501,75,0.24482,49,-0.4376,69,0.11376,96,0.65389,87,0.48974,39,-0.7675,35,-0.9513,112,0.91665,66,0.05266
ENSG00000130741,EIF2S3,43,-0.7973,119,0.82632,54,-0.4459,76,0.08802,92,0.39565,56,-0.3934,58,-0.3375,62,-0.2524,77,0.09893,84,0.24379
ENSG00000005889,ZFX,14,-0.3563,21,0.28427,12,-0.5895,25,0.59121,13,-0.4175,16,-0.1598,14,-0.3430,25,0.57203,23,0.45929,11,-0.6361
ENSG00000067992,PDK3,7,-3.5953,79,-0.0224,64,-0.3464,148,1.03110,83,0.07412,115,0.59918,108,0.49769,39,-1.0873,72,-0.1636,82,0.04020
ENSG00000004848,ARX,10,-1.7714,72,1.39579,20,-0.7060,18,-0.8518,18,-0.9007,80,1.60182,28,-0.1816,14,-1.2191,14,-1.2352,42,0.45623
ENSG00000157625,TAB3,1,-3.9581,21,-0.0621,20,-0.0954,20,-0.1489,32,0.66191,46,1.26297,21,-0.0697,17,-0.3720,15,-0.5585,23,0.10058
ENSG00000198947,DMD,14,-1.5521,71,1.01260,30,-0.3827,40,0.06925,44,0.21188,41,0.07732,27,-0.5719,48,0.33264,18,-1.2039,54,0.55325
ENSG00000147027,TMEM47,20,-1.6746,80,0.44818,57,-0.1175,45,-0.4614,41,-0.6140,24,-1.4424,59,-0.0574,151,1.55540,31,-1.0177,101,0.83607
ENSG00000130962,PRRG1,129,3.31641,14,-0.8246,9,-1.5198,11,-1.2374,11,-1.1955,15,-0.7391,7,-1.7987,8,-1.6684,21,-0.2450,18,-0.4715
ENSG00000047597,XK,8,-1.2824,13,-0.6275,24,0.37440,21,0.18974,23,0.29558,39,1.18239,24,0.34939,15,-0.3201,16,-0.2914,7,-1.3965
ENSG00000165169,DYNLT3,31,-2.0539,84,-0.5575,70,-0.8185,188,0.74703,152,0.39679,242,1.18954,106,-0.1807,85,-0.5352,134,0.19219,101,-0.2701
ENSG00000156298,TSPAN7,234,-2.2050,1591,0.77137,1131,0.20270,1261,0.38060,1252,0.36885,1206,0.30740,705,-0.5461,808,-0.3352,1098,0.15499,690,-0.5798
ENSG00000165175,MID1IP1,322,2.99441,34,-1.0570,28,-1.3662,35,-1.0331,43,-0.7216,20,-1.8682,40,-0.8169,59,-0.2343,51,-0.4631,50,-0.4757
ENSG00000182220,ATP6AP2,153,-1.1285,293,-0.1242,384,0.31568,426,0.48691,473,0.66240,390,0.34098,240,-0.4329,189,-0.8031,321,0.02439,293,-0.1239
ENSG00000180182,MED14,49,1.27815,30,0.40928,27,0.25666,14,-0.7547,14,-0.7662,28,0.33759,13,-0.8249,19,-0.3097,10,-1.2574,25,0.15406
ENSG00000124486,USP9X,67,-0.3766,44,-1.0061,99,0.25545,135,0.77286,90,0.10260,89,0.07018,66,-0.3892,75,-0.1906,75,-0.1893,106,0.36680
ENSG00000215301,DDX3X,125,-0.2458,190,0.42924,95,-0.6605,152,0.06966,180,0.34546,119,-0.3152,144,-0.0207,119,-0.3194,144,-0.0151,188,0.41283
ENSG00000147044,CASK,23,-0.6545,65,1.04611,33,-0.0894,24,-0.5820,57,0.82745,38,0.16714,27,-0.4083,34,-0.0379,18,-0.9997,28,-0.3415
ENSG00000189221,MAOA,27,-0.0668,15,-0.9599,22,-0.3561,31,0.13903,19,-0.6459,23,-0.3350,26,-0.1262,53,1.03217,24,-0.2809,43,0.69640
ENSG00000069535,MAOB,61,-0.0907,61,-0.0897,82,0.38492,49,-0.4365,90,0.52807,109,0.86025,38,-0.8119,66,0.03001,63,-0.0526,29,-1.2620
ENSG00000124479,NDP,13,-0.9395,26,0.06651,12,-1.0698,11,-1.2861,59,1.48336,22,-0.2005,43,0.91778,27,0.12252,22,-0.1530,12,-1.0865
ENSG00000069509,FUNDC1,28,-0.8294,46,-0.0825,45,-0.1156,61,0.37363,66,0.50061,81,0.85196,29,-0.8006,36,-0.4761,44,-0.1318,47,-0.0252
ENSG00000065923,SLC9A7,7,-2.6840,52,0.23107,69,0.70874,28,-0.7099,53,0.26642,75,0.85224,37,-0.2959,40,-0.1819,47,0.06893,40,-0.1893
ENSG00000147123,NDUFB11,115,-0.9200,317,0.70039,231,0.17267,189,-0.1479,230,0.16720,301,0.61252,121,-0.8455,149,-0.5178,186,-0.1736,235,0.19872
ENSG00000182872,RBM10,52,0.23192,52,0.21939,54,0.28132,53,0.25063,53,0.24201,34,-0.4278,54,0.27453,41,-0.1634,23,-1.0493,37,-0.3114
ENSG00000130985,UBA1,89,-1.0411,220,0.37111,208,0.27486,185,0.09281,221,0.37807,169,-0.0565,130,-0.4712,126,-0.5171,204,0.24335,199,0.20426
ENSG00000102225,CDK16,49,-0.6091,81,0.17342,62,-0.2682,70,-0.0726,104,0.58587,77,0.07998,92,0.37167,56,-0.4159,63,-0.2429,76,0.06749
ENSG00000102226,USP11,107,-1.5406,469,0.78014,417,0.57993,334,0.21364,317,0.12887,367,0.36636,208,-0.5381,220,-0.4481,276,-0.0927,211,-0.5174
ENSG00000008056,SYN1,77,-2.6245,652,0.66494,437,0.00734,513,0.26614,746,0.89644,587,0.48740,362,-0.2912,324,-0.4673,340,-0.3918,315,-0.5110
ENSG00000126767,ELK1,22,-1.1039,65,0.55313,101,1.32444,36,-0.3745,25,-0.9519,49,0.11707,44,-0.0804,43,-0.1135,44,-0.0773,31,-0.5915
ENSG00000126756,UXT,83,1.21537,45,0.18304,33,-0.2926,31,-0.4227,24,-0.8199,29,-0.5035,37,-0.1253,34,-0.2800,37,-0.1210,49,0.32684
ENSG00000068438,FTSJ1,14,-0.3930,8,-1.2347,31,0.85166,19,0.03567,18,-0.0589,27,0.59261,19,0.02697,22,0.26009,8,-1.2132,19,0.04568
ENSG00000102312,PORCN,12,-1.2079,37,0.47875,32,0.27208,38,0.53834,46,0.87028,45,0.82420,18,-0.5989,13,-1.1352,15,-0.9383,16,-0.8444
ENSG00000147155,EBP,12,-1.1332,35,0.55120,19,-0.3963,30,0.29257,33,0.46629,39,0.73454,24,-0.0731,16,-0.7005,20,-0.3426,21,-0.2593
ENSG00000068354,TBC1D25,10,-1.2630,24,-0.0317,34,0.52452,28,0.20986,33,0.46843,32,0.42863,17,-0.5309,19,-0.3879,13,-0.9882,34,0.55073
ENSG00000102317,RBM3,65,-0.0393,67,0.00733,97,0.60102,84,0.37258,63,-0.1073,73,0.12662,50,-0.4689,37,-0.9258,56,-0.2773,78,0.25061
ENSG00000101940,WDR13,118,0.64111,56,-0.5602,70,-0.1938,67,-0.2671,80,0.00531,77,-0.0532,96,0.30793,54,-0.6173,65,-0.3217,113,0.57506
ENSG00000094631,HDAC6,35,0.45291,81,1.94661,14,-0.9902,18,-0.5880,18,-0.5673,18,-0.5769,13,-1.1016,20,-0.4454,16,-0.7707,32,0.31496
ENSG00000102109,PCSK1N,344,-0.9922,576,-0.1932,776,0.28696,577,-0.1909,591,-0.1509,884,0.50166,685,0.08370,612,-0.0948,619,-0.0785,837,0.41152
ENSG00000102103,PQBP1,64,0.28151,56,0.07800,44,-0.3115,83,0.71719,67,0.37203,65,0.31972,38,-0.5140,37,-0.5499,56,0.09115,23,-1.2938
ENSG00000126768,TIMM17B,69,0.37610,71,0.41895,66,0.29264,56,0.02949,57,0.05519,71,0.41345,32,-0.8441,41,-0.4681,45,-0.3122,42,-0.4379
ENSG00000068308,OTUD5,56,-0.1910,88,0.54252,51,-0.3498,102,0.78303,76,0.29280,56,-0.1906,50,-0.3626,48,-0.4223,47,-0.4777,59,-0.1194
ENSG00000068400,GRIPAP1,69,-0.1359,61,-0.3220,72,-0.0600,120,0.77054,109,0.61100,83,0.16530,78,0.07529,56,-0.4685,44,-0.8218,57,-0.4187
ENSG00000068323,TFE3,39,-0.1019,59,0.57894,45,0.12595,35,-0.2789,55,0.47311,28,-0.6032,42,0.02408,43,0.05719,20,-1.0919,48,0.23075
ENSG00000243279,PRAF2,57,-0.9452,119,0.20721,86,-0.3044,165,0.74529,118,0.19447,137,0.43525,87,-0.2973,68,-0.6758,87,-0.3002,124,0.26885
ENSG00000196998,WDR45,37,-0.1719,65,0.72323,24,-0.8608,25,-0.7675,34,-0.3063,41,-0.0098,45,0.12572,34,-0.3307,27,-0.6647,84,1.16704
ENSG00000068394,GPKOW,39,0.68334,27,0.10290,20,-0.3784,22,-0.2242,34,0.44485,29,0.18968,11,-1.2135,19,-0.4222,20,-0.3507,33,0.42875
ENSG00000102003,SYP,110,-2.5474,626,0.09072,595,0.00706,720,0.31748,978,0.83168,925,0.73626,586,-0.0169,346,-0.8373,570,-0.0598,464,-0.3858
ENSG00000049769,PPP1R3F,37,-0.1059,47,0.27771,43,0.13707,37,-0.0993,52,0.44376,38,-0.0891,29,-0.4982,26,-0.6335,37,-0.0975,50,0.36465
ENSG00000273820,USP27X,8,-1.8001,23,-0.2981,28,-0.0416,38,0.46178,37,0.41448,36,0.40704,37,0.43158,19,-0.6430,22,-0.3840,35,0.34187
ENSG00000122824,NUDT10,2,-3.0625,11,-0.9847,24,0.16049,25,0.26066,38,0.93167,42,1.11089,20,-0.0651,3,-2.6814,26,0.28933,22,0.07490
ENSG00000196368,NUDT11,13,-1.9869,47,-0.0612,78,0.76350,73,0.66212,55,0.19141,51,0.05439,54,0.15213,19,-1.4520,50,0.05149,49,0.00074
ENSG00000189369,GSPT2,21,-0.1606,29,0.34645,29,0.32340,16,-0.6224,24,0.07111,33,0.57452,21,-0.1395,29,0.33537,18,-0.4266,14,-0.8255
ENSG00000179222,MAGED1,114,-1.2815,194,-0.4741,231,-0.2004,270,0.05166,385,0.63304,501,1.08819,210,-0.3520,162,-0.7519,244,-0.1106,308,0.26004
ENSG00000184205,TSPYL2,43,-1.8776,174,0.25026,260,0.92519,159,0.10273,138,-0.1172,164,0.15877,84,-0.8829,82,-0.9230,170,0.21700,213,0.58974
ENSG00000232593,KANTR,14,-0.2726,27,0.80539,16,-0.0098,19,0.21921,20,0.28950,20,0.30835,5,-1.6521,19,0.18769,3,-2.4179,22,0.45133
ENSG00000126012,KDM5C,15,-1.1903,41,0.31365,47,0.54520,26,-0.4068,27,-0.3204,45,0.48388,33,-0.0430,29,-0.2300,41,0.32272,31,-0.1107
ENSG00000124313,IQSEC2,36,-1.0649,69,-0.0530,93,0.41748,87,0.31105,77,0.11302,83,0.24220,57,-0.3446,67,-0.1043,74,0.05299,73,0.02450
ENSG00000072501,SMC1A,52,1.60579,12,-0.8404,24,0.30662,13,-0.7041,24,0.26951,11,-0.8953,15,-0.4241,17,-0.3039,12,-0.8205,23,0.17513
ENSG00000072506,HSD17B10,36,0.72820,23,-0.0334,14,-0.7861,14,-0.8042,7,-1.7045,25,0.11767,20,-0.2565,35,0.66038,28,0.31120,30,0.42842
ENSG00000086758,HUWE1,112,0.38051,93,0.07737,80,-0.1464,84,-0.0799,76,-0.2370,118,0.47469,86,-0.0415,69,-0.3803,86,-0.0326,78,-0.1965
ENSG00000158526,TSR2,213,1.24539,78,-0.4210,129,0.37618,82,-0.3437,118,0.23942,81,-0.3656,80,-0.3876,55,-0.9643,85,-0.2814,99,-0.0476
ENSG00000102316,MAGED2,98,-0.5992,214,0.64971,114,-0.3690,125,-0.2305,218,0.68213,201,0.54460,128,-0.1866,94,-0.6657,105,-0.4928,143,-0.0136
ENSG00000067445,TRO,29,-0.7106,48,0.03580,48,0.04202,63,0.48140,93,1.15366,59,0.39342,25,-0.9739,25,-0.9332,46,-0.0153,30,-0.6982
ENSG00000182518,FAM104B,8,-1.2879,18,-0.0790,14,-0.4115,15,-0.2765,14,-0.4014,18,-0.0003,18,-0.0486,19,0.03531,38,1.19453,22,0.30409
ENSG00000256045,MTRNR2L10,66,-0.1737,62,-0.2689,34,-1.1841,43,-0.8142,28,-1.4895,22,-1.8202,128,0.91742,159,1.30338,112,0.68681,82,0.16665
ENSG00000187601,MAGEH1,78,-0.7894,217,0.85662,144,0.17390,125,-0.0575,192,0.65099,153,0.27719,73,-0.8758,70,-0.9434,136,0.08291,103,-0.3532
ENSG00000083750,RRAGB,16,-1.0272,37,0.28080,37,0.28514,47,0.68118,36,0.27032,37,0.32121,22,-0.4885,24,-0.3981,32,0.06888,19,-0.7170
ENSG00000188021,UBQLN2,55,-1.3472,169,0.40263,194,0.63612,151,0.22303,162,0.33388,127,-0.0636,115,-0.2205,91,-0.5871,155,0.26036,100,-0.4398
ENSG00000204272,NBDY,46,-0.1191,44,-0.1767,48,-0.0540,47,-0.0692,66,0.47499,54,0.13629,50,0.02437,38,-0.3909,55,0.16469,46,-0.1288
ENSG00000204271,SPIN3,9,-1.0489,12,-0.6921,27,0.58228,9,-1.0534,17,-0.1926,33,0.89454,25,0.44302,14,-0.5045,25,0.45020,18,-0.0688
ENSG00000186787,SPIN2B,5,-1.9429,20,0.17320,18,0.04001,27,0.67344,22,0.37186,34,1.06522,18,0.04525,9,-1.0651,11,-0.7284,13,-0.4125
ENSG00000131089,ARHGEF9,35,-1.9169,158,0.40347,206,0.84846,93,-0.4507,183,0.64428,121,-0.0333,98,-0.3652,127,0.05257,134,0.12951,79,-0.6915
ENSG00000001497,LAS1L,57,1.66590,16,-0.4883,23,0.11334,27,0.35326,18,-0.2919,24,0.17901,14,-0.7021,9,-1.3818,13,-0.7690,16,-0.4885
ENSG00000147065,MSN,54,1.93173,7,-1.3517,9,-1.0428,1,-3.3843,16,-0.2004,7,-1.4286,3,-2.3655,21,0.23515,6,-1.5266,54,1.92805
ENSG00000089472,HEPH,33,0.88745,21,0.16085,16,-0.2647,11,-0.7806,10,-1.0447,14,-0.4708,10,-0.9727,45,1.42319,9,-1.1452,23,0.25819
ENSG00000181704,YIPF6,29,-0.1311,25,-0.3595,51,0.78389,31,-0.0307,32,-0.0044,33,0.05239,21,-0.6501,28,-0.2087,24,-0.4151,43,0.49909
ENSG00000181191,PJA1,20,-2.0356,115,0.62451,89,0.20298,85,0.13357,107,0.51618,120,0.69729,77,-0.0304,51,-0.6796,49,-0.7289,70,-0.1725
ENSG00000089289,IGBP1,47,-0.0435,51,0.06797,36,-0.4790,50,0.05242,87,0.97063,62,0.39178,33,-0.5820,48,-0.0208,39,-0.3356,32,-0.6425
ENSG00000120509,PDZD11,33,-0.5890,47,-0.0450,48,-0.0159,61,0.38818,64,0.46568,64,0.44602,35,-0.4829,54,0.19287,31,-0.6608,44,-0.1412
ENSG00000082458,DLG3,12,-2.4995,51,-0.4007,114,0.89239,83,0.36673,83,0.35138,114,0.89510,42,-0.7208,51,-0.3998,51,-0.4102,62,-0.1090
ENSG00000147164,SNX12,71,0.71299,37,-0.3193,69,0.66355,40,-0.2244,54,0.26595,30,-0.6474,37,-0.3338,31,-0.6190,54,0.26320,35,-0.4048
ENSG00000196338,NLGN3,94,0.65429,58,-0.1461,77,0.32287,49,-0.4095,55,-0.2344,67,0.09810,49,-0.4086,77,0.32647,37,-0.8149,69,0.14150
ENSG00000147130,ZMYM3,32,-0.3270,30,-0.4514,67,0.84236,31,-0.3923,69,0.90754,58,0.60846,22,-0.9175,25,-0.7496,14,-1.5931,52,0.41344
ENSG00000147140,NONO,51,-0.9919,172,0.94720,129,0.45491,88,-0.1630,87,-0.1838,102,0.06488,89,-0.1493,80,-0.3018,75,-0.4123,102,0.06580
ENSG00000147162,OGT,67,-0.7167,115,0.12354,202,1.07740,97,-0.1374,119,0.19015,119,0.18357,67,-0.7069,63,-0.7991,101,-0.0757,110,0.05271
ENSG00000242732,RTL5,13,-0.8750,27,0.22297,25,0.12753,21,-0.1266,25,0.13352,37,0.78296,15,-0.6155,11,-1.0501,14,-0.7894,42,0.97628
ENSG00000102309,PIN4,30,-0.7796,85,0.87379,60,0.28741,58,0.23533,54,0.13391,38,-0.4260,46,-0.1114,31,-0.7404,59,0.28308,37,-0.4504
ENSG00000198034,RPS4X,994,1.44749,546,0.40094,320,-0.4537,232,-0.9517,311,-0.5017,287,-0.6236,255,-0.8061,390,-0.1428,532,0.35601,403,-0.0916
ENSG00000186462,NAP1L2,14,-4.2405,295,0.30590,271,0.16877,459,1.05646,328,0.47954,351,0.59271,211,-0.2320,121,-1.0910,238,-0.0427,155,-0.7094
ENSG00000204116,CHIC1,13,-1.8065,38,-0.2398,58,0.42363,70,0.75186,33,-0.4495,45,0.03674,30,-0.6239,42,-0.0802,63,0.55825,51,0.23118
ENSG00000230590,FTX,31,0.30827,25,-0.0489,36,0.56516,19,-0.4293,18,-0.5472,18,-0.5284,14,-0.9047,32,0.34845,24,-0.0951,38,0.64814
ENSG00000225470,JPX,84,1.85804,26,-0.1655,15,-1.0091,46,0.75594,20,-0.6076,18,-0.6946,9,-1.6912,36,0.36152,17,-0.8394,18,-0.7110
ENSG00000147100,SLC16A2,13,-0.3154,15,-0.1346,20,0.32860,14,-0.2565,16,-0.0195,17,0.06331,16,0.01364,16,-0.0150,21,0.42829,14,-0.2438
ENSG00000131263,RLIM,47,-0.8946,85,0.01480,81,-0.0642,125,0.64815,141,0.84706,99,0.26305,67,-0.3597,58,-0.5879,91,0.12902,48,-0.8723
ENSG00000050030,NEXMIF,0,-7.4460,22,-0.0574,32,0.52291,21,-0.1055,37,0.80196,9,-1.3579,26,0.18725,20,-0.1700,31,0.47386,30,0.45168
ENSG00000198934,MAGEE1,14,-2.4408,58,-0.3768,88,0.28821,114,0.71205,90,0.32145,126,0.89427,40,-0.9523,46,-0.7225,119,0.79392,41,-0.9146
ENSG00000085224,ATRX,75,-0.8149,165,0.42039,171,0.48223,88,-0.5807,119,-0.1113,85,-0.6358,107,-0.2750,173,0.50320,125,-0.0326,165,0.42088
ENSG00000131174,COX7B,163,-1.5089,572,0.44271,451,0.05416,632,0.60881,423,-0.0461,515,0.27025,376,-0.2361,286,-0.6613,418,-0.0680,522,0.29396
ENSG00000102144,PGK1,119,-2.2130,650,0.38918,491,-0.0663,807,0.75063,696,0.50152,701,0.51447,328,-0.6960,303,-0.8209,543,0.09518,480,-0.1026
ENSG00000187325,TAF9B,27,-0.2872,67,1.21350,33,0.05233,32,-0.0238,30,-0.1228,46,0.56267,29,-0.1895,22,-0.6249,11,-1.6730,28,-0.2287
ENSG00000078596,ITM2A,115,0.82563,114,0.81497,34,-1.1097,22,-1.7674,65,-0.0998,44,-0.6928,47,-0.6206,80,0.23503,33,-1.1403,141,1.18887
ENSG00000131171,SH3BGRL,127,-0.0641,143,0.12231,142,0.11012,123,-0.1227,106,-0.3492,177,0.46530,114,-0.2439,133,0.00264,137,0.04706,125,-0.0951
ENSG00000155008,APOOL,10,-1.3576,51,1.18816,25,-0.0312,21,-0.2967,28,0.14355,26,0.06184,15,-0.7856,17,-0.5609,39,0.69878,20,-0.3780
ENSG00000147180,ZNF711,7,-2.3630,48,0.48045,57,0.78791,44,0.33281,32,-0.1460,60,0.84853,16,-1.2453,28,-0.3797,42,0.26901,22,-0.7635
ENSG00000188419,CHM,16,-1.3807,47,0.26926,53,0.46900,64,0.78044,40,0.01992,33,-0.3017,22,-0.8902,40,0.00541,43,0.12595,39,-0.0249
ENSG00000126733,DACH2,3,-2.7608,22,0.18429,40,1.14198,21,0.09225,13,-0.6172,22,0.13650,18,-0.1572,9,-1.2308,32,0.79487,19,-0.0796
ENSG00000186310,NAP1L3,49,-2.5760,416,0.70857,322,0.27903,217,-0.3459,366,0.49073,483,0.96580,190,-0.5557,150,-0.9219,275,0.02452,239,-0.1988
ENSG00000165194,PCDH19,4,-3.2142,52,0.60065,55,0.68198,45,0.33486,42,0.23180,27,-0.4352,26,-0.4853,30,-0.2743,30,-0.2977,50,0.52501
ENSG00000126950,TMEM35A,27,-1.1218,103,0.99794,41,-0.5057,62,0.16133,63,0.17241,94,0.85091,62,0.14838,40,-0.5282,34,-0.7738,37,-0.6462
ENSG00000102385,DRP2,5,-2.1593,22,-0.0833,44,1.08577,23,-0.0138,11,-1.1340,42,0.99150,20,-0.2189,14,-0.7096,19,-0.2666,29,0.38093
ENSG00000241343,RPL36A,1074,1.51582,380,-0.2499,400,-0.1681,284,-0.7055,364,-0.3182,381,-0.2464,405,-0.1497,389,-0.2126,349,-0.3848,424,-0.0781
ENSG00000126945,HNRNPH2,53,-1.5492,156,0.09993,186,0.38415,177,0.29819,271,1.02316,183,0.35555,71,-1.1183,119,-0.3257,134,-0.1451,117,-0.3525
ENSG00000196440,ARMCX4,28,0.11021,42,0.77303,29,0.18896,30,0.24683,16,-0.7349,19,-0.4766,14,-0.8940,22,-0.2368,35,0.49198,23,-0.1647
ENSG00000126947,ARMCX1,19,-1.2921,47,0.09529,44,0.00354,42,-0.0953,62,0.54872,49,0.17507,42,-0.0834,36,-0.3208,40,-0.1438,61,0.51250
ENSG00000198960,ARMCX6,41,1.40545,30,0.83520,14,-0.3375,8,-1.1349,11,-0.6733,8,-1.1807,15,-0.3011,17,-0.1017,21,0.26144,13,-0.5129
ENSG00000102401,ARMCX3,50,-1.0141,85,-0.2059,91,-0.0995,146,0.67096,136,0.55289,120,0.35020,74,-0.4260,62,-0.6890,116,0.29277,88,-0.1532
ENSG00000184867,ARMCX2,33,-1.0608,72,0.16030,83,0.39556,102,0.74364,112,0.90016,80,0.33052,41,-0.7287,29,-1.2478,57,-0.2056,42,-0.6802
ENSG00000184905,TCEAL2,121,-1.1658,303,0.26602,300,0.24902,337,0.43913,401,0.73577,235,-0.1412,188,-0.4899,181,-0.5545,213,-0.2963,291,0.19878
ENSG00000204071,TCEAL6,20,-2.2261,114,0.43163,132,0.68393,102,0.24293,122,0.54422,108,0.34275,51,-0.8331,49,-0.8922,108,0.33851,68,-0.4037
ENSG00000184515,BEX5,21,-3.7342,322,0.38291,278,0.14339,363,0.58398,382,0.66818,321,0.38172,253,-0.0088,159,-0.7341,232,-0.1434,211,-0.2940
ENSG00000198932,GPRASP1,39,-2.1173,220,0.52965,164,0.04758,179,0.18712,219,0.52101,238,0.66297,150,-0.0914,113,-0.5415,138,-0.2249,131,-0.3109
ENSG00000158301,GPRASP2,18,-2.6967,146,0.51387,110,0.04683,164,0.71084,160,0.66792,125,0.25427,85,-0.3471,75,-0.5565,107,0.01498,75,-0.5440
ENSG00000133169,BEX1,177,-2.3080,1146,0.57216,1002,0.34826,1160,0.59324,1064,0.44825,910,0.19227,582,-0.5170,456,-0.8940,953,0.26599,632,-0.3895
ENSG00000102409,BEX4,199,-0.9280,438,0.31547,476,0.44943,376,0.06771,525,0.61620,500,0.53173,200,-0.9213,213,-0.8223,374,0.05590,308,-0.2526
ENSG00000180964,TCEAL8,48,-0.6061,91,0.39891,64,-0.1525,69,-0.0491,85,0.30162,77,0.13649,58,-0.3157,43,-0.7757,97,0.50986,76,0.11697
ENSG00000204065,TCEAL5,27,-1.6625,108,0.47427,131,0.80693,90,0.17776,95,0.26523,94,0.25923,53,-0.6543,60,-0.4541,80,-0.0059,66,-0.3109
ENSG00000133134,BEX2,90,-2.0899,367,0.05797,407,0.22663,452,0.39855,613,0.91469,398,0.19003,251,-0.5370,216,-0.7685,417,0.26513,326,-0.1289
ENSG00000182916,TCEAL7,142,-0.3084,226,0.43303,161,-0.1109,181,0.07117,243,0.55879,255,0.63984,131,-0.4367,91,-0.9905,164,-0.0816,134,-0.4066
ENSG00000185222,TCEAL9,61,0.65992,63,0.71122,20,-1.0632,33,-0.3210,36,-0.2044,60,0.61594,34,-0.2634,35,-0.2356,27,-0.6441,38,-0.1022
ENSG00000166681,BEX3,377,-1.1701,1119,0.54619,903,0.19216,994,0.34917,997,0.35466,981,0.32731,656,-0.3191,550,-0.5939,781,-0.0421,659,-0.3106
ENSG00000133142,TCEAL4,254,0.60838,157,-0.1727,209,0.28101,222,0.37974,145,-0.3044,178,0.02531,149,-0.2567,134,-0.4294,157,-0.1747,149,-0.2563
ENSG00000196507,TCEAL3,200,0.85579,171,0.58853,93,-0.3911,117,-0.0343,106,-0.1794,124,0.06702,101,-0.2622,71,-0.7945,114,-0.0628,94,-0.3793
ENSG00000172465,TCEAL1,14,-2.5148,83,0.11347,97,0.37070,156,1.18802,80,0.05126,107,0.52364,48,-0.7460,60,-0.3958,83,0.11931,44,-0.8697
ENSG00000123562,MORF4L2,127,-1.7652,359,-0.1799,487,0.31131,357,-0.1889,618,0.70677,622,0.71975,283,-0.5510,241,-0.8013,556,0.52871,371,-0.1282
ENSG00000123560,PLP1,13753,5.15669,364,-2.3602,214,-3.1371,367,-2.3498,360,-2.3778,619,-1.5744,622,-1.5669,330,-2.5041,291,-2.6925,298,-2.6548
ENSG00000123570,RAB9B,5,-2.2879,30,0.30515,32,0.37758,33,0.41903,50,1.13686,31,0.31939,22,-0.2100,19,-0.4497,14,-0.8581,16,-0.7293
ENSG00000123575,FAM199X,40,-0.8874,91,0.41182,77,0.14463,116,0.81282,82,0.23454,68,-0.0597,54,-0.4110,64,-0.1567,64,-0.1627,51,-0.5212
ENSG00000157502,PWWP3B,2,-3.6143,11,-1.3371,19,-0.5409,66,1.53070,39,0.59461,54,1.17337,26,-0.0185,8,-1.7847,27,-0.0101,16,-0.7643
ENSG00000147224,PRPS1,32,-0.7763,39,-0.4648,40,-0.4185,58,0.16063,81,0.71409,91,0.90692,42,-0.3490,50,-0.0858,39,-0.4608,53,0.01685
ENSG00000157514,TSC22D3,88,-0.3640,217,1.11539,88,-0.3657,134,0.29548,118,0.09407,140,0.37015,97,-0.2128,62,-0.9058,73,-0.6545,96,-0.2375
ENSG00000101843,PSMD10,63,0.21390,71,0.39943,37,-0.6434,51,-0.1271,89,0.77082,57,0.03393,51,-0.1351,50,-0.1579,53,-0.0732,33,-0.8048
ENSG00000068366,ACSL4,30,-1.6633,95,0.10449,85,-0.0791,114,0.39857,110,0.33695,135,0.68588,80,-0.1753,59,-0.6555,112,0.36683,72,-0.3347
ENSG00000101938,CHRDL1,6,-2.5605,29,-0.2689,50,0.57413,27,-0.3874,8,-2.2086,15,-1.2530,57,0.80007,60,0.89720,47,0.49768,49,0.54696
ENSG00000077264,PAK3,19,-2.7651,108,-0.1620,163,0.49752,86,-0.5137,113,-0.0929,165,0.52119,112,-0.1144,136,0.20075,160,0.46985,137,0.21478
ENSG00000101901,ALG13,15,-0.6497,39,0.92929,21,-0.1233,21,-0.1176,18,-0.3007,13,-0.8009,24,0.09543,13,-0.8341,33,0.61669,27,0.30528
ENSG00000126016,AMOT,35,0.17058,30,-0.0299,23,-0.4939,27,-0.2308,8,-1.9421,31,0.02023,39,0.36895,39,0.38232,40,0.41435,38,0.30546
ENSG00000102024,PLS3,91,0.53570,47,-0.5335,79,0.29945,34,-1.0053,55,-0.2652,56,-0.2571,39,-0.8230,64,-0.0427,52,-0.3635,139,1.27230
ENSG00000131725,WDR44,22,0.60586,15,-0.0651,19,0.33215,7,-1.2421,12,-0.3137,14,-0.0997,12,-0.3658,19,0.33749,16,0.08867,17,0.11798
ENSG00000174460,ZCCHC12,0,-8.5379,95,1.16579,105,1.34610,34,-0.4993,49,0.06694,62,0.43934,18,-1.4234,47,-0.0156,30,-0.7171,33,-0.5681
ENSG00000101856,PGRMC1,210,-0.4465,434,0.72863,269,-0.0584,258,-0.1283,474,0.87750,322,0.22834,154,-0.9293,173,-0.7477,267,-0.0735,232,-0.2950
ENSG00000005022,SLC25A5,80,-1.4209,308,0.69559,149,-0.4786,286,0.57241,156,-0.4069,349,0.90956,156,-0.4082,144,-0.5269,238,0.26853,151,-0.4522
ENSG00000018610,CXorf56,10,-1.1665,26,0.27999,27,0.38525,24,0.19452,16,-0.4774,20,-0.1127,15,-0.5404,16,-0.4638,21,-0.0475,40,1.02814
ENSG00000077721,UBE2A,71,1.17762,46,0.44068,47,0.48155,14,-1.3464,38,0.14201,32,-0.1344,22,-0.7239,16,-1.1730,26,-0.4646,37,0.09815
ENSG00000186416,NKRF,8,-2.3860,30,-0.3970,65,0.83453,41,0.06879,79,1.18459,63,0.78303,20,-1.0176,19,-1.0929,39,-0.0082,26,-0.5961
ENSG00000125354,SEPTIN6,8,-2.0727,63,1.02383,23,-0.6018,37,0.11029,42,0.31675,35,0.04619,32,-0.1270,27,-0.3560,27,-0.3600,47,0.53033
ENSG00000198918,RPL39,1025,1.05889,643,0.26846,399,-0.4926,419,-0.4151,419,-0.4152,356,-0.6667,541,-0.0124,529,-0.0471,493,-0.1589,625,0.22204
ENSG00000125356,NDUFA1,211,-0.8021,426,0.30663,368,0.06627,458,0.42360,386,0.14487,308,-0.2150,350,-0.0121,238,-0.6201,379,0.11379,404,0.22024
ENSG00000101882,NKAP,27,0.09630,30,0.21653,29,0.19277,23,-0.2043,19,-0.5138,21,-0.3437,15,-0.7888,23,-0.1664,33,0.37670,39,0.66242
ENSG00000177485,ZBTB33,16,-0.7769,29,0.12328,29,0.14596,26,-0.0189,22,-0.3081,22,-0.2750,22,-0.2789,33,0.35902,33,0.32417,34,0.37099
ENSG00000005893,LAMP2,478,2.82943,87,-0.3488,50,-1.1757,54,-1.0772,33,-1.8187,79,-0.4952,69,-0.6900,86,-0.3608,66,-0.7763,79,-0.4966
ENSG00000158290,CUL4B,42,-0.0821,59,0.47705,35,-0.3772,42,-0.0568,47,0.12019,68,0.71815,21,-1.1059,42,-0.0712,34,-0.3890,49,0.16134
ENSG00000232119,MCTS1,35,-1.3765,113,0.44078,70,-0.3152,126,0.62070,135,0.74220,88,0.02996,94,0.14202,46,-0.9643,83,-0.0507,70,-0.3258
ENSG00000125675,GRIA3,48,-1.4887,85,-0.6265,192,0.67649,219,0.90130,157,0.34158,209,0.82147,99,-0.3932,77,-0.7930,125,-0.0363,62,-1.1227
ENSG00000125676,THOC2,34,0.51113,24,-0.0576,22,-0.2159,21,-0.2849,16,-0.6493,25,-0.0305,19,-0.4213,35,0.52111,10,-1.3654,45,0.94488
ENSG00000101966,XIAP,22,-1.3921,79,0.62287,67,0.33874,48,-0.1797,58,0.09737,59,0.13906,42,-0.4086,56,0.05018,68,0.36075,43,-0.3495
ENSG00000101972,STAG2,71,1.11374,35,-0.0769,42,0.21482,15,-1.3219,22,-0.8037,18,-1.0750,18,-1.1187,67,0.99207,18,-1.0870,61,0.82813
ENSG00000102038,SMARCA1,15,-1.3801,57,0.68851,66,0.92523,20,-0.9738,28,-0.4640,48,0.41209,35,-0.1249,33,-0.1788,25,-0.6147,48,0.38304
ENSG00000122126,OCRL,20,-1.3524,76,0.76024,58,0.29767,54,0.19896,61,0.38934,39,-0.3031,34,-0.5427,49,0.02089,38,-0.3759,51,0.09257
ENSG00000188706,ZDHHC9,124,2.31153,36,0.05602,10,-1.8659,19,-0.9075,22,-0.7193,54,0.74319,17,-1.0909,19,-0.8738,26,-0.4271,18,-1.0082
ENSG00000156709,AIFM1,11,-0.8640,24,0.41514,10,-0.9970,21,0.20091,11,-0.7739,20,0.06256,27,0.60310,14,-0.4692,22,0.26742,28,0.61923
ENSG00000134594,RAB33A,32,0.05933,31,-0.0062,54,0.91636,41,0.45947,40,0.40392,38,0.30510,8,-2.0467,9,-1.8018,38,0.33638,19,-0.7551
ENSG00000102078,SLC25A14,10,-1.6068,28,0.02367,48,0.87312,39,0.54392,40,0.59187,30,0.12718,18,-0.6511,12,-1.2738,35,0.36949,19,-0.6156
ENSG00000134597,RBMX2,13,-0.2374,22,0.52778,12,-0.3963,12,-0.4143,20,0.40354,10,-0.6046,14,-0.1096,15,-0.0403,26,0.82894,11,-0.5831
ENSG00000123728,RAP2C,18,0.18068,22,0.47350,13,-0.3207,9,-0.8742,13,-0.3746,20,0.32843,20,0.31556,14,-0.2528,14,-0.2283,19,0.30737
ENSG00000171004,HS6ST2,5,-2.1187,35,0.83805,22,0.07491,29,0.56377,29,0.55446,16,-0.4367,17,-0.3325,8,-1.3467,27,0.45072,19,-0.1231
ENSG00000156531,PHF6,20,-0.2845,24,-0.0242,28,0.21623,30,0.32394,40,0.80590,29,0.29997,16,-0.6573,21,-0.2521,18,-0.4357,17,-0.5302
ENSG00000165704,HPRT1,18,-3.3853,195,0.20916,249,0.60930,235,0.51390,269,0.74080,223,0.42674,150,-0.2121,81,-1.1564,175,0.03577,120,-0.5622
ENSG00000156504,FAM122B,33,-0.4369,48,0.14192,61,0.53391,71,0.78748,49,0.18057,48,0.13476,26,-0.8177,36,-0.3177,53,0.28347,15,-1.6327
ENSG00000134590,RTL8C,246,-0.7961,362,-0.1999,506,0.34090,419,0.03513,624,0.68987,436,0.09952,369,-0.1703,298,-0.5050,393,-0.0679,449,0.14471
ENSG00000203950,RTL8A,46,0.15058,73,0.91103,51,0.31160,46,0.14449,27,-0.6640,62,0.63032,21,-1.0376,30,-0.5255,38,-0.1593,26,-0.7731
ENSG00000196972,SMIM10L2B,9,-2.4822,40,-0.2824,46,-0.0594,51,0.11753,60,0.37164,71,0.66573,66,0.53296,27,-0.8445,47,-0.0123,57,0.31345
ENSG00000178947,SMIM10L2A,4,-3.5048,37,-0.4636,44,-0.1794,73,0.62033,52,0.07728,102,1.21314,40,-0.3415,49,-0.0110,50,0.01565,45,-0.1708
ENSG00000169446,MMGT1,34,-0.1141,52,0.55504,29,-0.3843,44,0.28887,31,-0.2885,49,0.45854,37,0.00411,24,-0.6457,41,0.15811,28,-0.4364
ENSG00000198689,SLC9A6,39,-2.1479,225,0.54133,215,0.46347,205,0.38518,263,0.80587,214,0.45373,110,-0.5989,102,-0.7170,155,-0.0704,88,-0.9413
ENSG00000022267,FHL1,78,-1.2370,279,0.77589,232,0.46231,135,-0.4081,169,-0.0470,236,0.49146,151,-0.2251,129,-0.4760,163,-0.1086,172,-0.0207
ENSG00000102241,HTATSF1,101,0.14554,113,0.32631,85,-0.1284,63,-0.6078,133,0.59359,72,-0.3943,56,-0.7707,79,-0.2458,117,0.37286,106,0.21034
ENSG00000129675,ARHGEF6,22,0.30715,30,0.83605,3,-2.5543,4,-2.3266,15,-0.2671,30,0.79948,17,-0.0921,20,0.17437,9,-1.0976,32,0.89910
ENSG00000147274,RBMX,96,0.59938,69,0.05550,71,0.10547,55,-0.2993,59,-0.1868,60,-0.1739,36,-0.9403,67,0.01493,89,0.47067,63,-0.0800
ENSG00000129682,FGF13,18,-2.2841,149,0.97147,93,0.17983,74,-0.1820,54,-0.6640,109,0.44555,64,-0.4112,71,-0.2425,92,0.15973,106,0.39487
ENSG00000101977,MCF2,0,-6.9610,21,0.45915,25,0.78611,22,0.59341,16,0.09270,25,0.75175,9,-0.7985,8,-0.9754,14,-0.1743,15,-0.0732
ENSG00000203930,LINC00632,40,-1.3583,135,0.52738,53,-0.9350,61,-0.7427,102,0.07234,77,-0.3814,117,0.29504,180,1.01576,117,0.29408,95,-0.0533
ENSG00000182195,LDOC1,70,-0.4612,99,0.07713,149,0.75203,126,0.46117,78,-0.3028,102,0.11400,61,-0.6870,55,-0.8527,79,-0.2823,127,0.47655
ENSG00000179542,SLITRK4,22,-2.2806,116,0.26021,141,0.59485,79,-0.3427,121,0.34199,81,-0.3131,115,0.24606,98,-0.0108,140,0.57377,71,-0.5022
ENSG00000185985,SLITRK2,30,-0.6393,53,0.25800,79,0.92324,35,-0.3911,29,-0.6932,33,-0.5027,34,-0.4384,34,-0.4598,80,0.93775,46,0.01527
ENSG00000102081,FMR1,87,-0.0998,114,0.32583,74,-0.3510,93,0.00020,115,0.35314,86,-0.1158,77,-0.2972,67,-0.5099,96,0.05337,119,0.39792
ENSG00000010404,IDS,374,-1.3633,1026,0.20511,993,0.15168,993,0.15284,1138,0.37505,1049,0.24153,865,-0.0696,1124,0.35452,722,-0.3541,751,-0.2941
ENSG00000269556,TMEM185A,19,-0.1741,15,-0.5378,39,0.94374,34,0.74293,27,0.34233,26,0.31046,5,-2.1686,11,-1.0645,20,-0.1384,21,-0.0727
ENSG00000063601,MTMR1,12,-0.8878,25,0.25264,21,-0.0047,11,-1.0048,30,0.54289,38,0.96074,28,0.43172,17,-0.3642,15,-0.5043,16,-0.4604
ENSG00000102181,CD99L2,91,-0.6658,114,-0.3139,116,-0.2904,203,0.61703,168,0.30221,182,0.43714,153,0.15918,81,-0.8451,147,0.09325,136,-0.0361
ENSG00000029993,HMGB3,5,-2.2388,39,0.72557,23,-0.1511,35,0.53422,23,-0.1632,26,0.03036,36,0.56604,23,-0.1227,26,0.06043,15,-0.7404
ENSG00000160131,VMA21,49,-0.7341,83,0.07575,80,0.01542,126,0.76778,54,-0.6009,98,0.35217,56,-0.5382,69,-0.2138,88,0.17696,87,0.15269
ENSG00000130032,PRRG3,0,-7.1116,12,-0.5881,21,0.27514,15,-0.2184,22,0.36152,34,1.12487,17,-0.0523,10,-0.7616,27,0.75201,15,-0.1893
ENSG00000011677,GABRA3,5,-2.4629,31,0.19505,46,0.84079,49,0.92142,36,0.42993,15,-0.8931,23,-0.2695,24,-0.2024,17,-0.7495,30,0.10091
ENSG00000147400,CETN2,15,-1.8391,40,-0.4234,80,0.69769,45,-0.2507,74,0.56177,62,0.27913,53,0.00837,52,-0.0008,58,0.15748,44,-0.2616
ENSG00000147383,NSDHL,17,-0.1429,21,0.15656,17,-0.1055,20,0.08103,36,1.09605,28,0.67066,10,-1.0039,17,-0.1088,13,-0.4949,7,-1.4766
ENSG00000183837,PNMA3,8,-2.9718,53,-0.1557,71,0.32398,57,-0.0417,103,0.95116,81,0.54091,53,-0.1613,33,-0.8568,55,-0.0927,68,0.25785
ENSG00000235961,PNMA6A,9,-2.9600,61,-0.1033,89,0.52480,80,0.34870,113,0.91968,100,0.71020,54,-0.2741,33,-1.0526,40,-0.7583,69,0.09796
ENSG00000182492,BGN,101,2.16000,12,-1.4256,11,-1.4659,4,-3.0599,3,-3.3252,4,-2.9659,10,-1.6134,21,-0.5409,8,-1.9488,127,2.69067
ENSG00000067842,ATP2B3,10,-2.5598,54,-0.0658,67,0.28292,73,0.40278,57,0.00546,87,0.71201,54,-0.0780,43,-0.4249,58,0.03512,62,0.15604
ENSG00000262919,CCNQ,37,0.00631,34,-0.1336,30,-0.3606,50,0.46412,38,0.03903,48,0.41281,22,-0.8013,20,-0.9434,40,0.09726,54,0.58640
ENSG00000130822,PNCK,36,-1.5056,67,-0.5813,185,1.07091,127,0.42692,87,-0.1743,122,0.36692,67,-0.5828,76,-0.4000,112,0.22743,95,-0.0453
ENSG00000130821,SLC6A8,268,2.23908,79,0.03461,63,-0.3190,48,-0.7378,45,-0.8472,63,-0.3176,55,-0.5314,58,-0.4535,34,-1.2432,61,-0.3890
ENSG00000185825,BCAP31,176,-0.0479,170,-0.1062,191,0.08186,225,0.34755,252,0.53432,164,-0.1593,197,0.12635,147,-0.3370,146,-0.3509,149,-0.3141
ENSG00000067829,IDH3G,62,-0.4013,103,0.39382,89,0.15834,124,0.70435,81,0.01436,73,-0.1621,74,-0.1389,46,-0.8574,77,-0.0788,77,-0.0729
ENSG00000180879,SSR4,206,0.53887,143,-0.0632,209,0.56132,126,-0.2616,134,-0.1627,139,-0.1010,99,-0.6295,146,-0.0277,147,-0.0169,135,-0.1538
ENSG00000067840,PDZD4,89,-0.7097,91,-0.6854,152,0.11971,98,-0.5740,126,-0.1780,124,-0.2065,194,0.52555,252,0.96848,112,-0.3674,171,0.31644
ENSG00000198910,L1CAM,6,-4.1431,134,0.52832,130,0.47353,127,0.43499,128,0.45521,160,0.82488,74,-0.4293,54,-0.9200,103,0.09552,55,-0.8801
ENSG00000102030,NAA10,59,-0.1193,90,0.56463,76,0.27711,52,-0.3269,57,-0.1674,78,0.32827,47,-0.4924,53,-0.2864,73,0.21679,53,-0.3049
ENSG00000172534,HCFC1,35,-0.7250,83,0.62594,52,-0.1227,78,0.53227,59,0.06275,38,-0.6199,44,-0.3932,50,-0.1920,71,0.36721,54,-0.0620
ENSG00000184216,IRAK1,32,0.28670,7,-1.9207,18,-0.6090,36,0.45175,28,0.06337,49,0.99730,36,0.44912,28,0.06920,7,-2.0051,28,0.05837
ENSG00000169057,MECP2,13,-1.7875,48,0.20369,54,0.38130,35,-0.3063,55,0.40181,23,-0.9316,51,0.28248,62,0.61206,41,-0.0581,44,0.04428
ENSG00000196924,FLNA,61,0.53230,20,-1.1954,9,-2.3302,5,-3.1478,11,-2.0544,2,-4.1277,3,-3.8794,18,-1.3634,1,-5.5401,310,4.37617
ENSG00000102119,EMD,36,0.00197,24,-0.6101,49,0.49256,28,-0.3754,31,-0.2045,71,1.13885,33,-0.1105,21,-0.8539,25,-0.5338,40,0.16700
ENSG00000147403,RPL10,1822,1.87813,599,-0.0758,498,-0.3670,377,-0.7964,443,-0.5495,510,-0.3305,408,-0.6775,528,-0.2768,476,-0.4382,620,-0.0209
ENSG00000071553,ATP6AP1,170,-0.6775,307,0.25412,289,0.15401,333,0.38937,386,0.63413,373,0.57476,126,-1.1392,159,-0.7819,241,-0.1363,240,-0.1442
ENSG00000203879,GDI1,388,-0.5551,502,-0.1526,594,0.11513,755,0.51073,831,0.67140,657,0.28071,369,-0.6343,367,-0.6433,506,-0.1400,556,0.01047
ENSG00000071859,FAM50A,132,1.37286,59,0.01401,38,-0.6595,30,-1.0267,75,0.39915,62,0.08606,41,-0.5669,35,-0.8024,62,0.09849,52,-0.1865
ENSG00000196976,LAGE3,44,-1.1011,101,0.18674,105,0.24657,94,0.06785,121,0.48035,117,0.43025,61,-0.5993,56,-0.7486,99,0.15984,101,0.19008
ENSG00000102178,UBL4A,19,-1.5725,48,-0.1527,62,0.23527,86,0.78220,53,-0.0138,85,0.76076,53,-0.0044,33,-0.7564,41,-0.4088,54,0.01261
ENSG00000071889,FAM3A,76,1.13007,61,0.75183,42,0.13532,36,-0.1035,24,-0.7226,22,-0.8886,30,-0.3663,26,-0.6222,34,-0.2103,35,-0.1629
ENSG00000160211,G6PD,29,0.25314,5,-2.3453,23,-0.1664,44,0.92480,27,0.11146,43,0.89919,27,0.14405,19,-0.3948,13,-0.9676,19,-0.4028
ENSG00000269335,IKBKG,19,-0.5915,18,-0.6766,30,0.10364,36,0.41406,27,-0.0741,26,-0.1320,29,0.05107,13,-1.1092,33,0.27094,49,0.91048
ENSG00000130826,DKC1,16,-0.1933,21,0.21215,24,0.42286,15,-0.3241,38,1.21705,13,-0.5625,7,-1.3449,23,0.35860,8,-1.1916,18,-0.0324
ENSG00000130830,MPP1,16,-2.1884,41,-0.7518,68,0.01908,96,0.57411,83,0.33431,117,0.92576,55,-0.3037,54,-0.3518,64,-0.0814,78,0.24416
ENSG00000277203,F8A1,7,-1.4782,46,1.55696,25,0.51471,16,-0.2598,24,0.38532,21,0.23655,6,-1.5915,6,-1.6743,15,-0.2708,18,-0.0431
ENSG00000165775,FUNDC2,77,-0.0924,69,-0.2474,67,-0.3075,104,0.39837,89,0.14887,82,0.00925,89,0.14710,69,-0.2480,89,0.14196,77,-0.0764
ENSG00000185515,BRCC3,10,-0.7052,11,-0.5972,14,-0.2439,21,0.40338,29,0.97315,27,0.83457,14,-0.2068,14,-0.2483,11,-0.5104,10,-0.7073
ENSG00000155959,VBP1,93,0.18649,110,0.46121,71,-0.2407,110,0.45571,103,0.34512,97,0.24871,69,-0.3043,65,-0.3795,67,-0.3470,46,-0.9325
ENSG00000155961,RAB39B,8,-2.2156,42,0.29870,43,0.33189,37,0.09154,69,1.13601,50,0.56514,23,-0.6572,29,-0.2908,20,-0.8284,29,-0.3065
ENSG00000124333,VAMP7,46,0.53872,24,-0.5128,32,-0.0261,27,-0.3226,37,0.19510,41,0.35463,25,-0.3986,21,-0.7166,40,0.30397,36,0.15169
ENSG00000129824,RPS4Y1,139,0.19497,119,-0.0644,161,0.43554,172,0.54197,120,-0.0427,91,-0.4736,83,-0.6285,103,-0.2873,157,0.39485,88,-0.5223
ENSG00000114374,USP9Y,29,-0.6035,58,0.51066,51,0.29196,34,-0.3373,56,0.43863,44,0.06977,31,-0.4689,43,0.00957,53,0.34938,25,-0.7901
ENSG00000067048,DDX3Y,35,-0.0463,39,0.15976,45,0.38232,37,0.07766,16,-1.1926,46,0.41393,20,-0.8675,24,-0.6313,36,0.01032,58,0.78510
ENSG00000165246,NLGN4Y,6,-2.1700,29,0.26070,37,0.65211,37,0.65186,19,-0.4091,41,0.82243,11,-1.2251,27,0.13467,22,-0.1927,19,-0.4130
ENSG00000012817,KDM5D,25,0.17133,27,0.29593,49,1.26734,9,-1.3121,19,-0.2565,20,-0.2424,5,-2.1208,17,-0.4260,21,-0.1096,34,0.65947
ENSG00000198692,EIF1AY,28,0.37027,38,0.83935,17,-0.3887,15,-0.6341,36,0.78437,15,-0.5948,25,0.14296,15,-0.5719,15,-0.6050,20,-0.2128
ENSG00000198888,MT-ND1,14140,-0.3886,16344,-0.1604,10974,-0.7814,10244,-0.8869,10078,-0.9120,11420,-0.7202,28324,0.74196,36260,1.17546,30979,0.89656,11981,-0.6462
ENSG00000198763,MT-ND2,15601,0.05585,11122,-0.4793,10292,-0.5997,9780,-0.6786,6944,-1.2015,7690,-1.0467,24105,0.77734,32272,1.29456,19427,0.41378,13441,-0.1819
ENSG00000198804,MT-CO1,17444,-0.6036,16304,-0.7079,16607,-0.6796,21370,-0.2868,18038,-0.5517,14367,-0.9021,45375,0.95514,43338,0.87498,33971,0.46149,29195,0.21220
ENSG00000198712,MT-CO2,22954,-0.1318,16475,-0.6509,17620,-0.5469,18191,-0.4974,15544,-0.7406,16805,-0.6203,46112,1.03023,41992,0.86627,24695,-0.0152,28921,0.24008
ENSG00000228253,MT-ATP8,311,-1.2409,688,-0.0111,374,-0.9592,366,-0.9919,277,-1.4148,330,-1.1516,988,0.58254,1638,1.47924,1166,0.86536,787,0.20707
ENSG00000198899,MT-ATP6,17988,-0.4511,15831,-0.6493,15470,-0.6850,20530,-0.2437,12751,-0.9812,17464,-0.4971,43248,0.98931,42194,0.94596,26719,0.17774,27116,0.20172
ENSG00000198938,MT-CO3,17792,-0.5541,22385,-0.1943,13133,-1.0204,18235,-0.5159,19403,-0.4191,16329,-0.6868,50652,1.17244,38479,0.69159,31754,0.36987,24744,-0.0349
ENSG00000198840,MT-ND3,11839,-0.7039,14218,-0.4199,11255,-0.7817,12209,-0.6564,12737,-0.5909,12323,-0.6420,31993,0.90830,33072,0.96628,29280,0.75515,16483,-0.1873
ENSG00000212907,MT-ND4L,716,-0.7807,732,-0.7457,793,-0.6221,814,-0.5812,672,-0.8771,608,-1.0284,2060,0.93040,2765,1.46359,1278,0.13042,1346,0.21459
ENSG00000198886,MT-ND4,15999,-0.1122,14129,-0.3087,13229,-0.4119,14526,-0.2650,7475,-1.2870,8491,-1.0941,31696,1.02746,28769,0.85779,16652,-0.0484,20672,0.30147
ENSG00000198786,MT-ND5,2626,-0.1668,1892,-0.6786,1573,-0.9619,1879,-0.6892,1517,-1.0173,1228,-1.3370,5073,0.92266,5743,1.14249,4566,0.74082,3058,0.07650
ENSG00000198695,MT-ND6,143,-0.0217,115,-0.3645,83,-0.8619,68,-1.1718,60,-1.3645,78,-0.9577,285,1.13245,306,1.25987,166,0.21724,147,0.02203
ENSG00000198727,MT-CYB,11815,-0.2260,7860,-0.8590,9502,-0.5668,10384,-0.4287,7634,-0.9037,11124,-0.3208,20937,0.70929,25426,1.04691,15180,0.17514,16319,0.29317
ENSG00000278817,AC007325.4,27,-0.5856,47,0.28587,65,0.81738,60,0.69385,35,-0.1659,35,-0.1774,42,0.12301,26,-0.6191,35,-0.1724,20,-1.0493
